Log for instance aco_tuning_out/inst21.txt.

Used ({'tau_0': 3.023061298280671e-06, 'xi': 0.05271286661722294, 'q0': 0.5077385132207571, 'alpha': 0.4440555976676415, 'beta': 1.176945645340894, 'rho': 0.3517258170055353, 'ants': 22}) and found best instance after 37.15625 seconds.
E1: {(4, 58), (207, 209), (222, 231), (152, 233), (54, 55), (231, 233), (200, 206), (209, 215), (4, 5), (228, 231), (54, 216), (45, 207), (135, 216), (182, 209), (4, 166), (177, 231), (55, 58), (206, 215), (55, 64), (206, 233), (222, 223), (5, 14), (216, 222), (5, 32)}
E2: {(33, 42), (119, 200), (118, 119), (6, 33), (236, 239), (7, 169), (135, 153), (238, 239), (185, 239), (63, 64), (33, 35), (6, 8), (157, 238), (72, 78), (7, 25), (182, 185), (42, 123), (153, 155), (155, 236), (109, 118), (6, 7), (119, 125), (32, 35), (42, 43), (63, 72), (146, 155), (91, 118), (146, 152), (45, 72), (72, 153), (119, 146), (169, 223), (32, 59), (0, 6), (211, 238), (123, 125), (8, 89), (33, 195), (120, 123)}
Obj: 27558

