Log for instance aco_tuning_out/inst18.txt.

Used ({'tau_0': 6.916816029978271e-06, 'xi': 0.13109583259981678, 'q0': 0.7096508529113955, 'alpha': 0.8294099029859726, 'beta': 1.23731470593669, 'rho': 0.12314043168046776, 'ants': 23}) and found best instance after 182.625 seconds.
E1: {(128, 136), (136, 137), (90, 91), (81, 85), (58, 59), (150, 151), (128, 160), (2, 66), (1, 3), (83, 91), (1, 9), (252, 253), (91, 95), (85, 213), (62, 126), (197, 213), (110, 126), (59, 63), (147, 151), (21, 85), (245, 253), (5, 21), (39, 47), (57, 59), (1, 5), (236, 238), (213, 215), (47, 111), (151, 215), (110, 238), (137, 201), (81, 83), (47, 63), (54, 62), (213, 245), (107, 111), (99, 107), (46, 110), (21, 29), (80, 81), (9, 137), (2, 3), (2, 6), (45, 47), (62, 63), (236, 252), (151, 159), (209, 213)}
E2: {(168, 172), (128, 136), (136, 137), (71, 87), (160, 168), (154, 158), (168, 184), (5, 7), (86, 87), (163, 179), (113, 117), (40, 44), (210, 211), (44, 60), (128, 160), (114, 115), (252, 253), (28, 30), (115, 123), (172, 236), (78, 110), (117, 245), (30, 158), (7, 71), (168, 232), (62, 126), (110, 126), (83, 115), (44, 108), (108, 236), (28, 60), (245, 253), (221, 253), (101, 117), (142, 158), (83, 87), (236, 238), (244, 245), (74, 78), (66, 74), (72, 74), (240, 244), (24, 28), (110, 238), (81, 83), (81, 89), (51, 115), (51, 179), (113, 115), (150, 158), (80, 81), (9, 137), (83, 211), (236, 252), (54, 62)}
Obj: 29012

