Log for instance aco_tuning_out/inst15.txt.

Used ({'tau0': 6.895901444357542e-06, 'xi': 0.11930677293557751, 'q0': 0.7766820476791325, 'alpha': 1.762448247826621, 'beta': 0.8740652131662537, 'rho': 0.21713520092331218, 'ants': 13}) and found best instance after 7.21875 seconds.
E1: {(39, 201), (66, 228), (190, 199), (199, 205), (171, 198), (75, 78), (66, 75), (39, 66), (64, 65), (28, 109), (72, 75), (171, 173), (83, 164), (82, 83), (189, 195), (164, 173), (58, 76), (173, 182), (31, 34), (31, 58), (174, 177), (72, 74), (76, 157), (82, 91), (174, 201), (199, 200), (28, 190), (75, 76), (65, 74), (43, 205), (28, 34), (198, 201), (189, 198)}
E2: {(81, 82), (28, 46), (226, 232), (39, 201), (189, 216), (212, 215), (166, 184), (20, 23), (21, 22), (23, 50), (66, 228), (184, 211), (171, 198), (66, 69), (20, 47), (34, 43), (198, 200), (45, 46), (34, 52), (39, 66), (0, 81), (83, 164), (171, 173), (82, 83), (22, 184), (189, 195), (28, 109), (164, 173), (46, 47), (25, 52), (173, 182), (172, 226), (66, 68), (64, 226), (134, 215), (135, 216), (50, 212), (174, 177), (171, 172), (205, 232), (21, 23), (59, 68), (182, 236), (32, 50), (174, 201), (60, 69), (14, 23), (60, 78), (83, 89), (43, 205), (28, 34), (198, 201), (189, 198)}
Obj: 31162

