Log for instance aco_tuning_out/inst12.txt.

Used ({'tau_0': 9.546586330686151e-06, 'xi': 0.07432857356120594, 'q0': 0.39855006298732903, 'alpha': 1.1362553523500754, 'beta': 1.13375631131127, 'rho': 0.39805176799684205, 'ants': 18}) and found best instance after 9.859375 seconds.
E1: {(111, 120), (194, 197), (45, 126), (108, 109), (0, 2), (171, 198), (169, 170), (101, 182), (205, 206), (44, 206), (102, 104), (117, 126), (83, 164), (171, 173), (82, 83), (108, 111), (108, 117), (164, 173), (164, 170), (134, 215), (195, 197), (32, 194), (197, 206), (2, 83), (206, 215), (117, 198), (82, 91), (43, 44), (202, 205), (202, 211), (101, 104), (83, 89), (166, 169), (83, 101), (170, 197)}
E2: {(6, 15), (166, 193), (87, 89), (207, 209), (29, 32), (116, 134), (43, 70), (75, 78), (57, 75), (15, 69), (115, 196), (200, 203), (31, 193), (28, 109), (209, 215), (202, 203), (67, 70), (6, 87), (81, 87), (69, 70), (16, 25), (58, 67), (58, 76), (209, 236), (45, 207), (57, 59), (115, 116), (28, 29), (196, 205), (205, 214), (31, 58), (177, 231), (16, 70), (69, 231), (81, 135), (193, 196), (76, 157), (196, 223), (64, 67), (202, 211), (193, 202), (150, 152), (57, 58), (150, 231), (87, 105), (28, 31), (214, 215), (102, 105)}
Obj: 34144

