Log for instance aco_tuning_out/inst03.txt.

Used ({'tau_0': 9.342356314703797e-06, 'xi': 0.11093798894348852, 'q0': 0.3936504222796646, 'alpha': 1.8613339066625738, 'beta': 0.5900213499937936, 'rho': 0.2538267278899345, 'ants': 22}) and found best instance after 20.15625 seconds.
E1: {(204, 220), (232, 236), (210, 242), (105, 107), (211, 219), (20, 148), (35, 39), (133, 135), (0, 2), (210, 211), (210, 214), (11, 75), (9, 11), (97, 105), (147, 179), (57, 185), (212, 214), (212, 220), (179, 187), (75, 203), (115, 123), (207, 239), (64, 65), (240, 242), (36, 52), (185, 187), (64, 68), (65, 97), (220, 221), (202, 203), (52, 54), (20, 28), (133, 149), (97, 101), (115, 119), (20, 52), (148, 149), (24, 28), (203, 207), (147, 211), (75, 107), (2, 34), (204, 236), (52, 53), (203, 219), (228, 236), (107, 123), (113, 115), (0, 64), (34, 35), (28, 92), (148, 212), (195, 211), (175, 239)}
E2: {(73, 75), (177, 181), (32, 34), (15, 143), (32, 40), (132, 164), (107, 235), (98, 226), (43, 107), (181, 245), (0, 2), (17, 21), (196, 197), (210, 214), (34, 98), (148, 150), (212, 214), (212, 220), (132, 148), (56, 58), (192, 196), (32, 36), (58, 186), (148, 180), (32, 48), (216, 220), (15, 47), (5, 21), (48, 56), (49, 177), (143, 159), (132, 196), (214, 222), (36, 164), (198, 214), (32, 160), (47, 63), (98, 99), (2, 34), (73, 201), (75, 107), (107, 111), (164, 166), (180, 181), (99, 107), (33, 49), (164, 172), (107, 123), (98, 114), (9, 73), (154, 186), (45, 47), (148, 212), (47, 111), (17, 49)}
Obj: 32398

