Log for instance aco_tuning_out/inst06.txt.

Used ({'tau_0': 3.0123184321619356e-06, 'xi': 0.12162366348291398, 'q0': 0.6525057095214953, 'alpha': 0.3418731697773203, 'beta': 1.7855031617760102, 'rho': 0.2482497904794193, 'ants': 32}) and found best instance after 286.15625 seconds.
E1: {(81, 85), (3, 7), (220, 222), (232, 248), (180, 244), (206, 238), (237, 253), (210, 214), (178, 182), (212, 214), (206, 207), (196, 212), (128, 129), (174, 175), (45, 61), (128, 132), (7, 135), (174, 190), (105, 109), (206, 222), (220, 221), (212, 244), (21, 85), (221, 253), (248, 249), (172, 174), (132, 196), (29, 61), (28, 29), (134, 166), (45, 109), (214, 222), (109, 237), (6, 7), (249, 253), (240, 244), (24, 28), (128, 192), (166, 182), (81, 83), (50, 114), (81, 89), (50, 178), (21, 23), (134, 135), (182, 190), (46, 174), (21, 29), (78, 206), (7, 39), (130, 134), (132, 134), (21, 53)}
E2: {(90, 91), (193, 195), (193, 201), (32, 34), (32, 40), (180, 244), (193, 225), (103, 231), (196, 197), (2, 66), (1, 3), (156, 188), (187, 191), (189, 191), (196, 212), (128, 129), (166, 230), (128, 132), (96, 97), (193, 197), (32, 36), (212, 244), (180, 188), (188, 189), (170, 171), (89, 91), (97, 101), (17, 81), (1, 5), (244, 245), (132, 196), (230, 231), (134, 166), (68, 196), (1, 17), (32, 96), (226, 230), (166, 182), (2, 34), (175, 191), (163, 171), (81, 89), (182, 190), (171, 187), (103, 119), (1, 129), (132, 134), (97, 225), (2, 18), (159, 191)}
Obj: 29577

