Log for instance aco_tuning_out/inst09.txt.

Used ({'tau0': 5.7232384546733595e-06, 'xi': 0.1429672685027304, 'q0': 0.57445047410033, 'alpha': 1.4195433954167913, 'beta': 1.4047255855017542, 'rho': 0.4106053256096564, 'ants': 31}) and found best instance after 16.703125 seconds.
E1: {(3, 4), (39, 201), (4, 58), (88, 115), (217, 223), (234, 236), (75, 78), (135, 153), (34, 43), (21, 183), (72, 75), (154, 157), (102, 183), (120, 201), (39, 41), (3, 21), (0, 1), (31, 34), (55, 217), (31, 58), (153, 234), (34, 115), (4, 166), (88, 89), (174, 177), (174, 183), (55, 58), (21, 75), (72, 153), (174, 201), (153, 154), (1, 4), (14, 41)}
E2: {(145, 146), (4, 58), (3, 4), (58, 59), (55, 136), (76, 238), (29, 32), (29, 47), (29, 56), (142, 223), (3, 165), (117, 120), (55, 56), (136, 145), (136, 142), (168, 177), (117, 144), (47, 128), (168, 195), (2, 56), (58, 76), (0, 1), (4, 166), (55, 58), (2, 83), (76, 157), (128, 134), (146, 152), (165, 168), (144, 145), (1, 4), (211, 238), (83, 89), (19, 25), (45, 47), (1, 19)}
Obj: 28518

