Log for instance aco_tuning_out/inst30.txt.

Used ({'tau_0': 3.0612586277534457e-06, 'xi': 0.1329622135219483, 'q0': 0.7756772068120196, 'alpha': 1.8931956829423289, 'beta': 1.9972080014998133, 'rho': 0.18753105830604566, 'ants': 22}) and found best instance after 26.0625 seconds.
E1: {(39, 201), (18, 20), (118, 119), (236, 242), (13, 14), (189, 191), (152, 233), (35, 197), (200, 206), (83, 164), (30, 39), (82, 83), (189, 195), (191, 197), (3, 21), (20, 101), (3, 30), (233, 242), (164, 191), (19, 20), (238, 241), (39, 120), (197, 206), (174, 177), (128, 134), (32, 35), (18, 21), (119, 128), (91, 118), (64, 67), (13, 40), (206, 233), (174, 201), (39, 40), (82, 109), (21, 102), (211, 238), (19, 25), (13, 67), (101, 128), (0, 18), (83, 101), (241, 242)}
E2: {(166, 175), (179, 206), (4, 58), (226, 229), (55, 136), (228, 229), (179, 233), (1, 55), (178, 179), (20, 47), (100, 101), (175, 229), (152, 233), (1, 82), (218, 236), (200, 206), (136, 145), (47, 128), (58, 76), (0, 1), (20, 101), (55, 217), (64, 226), (195, 197), (118, 145), (19, 20), (197, 206), (109, 118), (174, 177), (76, 157), (128, 134), (91, 118), (145, 226), (174, 201), (201, 228), (217, 218), (82, 100), (135, 136), (1, 4), (19, 25), (45, 47), (175, 178), (20, 182)}
Obj: 35004

