Log for instance aco_tuning_out/inst30.txt.

Used ({'tau0': 3.5413625395276035e-06, 'xi': 0.13677021617214064, 'q0': 0.40454797157881806, 'alpha': 1.9054287973649844, 'beta': 1.2761266989533575, 'rho': 0.43117638553854254, 'ants': 24}) and found best instance after 10.65625 seconds.
E1: {(226, 232), (226, 229), (55, 136), (151, 232), (31, 32), (148, 151), (84, 102), (162, 189), (16, 178), (66, 75), (132, 133), (151, 152), (121, 148), (72, 75), (136, 145), (81, 84), (189, 195), (147, 148), (16, 25), (118, 121), (31, 40), (118, 145), (198, 199), (66, 147), (72, 74), (120, 121), (151, 160), (91, 118), (55, 64), (109, 136), (0, 162), (74, 236), (81, 162), (229, 238), (178, 232), (199, 200), (14, 17), (211, 238), (133, 160), (132, 134), (118, 199), (40, 121), (189, 198), (177, 178), (16, 17)}
E2: {(166, 175), (136, 137), (55, 136), (66, 228), (125, 134), (73, 154), (66, 75), (172, 178), (151, 152), (44, 206), (34, 52), (200, 206), (34, 61), (72, 75), (136, 145), (73, 74), (154, 157), (145, 151), (0, 18), (136, 154), (180, 182), (25, 52), (135, 137), (66, 68), (172, 226), (195, 197), (118, 145), (18, 180), (197, 206), (72, 74), (41, 44), (55, 61), (21, 75), (18, 21), (109, 136), (55, 64), (91, 118), (74, 236), (45, 72), (145, 226), (41, 68), (44, 125), (175, 178), (177, 178)}
Obj: 35904

