Log for instance aco_tuning_out/inst09.txt.

Used ({'tau_0': 1.6998009274389792e-06, 'xi': 0.07574288908876978, 'q0': 0.3437997878588728, 'alpha': 0.9960324515524092, 'beta': 0.6033193519507508, 'rho': 0.22849098583736227, 'ants': 30}) and found best instance after 22.25 seconds.
E1: {(176, 185), (169, 170), (236, 239), (238, 239), (0, 81), (185, 239), (24, 78), (97, 178), (96, 97), (157, 238), (90, 96), (81, 90), (24, 105), (166, 169), (169, 178), (102, 105), (175, 176), (89, 170), (175, 178), (81, 135), (178, 205), (96, 105), (14, 176), (169, 223), (96, 123), (43, 205), (177, 178), (120, 123)}
E2: {(120, 129), (58, 59), (0, 27), (88, 115), (31, 32), (179, 233), (178, 179), (130, 133), (152, 233), (115, 196), (130, 157), (133, 134), (7, 25), (88, 169), (31, 34), (129, 130), (169, 178), (27, 30), (31, 58), (34, 115), (88, 89), (130, 211), (27, 45), (7, 88), (169, 223), (195, 196), (166, 169), (30, 31), (177, 178), (115, 133)}
Obj: 25510

