Log for instance aco_tuning_out/inst15.txt.

Used ({'tau_0': 5.726334506587264e-06, 'xi': 0.09378720394945064, 'q0': 0.4650245999867171, 'alpha': 1.6109205787989367, 'beta': 0.9785683305047798, 'rho': 0.3960780669283891, 'ants': 24}) and found best instance after 9.8125 seconds.
E1: {(123, 204), (109, 190), (99, 100), (228, 229), (96, 177), (190, 199), (199, 205), (69, 150), (43, 70), (195, 204), (67, 229), (67, 70), (99, 105), (180, 182), (69, 70), (67, 76), (91, 100), (76, 157), (123, 150), (96, 105), (64, 67), (199, 200), (69, 78), (96, 123), (99, 180), (204, 205)}
E2: {(231, 240), (33, 42), (226, 229), (162, 171), (162, 168), (171, 177), (166, 193), (24, 51), (171, 180), (33, 51), (87, 89), (39, 42), (217, 226), (236, 239), (87, 168), (198, 200), (185, 239), (218, 236), (186, 213), (30, 39), (136, 145), (204, 231), (213, 240), (180, 182), (168, 186), (237, 240), (228, 237), (134, 215), (64, 226), (118, 145), (45, 51), (213, 215), (30, 32), (109, 118), (24, 25), (42, 43), (78, 240), (23, 185), (237, 239), (0, 162), (193, 202), (202, 211), (145, 226), (217, 218), (135, 136), (14, 23), (202, 229), (56, 218), (42, 204), (33, 195), (198, 204), (56, 59)}
Obj: 30379

