Log for instance aco_tuning_out/inst30.txt.

Used ({'tau0': 1.944733890460195e-06, 'xi': 0.10406489729971813, 'q0': 0.5015133780289627, 'alpha': 0.48372224880231074, 'beta': 1.7691019222478264, 'rho': 0.4010581607160818, 'ants': 21}) and found best instance after 33.90625 seconds.
E1: {(93, 102), (145, 146), (92, 119), (93, 120), (171, 177), (146, 227), (64, 145), (92, 146), (5, 86), (227, 236), (192, 193), (4, 5), (90, 93), (200, 227), (0, 1), (112, 193), (86, 113), (109, 112), (110, 113), (110, 119), (192, 195), (128, 134), (119, 128), (90, 92), (146, 152), (193, 211), (5, 14), (112, 113), (90, 171), (1, 4), (91, 145), (19, 25), (5, 32), (1, 19)}
E2: {(4, 58), (3, 4), (171, 177), (125, 134), (64, 145), (190, 199), (190, 196), (190, 208), (76, 79), (125, 152), (45, 46), (136, 139), (136, 145), (172, 199), (171, 225), (124, 125), (118, 124), (58, 76), (209, 236), (118, 145), (182, 209), (4, 166), (109, 118), (25, 79), (76, 157), (46, 208), (171, 172), (208, 209), (135, 136), (58, 139), (199, 200), (225, 228), (0, 3), (91, 145), (195, 196), (118, 199)}
Obj: 30872

