Log for instance aco_tuning_out/inst03.txt.

Used ({'tau_0': 5.432541354150304e-06, 'xi': 0.1098768506848867, 'q0': 0.588663995987506, 'alpha': 1.0903417143977059, 'beta': 1.0292353817624138, 'rho': 0.37868431591672963, 'ants': 31}) and found best instance after 26.53125 seconds.
E1: {(76, 92), (232, 236), (108, 109), (211, 219), (101, 109), (210, 211), (39, 167), (17, 21), (54, 55), (76, 204), (202, 203), (220, 221), (108, 236), (92, 220), (21, 149), (167, 175), (17, 81), (113, 241), (9, 25), (195, 203), (53, 55), (135, 167), (65, 81), (200, 202), (24, 25), (240, 241), (55, 119), (81, 83), (203, 207), (147, 211), (171, 175), (20, 21), (76, 108), (203, 219), (228, 236), (38, 39), (200, 232), (171, 187), (25, 57), (38, 54), (81, 113), (17, 25), (36, 38), (83, 211), (21, 53), (68, 76)}
E2: {(177, 181), (32, 34), (132, 164), (193, 201), (32, 40), (107, 235), (98, 226), (108, 109), (43, 107), (181, 245), (150, 151), (164, 180), (216, 218), (210, 211), (1, 9), (34, 98), (160, 164), (192, 193), (45, 61), (192, 196), (0, 32), (193, 197), (32, 36), (1, 33), (154, 218), (61, 63), (180, 182), (32, 48), (14, 15), (0, 1), (17, 81), (1, 5), (132, 196), (76, 78), (45, 109), (1, 17), (32, 160), (81, 83), (98, 99), (180, 181), (166, 182), (76, 108), (107, 111), (99, 107), (164, 172), (14, 78), (107, 123), (98, 114), (218, 222), (210, 218), (196, 198), (109, 111), (83, 211), (150, 182), (151, 159)}
Obj: 30359

