Log for instance aco_tuning_out/inst15.txt.

Used ({'tau0': 2.3890526897386258e-06, 'xi': 0.09728269253474063, 'q0': 0.5264084644635578, 'alpha': 0.34480659763074994, 'beta': 1.2781748892293714, 'rho': 0.12380145068388254, 'ants': 25}) and found best instance after 171.0 seconds.
E1: {(72, 73), (171, 198), (204, 231), (73, 76), (199, 200), (55, 136), (171, 177), (228, 231), (37, 199), (118, 199), (195, 204), (136, 145), (91, 145), (198, 204), (37, 43), (64, 145), (171, 173), (72, 78), (173, 182), (118, 145), (198, 199), (109, 118), (76, 157), (55, 73)}
E2: {(171, 198), (227, 230), (131, 134), (57, 75), (153, 155), (57, 59), (54, 72), (173, 227), (83, 89), (198, 201), (162, 165), (190, 199), (75, 78), (201, 202), (3, 12), (22, 25), (3, 21), (45, 48), (202, 205), (32, 50), (128, 155), (204, 205), (101, 128), (43, 205), (109, 190), (54, 135), (162, 171), (21, 22), (0, 54), (195, 204), (190, 217), (198, 200), (54, 55), (227, 236), (54, 57), (3, 57), (228, 230), (12, 14), (202, 211), (48, 75), (171, 173), (165, 166), (177, 204), (173, 182), (48, 50), (55, 217), (198, 199), (128, 131), (55, 64), (72, 153), (83, 101)}
Obj: 28550

