Log for instance aco_tuning_out/inst15.txt.

Used ({'tau_0': 9.375317187382458e-06, 'xi': 0.1262899054888864, 'q0': 0.7055217120426633, 'alpha': 1.8010444237149952, 'beta': 1.3070739401200755, 'rho': 0.0819059266997208, 'ants': 15}) and found best instance after 23.34375 seconds.
E1: {(226, 229), (175, 202), (228, 229), (199, 205), (176, 185), (195, 204), (199, 226), (148, 229), (51, 52), (182, 185), (177, 204), (64, 226), (205, 214), (175, 176), (109, 118), (91, 118), (199, 200), (202, 229), (51, 78), (204, 205), (118, 199), (43, 205), (148, 157), (52, 214)}
E2: {(45, 126), (226, 229), (5, 59), (162, 168), (228, 229), (126, 132), (199, 205), (51, 132), (5, 86), (199, 226), (81, 84), (209, 215), (168, 177), (51, 52), (84, 86), (86, 89), (168, 195), (25, 52), (81, 108), (209, 236), (108, 126), (134, 215), (64, 226), (182, 209), (205, 214), (109, 118), (81, 135), (85, 166), (0, 162), (211, 214), (81, 162), (199, 200), (5, 14), (51, 78), (85, 86), (118, 199), (5, 32), (214, 215), (43, 205), (52, 214)}
Obj: 24868

