Log for instance aco_tuning_out/inst30.txt.

Used ({'tau0': 6.293660666238772e-06, 'xi': 0.0765998967889499, 'q0': 0.6265340995784354, 'alpha': 0.31196112568590606, 'beta': 0.6324794380700602, 'rho': 0.3069899243645694, 'ants': 19}) and found best instance after 51.53125 seconds.
E1: {(33, 42), (92, 119), (119, 200), (175, 202), (118, 119), (64, 145), (97, 151), (39, 42), (40, 41), (84, 102), (16, 178), (236, 242), (134, 161), (161, 242), (0, 81), (97, 178), (160, 161), (81, 84), (145, 151), (16, 25), (40, 202), (81, 90), (118, 145), (39, 120), (109, 118), (151, 160), (90, 92), (91, 118), (202, 211), (32, 41), (39, 40), (152, 161), (33, 195), (175, 178), (14, 41), (177, 178)}
E2: {(166, 175), (81, 82), (72, 73), (179, 206), (73, 154), (176, 185), (178, 179), (16, 178), (236, 242), (134, 161), (161, 242), (0, 81), (185, 239), (157, 160), (200, 206), (160, 161), (154, 160), (16, 25), (136, 154), (182, 185), (228, 237), (195, 197), (175, 176), (197, 206), (81, 135), (64, 73), (82, 91), (237, 239), (45, 72), (239, 242), (82, 109), (152, 161), (175, 178), (82, 136), (177, 178)}
Obj: 30444

