Log for instance aco_tuning_out/inst27.txt.

Used ({'tau_0': 6.7016855702575265e-06, 'xi': 0.11061032973207813, 'q0': 0.8522979141088549, 'alpha': 0.9933756089527778, 'beta': 1.0108153997499625, 'rho': 0.20257431029412304, 'ants': 17}) and found best instance after 15.15625 seconds.
E1: {(154, 155), (55, 63), (105, 107), (108, 109), (155, 187), (146, 154), (43, 107), (52, 116), (0, 2), (87, 95), (121, 249), (187, 191), (54, 55), (174, 175), (76, 204), (249, 251), (100, 116), (143, 175), (23, 55), (174, 190), (128, 132), (105, 109), (52, 54), (142, 143), (128, 144), (105, 121), (221, 253), (29, 31), (52, 60), (144, 146), (31, 95), (187, 251), (27, 155), (213, 215), (213, 221), (36, 100), (63, 191), (100, 228), (174, 238), (249, 253), (175, 191), (2, 34), (107, 111), (76, 108), (23, 87), (0, 128), (113, 121), (2, 3), (39, 55), (30, 31), (250, 251), (209, 213)}
E2: {(105, 107), (243, 251), (108, 109), (125, 253), (216, 218), (0, 2), (101, 109), (147, 179), (253, 255), (198, 206), (56, 58), (249, 251), (109, 125), (6, 14), (240, 242), (202, 206), (105, 109), (10, 42), (128, 144), (198, 230), (221, 253), (14, 15), (14, 30), (48, 56), (179, 183), (10, 14), (2, 10), (76, 78), (123, 251), (166, 167), (249, 253), (55, 183), (56, 57), (13, 141), (55, 119), (226, 230), (218, 250), (107, 111), (76, 108), (42, 58), (14, 78), (78, 206), (0, 128), (167, 183), (179, 243), (242, 250), (13, 15), (250, 251)}
Obj: 28414

