Log for instance aco_tuning_out/inst03.txt.

Used ({'tau0': 4.4510989038433445e-06, 'xi': 0.08945606202546638, 'q0': 0.47345622448593194, 'alpha': 1.2900775735272525, 'beta': 0.7464788134566036, 'rho': 0.4234734074527042, 'ants': 18}) and found best instance after 16.609375 seconds.
E1: {(204, 220), (232, 236), (210, 242), (16, 20), (128, 136), (136, 137), (193, 195), (68, 100), (228, 244), (39, 103), (135, 199), (49, 53), (36, 37), (187, 191), (37, 39), (240, 242), (36, 52), (220, 221), (194, 202), (202, 203), (52, 54), (147, 151), (49, 113), (0, 16), (20, 52), (149, 151), (195, 203), (36, 100), (100, 228), (240, 244), (16, 24), (175, 191), (203, 207), (204, 236), (52, 53), (194, 210), (228, 236), (203, 219), (0, 128), (9, 137), (103, 119), (49, 57), (195, 199), (135, 151), (65, 193), (37, 101), (92, 220), (159, 191), (151, 159)}
E2: {(177, 181), (41, 43), (32, 40), (171, 235), (154, 158), (98, 226), (107, 235), (156, 158), (193, 201), (43, 171), (181, 245), (164, 180), (0, 2), (216, 218), (40, 41), (17, 21), (34, 98), (148, 150), (157, 159), (53, 181), (132, 148), (148, 156), (192, 193), (45, 61), (6, 14), (0, 32), (9, 41), (192, 196), (32, 36), (1, 33), (41, 45), (148, 180), (156, 157), (61, 63), (154, 218), (193, 197), (32, 48), (14, 15), (0, 1), (5, 21), (1, 5), (132, 196), (36, 164), (32, 160), (2, 34), (164, 166), (107, 111), (99, 107), (164, 172), (98, 114), (218, 222), (210, 218), (196, 198), (114, 122), (2, 6), (122, 123), (21, 53)}
Obj: 33036

