Log for instance aco_tuning_out/inst21.txt.

Used ({'tau_0': 1.774794369235601e-06, 'xi': 0.05178086251934671, 'q0': 0.765199417754037, 'alpha': 1.7110920267750438, 'beta': 1.3090193389783644, 'rho': 0.2964096563219366, 'ants': 12}) and found best instance after 5.03125 seconds.
E1: {(166, 175), (226, 232), (226, 229), (39, 201), (14, 68), (175, 202), (29, 32), (29, 38), (83, 137), (29, 47), (171, 198), (20, 47), (205, 206), (45, 46), (39, 66), (201, 202), (200, 206), (223, 232), (83, 164), (171, 173), (164, 173), (46, 47), (36, 198), (135, 137), (66, 68), (64, 226), (174, 177), (137, 146), (205, 232), (146, 152), (174, 201), (202, 229), (174, 228), (36, 38), (198, 201), (20, 182)}
E2: {(81, 82), (136, 137), (115, 142), (3, 4), (4, 58), (162, 171), (226, 229), (175, 202), (58, 59), (43, 52), (190, 199), (97, 151), (29, 32), (208, 214), (112, 115), (83, 137), (171, 198), (190, 208), (142, 223), (199, 226), (45, 46), (162, 216), (97, 178), (96, 97), (83, 164), (81, 84), (82, 83), (171, 173), (136, 145), (136, 142), (195, 222), (79, 160), (157, 238), (164, 173), (36, 198), (78, 79), (153, 155), (191, 200), (173, 182), (64, 226), (118, 145), (238, 241), (153, 234), (109, 112), (27, 36), (25, 79), (72, 74), (46, 208), (151, 160), (146, 155), (91, 118), (0, 162), (146, 152), (74, 236), (72, 153), (190, 191), (135, 136), (120, 123), (96, 123), (3, 84), (216, 222), (202, 229), (79, 241), (83, 89), (211, 238), (118, 199), (27, 29), (216, 234), (175, 178), (52, 214)}
Obj: 36472

