Log for instance aco_tuning_out/inst18.txt.

Used ({'tau0': 5.998921288673613e-06, 'xi': 0.12799050366072715, 'q0': 0.730921478054052, 'alpha': 1.5055228070199218, 'beta': 0.3739261379740735, 'rho': 0.1599798192967875, 'ants': 28}) and found best instance after 47.0 seconds.
E1: {(99, 103), (81, 85), (58, 62), (150, 151), (0, 2), (39, 103), (128, 160), (2, 66), (1, 3), (1, 9), (244, 252), (110, 111), (62, 126), (14, 46), (209, 213), (6, 14), (85, 213), (45, 61), (197, 213), (26, 90), (61, 63), (147, 151), (0, 1), (31, 95), (103, 111), (31, 159), (46, 62), (10, 14), (1, 5), (244, 245), (2, 10), (29, 61), (213, 215), (110, 238), (151, 215), (137, 201), (213, 245), (46, 110), (80, 81), (26, 58), (0, 128), (9, 137), (57, 61), (62, 63), (31, 63), (151, 159), (54, 62)}
E2: {(72, 76), (99, 103), (146, 154), (101, 103), (60, 62), (86, 87), (99, 115), (0, 2), (128, 160), (176, 240), (210, 211), (87, 95), (114, 115), (2, 66), (252, 253), (114, 118), (1, 9), (221, 223), (115, 123), (142, 174), (62, 126), (146, 150), (72, 200), (83, 115), (25, 89), (160, 176), (245, 253), (221, 253), (0, 1), (95, 223), (176, 184), (46, 62), (83, 87), (1, 5), (172, 174), (76, 78), (9, 25), (54, 118), (24, 25), (110, 238), (146, 210), (108, 110), (81, 83), (42, 46), (81, 89), (162, 163), (76, 108), (51, 115), (46, 110), (30, 62), (200, 232), (40, 42), (113, 115), (46, 174), (80, 81), (0, 128), (83, 211), (160, 162), (54, 62)}
Obj: 30026

