Log for instance aco_tuning_out/inst27.txt.

Used ({'tau0': 7.812894719628246e-06, 'xi': 0.0766649900567211, 'q0': 0.3937027431240757, 'alpha': 1.3517471324904988, 'beta': 1.9563494025351882, 'rho': 0.17338412974172868, 'ants': 20}) and found best instance after 119.234375 seconds.
E1: {(55, 63), (25, 29), (58, 59), (27, 59), (60, 62), (0, 2), (186, 250), (142, 174), (110, 111), (23, 55), (128, 132), (145, 209), (174, 190), (81, 209), (59, 63), (58, 186), (128, 144), (211, 215), (116, 118), (39, 47), (236, 238), (54, 118), (217, 249), (209, 211), (110, 238), (25, 27), (47, 63), (209, 217), (2, 34), (54, 62), (204, 236), (59, 187), (144, 145), (38, 39), (228, 236), (43, 59), (217, 221), (30, 62), (0, 128), (154, 186), (81, 113), (2, 3), (34, 38), (186, 190), (36, 38), (62, 63), (47, 111)}
E2: {(119, 127), (105, 107), (58, 59), (15, 143), (50, 58), (38, 166), (144, 208), (97, 105), (242, 243), (186, 250), (123, 127), (240, 242), (6, 14), (58, 186), (125, 127), (14, 15), (127, 255), (208, 216), (216, 217), (57, 59), (48, 50), (97, 101), (14, 30), (10, 14), (2, 10), (208, 240), (111, 127), (145, 147), (59, 123), (2, 34), (107, 111), (226, 242), (141, 143), (144, 145), (217, 221), (34, 38), (242, 250), (10, 74), (74, 202), (34, 50)}
Obj: 25767

