Log for instance aco_tuning_out/inst06.txt.

Used ({'tau0': 5.27015365896669e-06, 'xi': 0.12993599333145528, 'q0': 0.31614692226037566, 'alpha': 1.9457803192705339, 'beta': 1.0826765605366773, 'rho': 0.462237565316319, 'ants': 26}) and found best instance after 14.875 seconds.
E1: {(128, 130), (52, 180), (0, 2), (38, 166), (210, 211), (233, 237), (129, 131), (135, 199), (114, 115), (210, 214), (89, 217), (34, 98), (212, 214), (131, 135), (78, 110), (56, 58), (174, 175), (85, 213), (174, 190), (10, 42), (83, 115), (52, 54), (173, 237), (6, 38), (24, 56), (199, 207), (38, 46), (212, 213), (83, 87), (172, 174), (2, 10), (214, 222), (45, 173), (240, 241), (209, 211), (110, 238), (241, 249), (128, 192), (105, 233), (209, 217), (2, 34), (52, 53), (46, 110), (173, 175), (42, 58), (38, 39), (46, 174), (98, 114), (130, 131), (23, 87), (217, 221), (38, 54), (0, 128), (209, 241), (2, 3), (34, 38), (83, 211), (232, 233)}
E2: {(193, 195), (193, 201), (3, 7), (101, 103), (5, 7), (197, 229), (64, 96), (38, 166), (40, 44), (193, 225), (225, 227), (89, 217), (2, 66), (156, 188), (187, 191), (212, 214), (189, 191), (192, 193), (166, 174), (64, 68), (128, 132), (174, 190), (193, 197), (163, 227), (201, 217), (188, 189), (180, 188), (44, 172), (86, 214), (229, 245), (97, 101), (17, 81), (170, 174), (172, 174), (2, 10), (74, 90), (226, 227), (128, 192), (175, 191), (64, 192), (2, 34), (81, 89), (129, 193), (66, 70), (103, 119), (70, 86), (34, 38), (68, 70), (97, 225), (227, 231), (10, 74), (2, 18), (36, 38), (2, 3), (159, 191), (172, 188)}
Obj: 33460

