Log for instance aco_tuning_out/inst24.txt.

Used ({'tau_0': 8.037069826251222e-06, 'xi': 0.09645020294268639, 'q0': 0.6378636958577493, 'alpha': 1.5874523603304216, 'beta': 1.117749324798499, 'rho': 0.3122873583242921, 'ants': 22}) and found best instance after 14.5 seconds.
E1: {(76, 92), (128, 130), (15, 79), (42, 106), (90, 94), (99, 103), (171, 235), (32, 40), (146, 154), (12, 13), (13, 45), (43, 107), (43, 171), (0, 2), (242, 243), (252, 253), (187, 191), (122, 250), (253, 255), (56, 58), (240, 242), (10, 42), (128, 144), (12, 76), (221, 253), (78, 79), (191, 255), (144, 146), (31, 95), (78, 94), (31, 159), (139, 171), (106, 107), (2, 10), (76, 78), (106, 122), (56, 57), (13, 141), (32, 160), (2, 34), (79, 95), (76, 108), (99, 107), (71, 103), (190, 191), (94, 126), (42, 58), (171, 187), (40, 42), (0, 128), (122, 126), (242, 250)}
E2: {(140, 156), (55, 63), (42, 106), (193, 195), (26, 30), (196, 228), (18, 26), (156, 158), (165, 167), (167, 231), (196, 197), (146, 178), (1, 3), (187, 191), (114, 118), (172, 236), (158, 222), (53, 181), (30, 158), (174, 175), (166, 174), (88, 90), (197, 213), (85, 213), (146, 147), (10, 42), (193, 197), (26, 90), (28, 60), (191, 255), (88, 120), (144, 146), (165, 181), (118, 246), (1, 5), (172, 174), (2, 10), (166, 167), (230, 231), (213, 221), (88, 89), (55, 183), (226, 230), (175, 191), (18, 146), (2, 34), (230, 246), (180, 181), (140, 172), (228, 236), (236, 237), (2, 3), (167, 183), (2, 18), (28, 156)}
Obj: 31597

