Log for instance aco_tuning_out/inst30.txt.

Used ({'tau0': 7.35696843598511e-06, 'xi': 0.13099405837312028, 'q0': 0.39430175087041053, 'alpha': 1.838983583452214, 'beta': 0.7213281426644318, 'rho': 0.11968092308615733, 'ants': 31}) and found best instance after 94.828125 seconds.
E1: {(162, 171), (20, 23), (162, 168), (171, 177), (125, 134), (208, 211), (29, 32), (10, 64), (29, 47), (171, 198), (20, 47), (125, 152), (117, 123), (10, 91), (200, 209), (168, 195), (209, 236), (19, 20), (109, 118), (117, 198), (91, 118), (0, 162), (21, 23), (208, 209), (14, 23), (21, 102), (47, 209), (123, 125), (19, 25), (10, 19), (117, 118), (120, 123)}
E2: {(162, 165), (162, 171), (128, 209), (162, 168), (118, 119), (171, 177), (125, 134), (19, 73), (135, 144), (20, 47), (125, 152), (200, 209), (171, 225), (165, 166), (47, 128), (168, 195), (144, 146), (209, 236), (19, 20), (148, 149), (144, 225), (109, 118), (119, 125), (146, 149), (119, 128), (91, 118), (64, 73), (0, 162), (119, 146), (225, 228), (19, 25), (45, 47), (148, 157), (20, 182)}
Obj: 28086

