Log for instance aco_tuning_out/inst24.txt.

Used ({'tau0': 4.4510989038433445e-06, 'xi': 0.08945606202546638, 'q0': 0.47345622448593194, 'alpha': 1.2900775735272525, 'beta': 0.7464788134566036, 'rho': 0.4234734074527042, 'ants': 18}) and found best instance after 11.1875 seconds.
E1: {(76, 92), (136, 137), (137, 139), (107, 235), (58, 62), (44, 45), (50, 58), (190, 254), (43, 171), (126, 254), (40, 44), (0, 2), (40, 56), (252, 253), (187, 191), (122, 250), (179, 187), (253, 255), (56, 58), (62, 126), (177, 241), (58, 122), (160, 176), (44, 108), (12, 76), (221, 253), (176, 178), (191, 255), (14, 15), (127, 255), (103, 111), (10, 14), (2, 10), (130, 138), (106, 122), (138, 154), (144, 176), (240, 241), (136, 138), (56, 57), (111, 127), (2, 34), (50, 178), (107, 111), (76, 108), (71, 103), (126, 127), (171, 187), (176, 177), (90, 122), (179, 243), (140, 141), (10, 138), (34, 50), (159, 191), (136, 140)}
E2: {(119, 127), (90, 91), (55, 63), (98, 226), (182, 183), (205, 237), (60, 62), (151, 183), (0, 2), (126, 254), (187, 191), (34, 98), (178, 182), (53, 181), (205, 221), (62, 126), (87, 119), (180, 182), (98, 106), (147, 151), (181, 183), (176, 178), (191, 255), (89, 91), (127, 255), (0, 1), (165, 181), (1, 5), (2, 10), (106, 122), (230, 231), (85, 87), (222, 254), (144, 176), (226, 227), (55, 183), (226, 230), (56, 60), (175, 191), (166, 182), (2, 34), (228, 230), (195, 227), (228, 236), (126, 127), (98, 114), (90, 122), (236, 237), (122, 126), (62, 63), (56, 120)}
Obj: 30511

