Log for instance aco_tuning_out/inst03.txt.

Used ({'tau0': 2.924453704862743e-06, 'xi': 0.10102715591656777, 'q0': 0.8483785554218048, 'alpha': 1.0515532863745962, 'beta': 0.39867352753450425, 'rho': 0.28727195311451986, 'ants': 26}) and found best instance after 34.0625 seconds.
E1: {(76, 92), (105, 107), (99, 103), (108, 109), (211, 219), (228, 244), (39, 103), (201, 233), (210, 211), (8, 9), (17, 21), (97, 105), (244, 246), (252, 253), (187, 191), (8, 24), (244, 252), (198, 206), (206, 207), (76, 204), (96, 97), (202, 206), (105, 109), (32, 36), (65, 97), (147, 151), (232, 233), (221, 253), (118, 246), (49, 113), (97, 101), (143, 159), (198, 199), (76, 78), (230, 231), (149, 151), (97, 113), (54, 118), (199, 231), (240, 244), (32, 96), (105, 233), (137, 201), (230, 246), (175, 191), (76, 108), (20, 21), (99, 107), (78, 206), (143, 207), (9, 137), (103, 119), (195, 199), (49, 57), (135, 151), (21, 53), (195, 211), (68, 76), (159, 191), (151, 159), (17, 49)}
E2: {(128, 136), (136, 137), (105, 107), (154, 158), (15, 143), (171, 235), (108, 109), (32, 40), (180, 244), (43, 107), (43, 171), (216, 218), (128, 160), (210, 211), (17, 21), (114, 115), (244, 246), (34, 98), (115, 123), (198, 206), (158, 222), (45, 61), (192, 196), (0, 32), (32, 33), (166, 230), (105, 109), (206, 222), (83, 115), (32, 36), (61, 63), (142, 143), (32, 48), (142, 158), (49, 177), (5, 21), (143, 159), (198, 199), (132, 196), (244, 245), (76, 78), (230, 231), (45, 109), (199, 231), (226, 230), (128, 192), (230, 246), (98, 99), (137, 201), (33, 49), (76, 108), (107, 111), (140, 172), (99, 107), (98, 114), (78, 206), (150, 158), (218, 222), (0, 128), (9, 137), (196, 198), (197, 199), (83, 211), (136, 140), (17, 49)}
Obj: 34819

