Log for instance aco_tuning_out/inst15.txt.

Used ({'tau_0': 6.1953877645287985e-06, 'xi': 0.12592428493863295, 'q0': 0.5371346552036473, 'alpha': 0.6164150020009103, 'beta': 1.0047990339648631, 'rho': 0.10018538445968772, 'ants': 21}) and found best instance after 204.5625 seconds.
E1: {(43, 205), (231, 240), (64, 145), (199, 205), (199, 208), (195, 204), (154, 157), (200, 209), (204, 231), (145, 154), (228, 231), (177, 204), (118, 145), (182, 209), (109, 118), (78, 240), (91, 118), (208, 209), (204, 205), (118, 199)}
E2: {(175, 202), (74, 155), (72, 75), (30, 39), (89, 143), (182, 209), (21, 75), (136, 137), (75, 78), (140, 143), (13, 14), (3, 21), (3, 30), (24, 25), (201, 204), (72, 74), (202, 205), (128, 155), (204, 205), (43, 205), (39, 201), (195, 204), (136, 145), (21, 24), (135, 137), (128, 134), (202, 211), (137, 155), (74, 236), (166, 175), (128, 209), (64, 145), (59, 140), (200, 209), (177, 204), (13, 175), (118, 145), (30, 32), (109, 118), (137, 143), (45, 72), (201, 228), (0, 3)}
Obj: 24321

