Log for instance aco_tuning_out/inst24.txt.

Used ({'tau_0': 5.498217034018323e-06, 'xi': 0.07476910638285614, 'q0': 0.4717218972346363, 'alpha': 1.947841791710605, 'beta': 1.831830451033867, 'rho': 0.12093333427234658, 'ants': 15}) and found best instance after 12.859375 seconds.
E1: {(137, 139), (154, 155), (42, 106), (15, 79), (243, 251), (44, 45), (155, 187), (0, 2), (40, 44), (128, 160), (57, 121), (155, 159), (252, 253), (121, 249), (187, 191), (11, 139), (2, 130), (249, 251), (88, 90), (137, 141), (10, 42), (224, 240), (44, 108), (128, 144), (221, 253), (14, 15), (88, 120), (10, 11), (10, 14), (187, 251), (2, 10), (235, 251), (249, 253), (120, 121), (88, 92), (71, 79), (160, 224), (2, 34), (11, 43), (12, 14), (139, 155), (190, 191), (42, 58), (0, 128), (12, 44), (250, 251)}
E2: {(90, 91), (42, 106), (81, 85), (243, 251), (155, 187), (220, 222), (147, 155), (211, 219), (60, 62), (237, 253), (114, 115), (49, 53), (146, 178), (178, 182), (251, 255), (253, 255), (53, 181), (174, 175), (166, 174), (10, 42), (1, 33), (220, 221), (180, 182), (181, 183), (221, 253), (165, 181), (144, 146), (49, 113), (89, 91), (46, 62), (155, 219), (1, 5), (2, 10), (187, 251), (91, 219), (230, 231), (120, 121), (226, 230), (166, 182), (180, 181), (2, 34), (42, 46), (33, 49), (62, 63), (228, 230), (46, 174), (113, 115), (81, 113), (113, 121), (115, 243), (166, 230), (195, 211)}
Obj: 28557

