Log for instance aco_tuning_out/inst12.txt.

Used ({'tau_0': 9.84719681858141e-06, 'xi': 0.07010842379960239, 'q0': 0.6134461647846249, 'alpha': 1.8618032848172066, 'beta': 0.8495777604552623, 'rho': 0.35523900559656113, 'ants': 21}) and found best instance after 8.03125 seconds.
E1: {(111, 120), (81, 82), (166, 175), (212, 239), (212, 215), (84, 87), (176, 185), (5, 86), (185, 239), (45, 46), (102, 104), (97, 178), (81, 84), (82, 83), (209, 215), (211, 212), (46, 47), (33, 114), (16, 43), (134, 215), (86, 104), (182, 209), (91, 97), (175, 176), (158, 239), (16, 97), (104, 158), (0, 3), (82, 109), (3, 84), (47, 209), (5, 32), (83, 89), (33, 195), (83, 86), (175, 178), (87, 114), (111, 114)}
E2: {(166, 175), (43, 205), (98, 107), (99, 100), (63, 65), (175, 202), (156, 158), (18, 20), (78, 80), (176, 185), (167, 176), (107, 134), (100, 101), (135, 153), (205, 206), (185, 239), (102, 104), (98, 152), (64, 65), (223, 232), (200, 206), (218, 236), (77, 239), (72, 75), (83, 164), (82, 83), (167, 221), (164, 167), (77, 80), (86, 89), (20, 101), (86, 104), (19, 20), (175, 176), (157, 158), (59, 221), (75, 156), (26, 80), (99, 153), (177, 178), (164, 218), (63, 72), (158, 239), (205, 232), (202, 211), (72, 153), (178, 232), (32, 59), (26, 107), (82, 109), (18, 45), (19, 25), (83, 86), (175, 178)}
Obj: 35297

