Log for instance aco_tuning_out/inst15.txt.

Used ({'tau0': 4.854876741746394e-06, 'xi': 0.1452545140568255, 'q0': 0.42195591018398276, 'alpha': 0.3555439034289861, 'beta': 0.8668501148752592, 'rho': 0.11887721475075397, 'ants': 32}) and found best instance after 252.015625 seconds.
E1: {(171, 177), (171, 198), (66, 69), (195, 204), (172, 199), (154, 157), (171, 173), (145, 154), (164, 173), (164, 182), (118, 145), (173, 200), (109, 118), (40, 67), (64, 67), (91, 118), (171, 172), (201, 228), (37, 199), (69, 78), (66, 67), (118, 199), (37, 40), (198, 204), (37, 43), (198, 201)}
E2: {(207, 209), (236, 242), (27, 189), (25, 52), (182, 209), (86, 113), (27, 36), (27, 54), (215, 242), (1, 163), (207, 213), (33, 42), (147, 228), (189, 191), (79, 160), (163, 166), (51, 52), (58, 67), (78, 79), (191, 200), (49, 52), (66, 68), (52, 133), (27, 33), (53, 134), (54, 135), (0, 54), (195, 213), (209, 215), (86, 89), (127, 133), (50, 53), (1, 4), (15, 177), (133, 160), (37, 43), (4, 58), (58, 59), (14, 68), (32, 113), (15, 42), (36, 37), (5, 86), (63, 64), (209, 212), (200, 209), (4, 5), (49, 211), (118, 127), (50, 212), (45, 51), (63, 66), (54, 63), (109, 118), (51, 213), (66, 147), (66, 67)}
Obj: 30990

