Log for instance aco_tuning_out/inst24.txt.

Used ({'tau_0': 3.5413625395276035e-06, 'xi': 0.13677021617214064, 'q0': 0.40454797157881806, 'alpha': 1.9054287973649844, 'beta': 1.2761266989533575, 'rho': 0.43117638553854254, 'ants': 24}) and found best instance after 11.421875 seconds.
E1: {(137, 139), (128, 136), (136, 137), (42, 106), (76, 92), (99, 103), (58, 59), (15, 143), (0, 2), (176, 240), (40, 44), (252, 253), (2, 130), (34, 98), (186, 250), (244, 252), (45, 61), (137, 141), (160, 176), (44, 108), (58, 186), (128, 144), (99, 227), (12, 76), (221, 253), (57, 59), (143, 159), (34, 42), (227, 235), (106, 122), (144, 176), (240, 244), (42, 43), (139, 143), (98, 99), (2, 34), (76, 108), (71, 103), (42, 58), (40, 42), (0, 128), (90, 122), (154, 186), (186, 190), (57, 61), (227, 243)}
E2: {(16, 20), (193, 195), (196, 228), (98, 226), (165, 167), (180, 244), (20, 84), (228, 244), (167, 231), (233, 237), (196, 197), (178, 179), (244, 246), (147, 179), (34, 98), (187, 191), (179, 187), (121, 249), (233, 249), (53, 181), (120, 122), (16, 144), (193, 197), (98, 106), (181, 183), (182, 246), (191, 255), (165, 181), (5, 21), (167, 175), (179, 183), (2, 10), (106, 122), (230, 231), (214, 222), (120, 124), (63, 191), (120, 121), (85, 93), (226, 230), (166, 182), (2, 34), (228, 230), (60, 124), (20, 21), (84, 85), (214, 246), (98, 114), (90, 122), (89, 93), (21, 53), (93, 221)}
Obj: 29708

