Log for instance aco_tuning_out/inst30.txt.

Used ({'tau0': 4.585564497822685e-06, 'xi': 0.058757171197309443, 'q0': 0.34722321487260577, 'alpha': 1.3834921966172709, 'beta': 0.8673616661090202, 'rho': 0.2097770542871472, 'ants': 11}) and found best instance after 9.46875 seconds.
E1: {(81, 82), (194, 203), (32, 113), (70, 79), (130, 133), (121, 130), (227, 236), (0, 81), (176, 203), (201, 202), (200, 203), (102, 183), (79, 160), (133, 134), (120, 201), (118, 121), (200, 227), (121, 202), (109, 118), (25, 79), (174, 177), (174, 183), (192, 195), (64, 70), (14, 176), (192, 201), (91, 118), (82, 91), (202, 211), (71, 152), (70, 71), (174, 201), (133, 160), (113, 194), (174, 176)}
E2: {(136, 137), (123, 204), (45, 126), (125, 134), (137, 218), (126, 132), (70, 79), (123, 124), (195, 204), (125, 152), (1, 82), (218, 236), (200, 206), (136, 145), (204, 231), (145, 151), (79, 160), (124, 125), (228, 231), (177, 204), (135, 137), (0, 1), (125, 206), (123, 132), (25, 79), (151, 160), (64, 70), (82, 85), (82, 91), (85, 166), (182, 236), (82, 109), (124, 151), (157, 160), (82, 136)}
Obj: 31976

