Log for instance aco_tuning_out/inst18.txt.

Used ({'tau_0': 4.5971794894411765e-06, 'xi': 0.07935886436067696, 'q0': 0.6133148179425765, 'alpha': 0.959591163017489, 'beta': 1.7442602148622774, 'rho': 0.32248764047634604, 'ants': 29}) and found best instance after 27.828125 seconds.
E1: {(55, 63), (150, 151), (206, 238), (0, 2), (128, 160), (2, 66), (1, 3), (1, 9), (244, 252), (85, 213), (62, 126), (197, 213), (209, 213), (6, 14), (45, 61), (16, 80), (10, 42), (26, 90), (61, 63), (147, 151), (31, 95), (0, 1), (31, 159), (46, 62), (10, 14), (1, 5), (244, 245), (2, 10), (29, 61), (213, 215), (0, 16), (151, 215), (137, 201), (111, 127), (42, 46), (213, 245), (107, 111), (99, 107), (126, 127), (42, 58), (14, 78), (78, 206), (0, 128), (26, 58), (57, 61), (9, 137), (39, 55), (62, 63), (31, 63), (151, 159), (54, 62)}
E2: {(168, 172), (72, 73), (160, 168), (58, 59), (108, 109), (146, 154), (168, 184), (206, 238), (51, 59), (0, 2), (101, 109), (112, 240), (2, 66), (1, 9), (220, 252), (8, 24), (244, 252), (30, 94), (168, 232), (146, 150), (10, 42), (220, 221), (73, 89), (162, 170), (0, 1), (22, 86), (14, 30), (40, 168), (8, 72), (22, 150), (112, 114), (10, 14), (1, 5), (244, 245), (2, 10), (76, 78), (80, 112), (240, 244), (168, 170), (146, 210), (162, 163), (59, 123), (188, 252), (76, 108), (60, 188), (42, 58), (14, 78), (94, 126), (40, 42), (78, 206), (86, 94), (14, 142), (112, 113), (22, 54), (172, 188), (8, 40)}
Obj: 30290

