Log for instance aco_tuning_out/inst24.txt.

Used ({'tau0': 5.420704371762057e-06, 'xi': 0.09688583805471983, 'q0': 0.31023948946680013, 'alpha': 0.7611440380801126, 'beta': 1.2418611307887504, 'rho': 0.4656758616586811, 'ants': 22}) and found best instance after 48.921875 seconds.
E1: {(76, 92), (15, 79), (42, 106), (15, 143), (44, 45), (107, 235), (146, 154), (43, 107), (0, 2), (40, 44), (248, 250), (40, 41), (242, 243), (252, 253), (186, 250), (122, 250), (34, 162), (240, 242), (44, 108), (12, 76), (41, 57), (221, 253), (15, 47), (144, 146), (248, 252), (143, 159), (106, 107), (34, 42), (106, 122), (130, 162), (71, 79), (139, 143), (2, 34), (43, 47), (76, 108), (141, 143), (42, 58), (90, 122), (186, 190), (242, 250), (45, 47), (130, 146), (160, 162)}
E2: {(183, 191), (42, 106), (162, 226), (98, 226), (165, 167), (237, 253), (146, 178), (187, 191), (221, 223), (34, 162), (253, 255), (53, 181), (56, 58), (88, 90), (146, 147), (10, 42), (21, 85), (221, 253), (191, 255), (88, 120), (165, 181), (144, 146), (5, 21), (34, 42), (166, 167), (230, 231), (63, 191), (199, 231), (88, 89), (162, 166), (226, 230), (175, 191), (180, 181), (56, 60), (228, 230), (222, 223), (162, 178), (42, 58), (98, 114), (167, 183), (195, 199), (21, 53), (56, 120)}
Obj: 25424

