Log for instance aco_tuning_out/inst06.txt.

Used ({'tau_0': 5.998921288673613e-06, 'xi': 0.12799050366072715, 'q0': 0.730921478054052, 'alpha': 1.5055228070199218, 'beta': 0.3739261379740735, 'rho': 0.1599798192967875, 'ants': 28}) and found best instance after 99.6875 seconds.
E1: {(128, 130), (47, 175), (168, 172), (105, 107), (81, 85), (188, 190), (107, 235), (237, 253), (12, 28), (210, 211), (39, 167), (112, 240), (2, 130), (78, 110), (53, 181), (85, 213), (168, 232), (14, 46), (94, 222), (6, 14), (128, 129), (105, 109), (180, 188), (221, 253), (46, 47), (112, 114), (39, 47), (203, 235), (78, 94), (212, 213), (10, 14), (2, 10), (213, 221), (45, 109), (166, 167), (109, 237), (135, 167), (249, 253), (110, 238), (24, 28), (128, 192), (175, 191), (81, 83), (180, 181), (203, 207), (81, 89), (12, 14), (46, 110), (190, 191), (112, 113), (23, 151), (81, 113), (2, 3), (135, 151), (45, 47), (83, 211), (172, 188)}
E2: {(193, 195), (193, 201), (32, 40), (32, 34), (188, 190), (18, 26), (101, 103), (181, 245), (193, 225), (196, 197), (2, 66), (187, 191), (156, 188), (196, 212), (96, 97), (193, 197), (32, 36), (4, 5), (163, 227), (26, 90), (188, 189), (180, 188), (170, 171), (97, 101), (17, 81), (17, 145), (129, 145), (132, 196), (230, 231), (68, 196), (226, 227), (32, 96), (226, 230), (175, 191), (163, 171), (2, 34), (81, 89), (180, 181), (195, 227), (190, 191), (4, 132), (171, 187), (129, 193), (103, 119), (2, 3), (97, 225), (2, 18), (166, 230), (159, 191)}
Obj: 31501

