Log for instance aco_tuning_out/inst24.txt.

Used ({'tau_0': 4.4510989038433445e-06, 'xi': 0.08945606202546638, 'q0': 0.47345622448593194, 'alpha': 1.2900775735272525, 'beta': 0.7464788134566036, 'rho': 0.4234734074527042, 'ants': 18}) and found best instance after 9.359375 seconds.
E1: {(76, 92), (128, 136), (136, 137), (137, 139), (99, 103), (107, 235), (44, 45), (43, 107), (0, 2), (40, 44), (112, 240), (242, 243), (252, 253), (40, 56), (34, 98), (2, 130), (253, 255), (56, 58), (58, 122), (160, 176), (154, 218), (128, 144), (90, 218), (12, 76), (221, 253), (191, 255), (14, 15), (127, 255), (112, 114), (106, 107), (114, 242), (10, 14), (2, 10), (130, 138), (106, 122), (138, 154), (144, 176), (56, 57), (111, 127), (98, 99), (2, 34), (107, 111), (76, 108), (71, 103), (190, 191), (98, 114), (0, 128), (114, 122), (140, 141), (242, 250), (12, 44), (159, 191), (136, 140)}
E2: {(58, 59), (205, 237), (151, 183), (0, 2), (187, 191), (34, 98), (53, 181), (56, 58), (205, 221), (231, 239), (59, 63), (128, 144), (99, 227), (147, 151), (181, 183), (226, 234), (90, 218), (176, 178), (191, 255), (165, 181), (0, 1), (1, 5), (239, 255), (2, 10), (222, 254), (144, 176), (63, 191), (226, 227), (85, 93), (56, 60), (226, 230), (180, 181), (98, 99), (2, 34), (228, 230), (195, 227), (237, 239), (56, 120), (254, 255), (98, 114), (218, 222), (0, 128), (176, 180), (89, 93), (227, 231), (106, 234), (166, 230), (93, 221), (175, 239)}
Obj: 29237

