Log for instance aco_tuning_out/inst30.txt.

Used ({'tau0': 9.926534885232458e-06, 'xi': 0.06692036828162971, 'q0': 0.3019379808030227, 'alpha': 1.9521308295520166, 'beta': 1.4674217120935573, 'rho': 0.15756254670228562, 'ants': 22}) and found best instance after 34.046875 seconds.
E1: {(226, 229), (171, 177), (156, 158), (23, 77), (120, 147), (10, 64), (217, 226), (236, 239), (131, 134), (238, 239), (102, 156), (10, 91), (131, 158), (200, 227), (9, 10), (64, 226), (27, 33), (27, 36), (226, 227), (109, 136), (158, 239), (9, 171), (147, 150), (150, 152), (136, 217), (229, 238), (147, 156), (23, 26), (14, 23), (0, 9), (5, 23), (211, 238), (77, 158), (5, 32), (33, 195), (9, 36), (25, 26)}
E2: {(68, 149), (54, 135), (92, 119), (55, 136), (119, 200), (66, 228), (125, 134), (33, 51), (92, 146), (98, 125), (9, 11), (217, 235), (91, 92), (54, 55), (149, 158), (98, 152), (163, 166), (51, 52), (182, 188), (25, 52), (98, 179), (66, 68), (55, 217), (235, 236), (27, 33), (45, 51), (157, 158), (27, 36), (11, 92), (163, 217), (177, 179), (146, 149), (55, 64), (27, 54), (109, 136), (0, 9), (179, 188), (33, 195), (92, 98), (9, 36)}
Obj: 33095

