Log for instance aco_tuning_out/inst27.txt.

Used ({'tau0': 4.020220899909005e-06, 'xi': 0.13174644598316573, 'q0': 0.6110235189733683, 'alpha': 1.6598844502421457, 'beta': 1.4439786122174993, 'rho': 0.18623233223962188, 'ants': 32}) and found best instance after 32.859375 seconds.
E1: {(154, 155), (154, 158), (155, 187), (147, 155), (60, 62), (0, 2), (113, 117), (29, 157), (157, 221), (110, 111), (30, 158), (249, 251), (100, 116), (62, 190), (128, 132), (145, 209), (128, 144), (147, 151), (221, 253), (142, 158), (39, 47), (236, 238), (27, 155), (187, 251), (36, 100), (47, 111), (100, 228), (110, 238), (249, 253), (151, 215), (47, 63), (116, 117), (145, 147), (2, 34), (158, 190), (43, 47), (204, 236), (228, 236), (144, 145), (23, 151), (0, 128), (2, 3), (62, 63), (250, 251), (54, 62)}
E2: {(119, 127), (15, 143), (162, 226), (243, 251), (176, 240), (141, 157), (202, 234), (57, 121), (123, 127), (121, 249), (48, 176), (253, 255), (249, 251), (6, 14), (10, 42), (220, 221), (125, 127), (226, 234), (221, 253), (216, 220), (14, 15), (101, 117), (14, 30), (10, 14), (234, 250), (144, 176), (117, 125), (249, 253), (162, 166), (145, 147), (145, 153), (111, 127), (141, 143), (144, 145), (42, 58), (153, 157), (121, 125), (157, 221), (250, 251)}
Obj: 24673

