Log for instance aco_tuning_out/inst21.txt.

Used ({'tau0': 7.103605161777611e-06, 'xi': 0.13387993202949272, 'q0': 0.5522845785971021, 'alpha': 0.8010267528590788, 'beta': 1.1979962907017299, 'rho': 0.33102581714472007, 'ants': 26}) and found best instance after 39.8125 seconds.
E1: {(28, 46), (28, 55), (55, 136), (190, 199), (29, 32), (217, 223), (217, 220), (166, 220), (190, 217), (151, 152), (45, 46), (173, 176), (118, 124), (173, 182), (55, 217), (173, 200), (28, 29), (174, 177), (14, 176), (55, 64), (199, 200), (135, 136), (124, 151), (174, 228), (118, 199), (174, 176)}
E2: {(55, 136), (97, 151), (171, 198), (89, 98), (43, 70), (25, 187), (66, 75), (75, 78), (172, 178), (151, 152), (39, 66), (97, 178), (223, 232), (171, 173), (30, 39), (189, 195), (27, 189), (173, 182), (97, 98), (66, 68), (178, 187), (27, 30), (173, 200), (39, 120), (91, 97), (30, 32), (27, 45), (187, 214), (64, 70), (55, 64), (171, 172), (109, 136), (211, 214), (182, 236), (59, 68), (178, 232), (135, 136), (148, 151), (148, 157), (189, 198), (0, 27), (70, 232)}
Obj: 28235

