Log for instance aco_tuning_out/inst24.txt.

Used ({'tau_0': 4.498936448740942e-06, 'xi': 0.13853729626942535, 'q0': 0.527822666374638, 'alpha': 1.6196713237028468, 'beta': 0.6656100225587412, 'rho': 0.18622598889901743, 'ants': 24}) and found best instance after 28.3125 seconds.
E1: {(76, 92), (99, 103), (58, 59), (154, 158), (107, 235), (146, 154), (15, 143), (44, 45), (43, 107), (12, 13), (0, 2), (176, 240), (40, 44), (252, 253), (2, 130), (160, 176), (154, 218), (44, 108), (90, 218), (12, 76), (108, 236), (221, 253), (144, 146), (57, 59), (143, 159), (106, 107), (106, 122), (240, 241), (144, 176), (13, 141), (241, 243), (218, 250), (2, 34), (139, 143), (158, 190), (76, 108), (141, 143), (99, 107), (71, 103), (43, 59), (90, 122), (130, 146), (158, 159), (236, 252)}
E2: {(183, 191), (90, 91), (98, 226), (151, 183), (237, 253), (146, 178), (252, 253), (187, 191), (34, 98), (221, 223), (253, 255), (53, 181), (120, 122), (85, 213), (146, 147), (147, 151), (181, 183), (221, 253), (191, 255), (144, 146), (165, 181), (89, 91), (17, 145), (1, 5), (2, 10), (106, 122), (213, 221), (230, 231), (1, 17), (63, 191), (120, 124), (226, 227), (226, 230), (175, 191), (145, 147), (180, 181), (2, 34), (228, 230), (60, 124), (195, 227), (222, 223), (124, 252), (98, 114), (90, 122), (114, 122), (166, 230)}
Obj: 26632

