Log for instance aco_tuning_out/inst09.txt.

Used ({'tau_0': 5.449825531692064e-06, 'xi': 0.10463551100918586, 'q0': 0.3791032022582517, 'alpha': 1.5968901194470106, 'beta': 0.6682022659911173, 'rho': 0.3643260630360847, 'ants': 18}) and found best instance after 5.796875 seconds.
E1: {(39, 201), (162, 165), (14, 68), (162, 168), (135, 138), (176, 185), (84, 102), (236, 239), (75, 78), (66, 75), (36, 37), (122, 131), (185, 239), (39, 66), (130, 157), (165, 166), (84, 138), (120, 201), (84, 86), (36, 198), (86, 89), (84, 165), (66, 68), (86, 95), (95, 122), (174, 177), (0, 162), (174, 201), (165, 174), (169, 223), (130, 131), (95, 176), (37, 43), (198, 201), (168, 169)}
E2: {(88, 106), (139, 142), (139, 148), (41, 122), (142, 223), (134, 161), (166, 220), (88, 142), (105, 106), (107, 161), (0, 18), (122, 149), (51, 52), (24, 105), (25, 52), (39, 41), (139, 220), (106, 107), (39, 120), (205, 214), (148, 149), (196, 205), (45, 51), (24, 25), (88, 89), (178, 205), (211, 214), (18, 24), (32, 41), (32, 59), (152, 161), (195, 196), (148, 157), (177, 178), (52, 214)}
Obj: 30488

