Log for instance aco_tuning_out/inst03.txt.

Used ({'tau_0': 3.462877209278076e-06, 'xi': 0.0658154748162855, 'q0': 0.6970370798529836, 'alpha': 1.3037173239481683, 'beta': 0.3291761938293081, 'rho': 0.413035014315252, 'ants': 16}) and found best instance after 10.21875 seconds.
E1: {(177, 181), (200, 201), (193, 195), (193, 201), (136, 137), (128, 136), (155, 187), (156, 158), (118, 119), (147, 155), (211, 219), (210, 211), (112, 240), (28, 30), (114, 118), (156, 188), (92, 94), (187, 191), (172, 236), (206, 207), (53, 181), (30, 94), (158, 222), (76, 204), (62, 126), (64, 68), (202, 206), (32, 36), (206, 222), (220, 221), (52, 54), (151, 159), (46, 47), (49, 113), (112, 114), (39, 47), (49, 177), (31, 159), (46, 62), (20, 52), (76, 78), (149, 151), (54, 118), (200, 202), (32, 96), (24, 28), (37, 53), (137, 201), (175, 191), (52, 53), (158, 159), (118, 126), (94, 126), (200, 232), (98, 114), (78, 206), (228, 236), (0, 64), (0, 128), (9, 137), (49, 57), (65, 193), (135, 151), (37, 101), (92, 220), (195, 211), (30, 31), (159, 191), (172, 188), (96, 98)}
E2: {(177, 181), (61, 189), (196, 197), (156, 188), (25, 153), (82, 86), (188, 189), (147, 151), (14, 15), (31, 95), (31, 159), (166, 167), (177, 185), (153, 185), (2, 34), (0, 128), (122, 126), (151, 159), (136, 137), (156, 158), (147, 155), (5, 7), (0, 2), (128, 160), (210, 211), (157, 159), (158, 222), (110, 111), (62, 126), (0, 32), (82, 83), (32, 48), (157, 189), (165, 181), (132, 196), (128, 192), (145, 153), (9, 137), (172, 188), (200, 201), (162, 226), (196, 228), (154, 158), (155, 187), (165, 167), (86, 87), (43, 171), (228, 244), (87, 95), (34, 162), (14, 46), (45, 61), (128, 132), (136, 200), (110, 126), (32, 36), (181, 189), (10, 14), (244, 245), (2, 10), (9, 25), (180, 181), (150, 158), (196, 198), (122, 123), (128, 136), (32, 40), (171, 235), (200, 216), (82, 114), (32, 33), (6, 14), (46, 62), (17, 145), (6, 7), (107, 111), (99, 107), (171, 187), (83, 211), (31, 63)}
Obj: 42439

