Log for instance aco_tuning_out/inst06.txt.

Used ({'tau0': 6.895901444357542e-06, 'xi': 0.11930677293557751, 'q0': 0.7766820476791325, 'alpha': 1.762448247826621, 'beta': 0.8740652131662537, 'rho': 0.21713520092331218, 'ants': 13}) and found best instance after 22.203125 seconds.
E1: {(47, 175), (128, 136), (81, 85), (243, 251), (84, 212), (61, 125), (206, 238), (0, 2), (210, 211), (87, 95), (242, 243), (121, 249), (2, 130), (91, 95), (142, 174), (53, 181), (128, 129), (230, 238), (249, 251), (45, 61), (143, 175), (240, 242), (6, 14), (136, 200), (83, 115), (206, 222), (174, 190), (166, 230), (142, 143), (105, 121), (221, 253), (89, 91), (31, 95), (31, 159), (39, 47), (143, 159), (114, 242), (10, 14), (172, 174), (28, 29), (29, 61), (2, 10), (53, 61), (249, 253), (24, 28), (128, 192), (81, 83), (81, 89), (180, 181), (237, 239), (84, 85), (23, 87), (200, 232), (14, 78), (143, 207), (14, 142), (78, 206), (46, 174), (121, 125), (0, 128), (2, 3), (135, 151), (115, 243), (83, 211), (151, 159), (175, 239)}
E2: {(193, 195), (193, 201), (243, 251), (91, 123), (156, 158), (163, 179), (70, 198), (0, 2), (40, 44), (193, 225), (196, 197), (252, 253), (156, 188), (4, 36), (1, 3), (187, 191), (34, 162), (115, 123), (198, 206), (244, 252), (196, 212), (249, 251), (96, 97), (143, 175), (193, 197), (44, 108), (4, 5), (26, 90), (162, 170), (198, 230), (142, 143), (188, 189), (180, 188), (89, 91), (0, 1), (142, 158), (97, 101), (143, 159), (10, 14), (17, 145), (198, 199), (132, 196), (2, 10), (76, 78), (68, 196), (115, 119), (129, 145), (1, 17), (199, 231), (244, 245), (10, 26), (249, 253), (226, 230), (162, 166), (175, 191), (2, 34), (76, 108), (188, 252), (158, 190), (4, 132), (78, 206), (14, 142), (66, 70), (179, 243), (196, 198), (97, 225), (115, 243), (2, 18), (166, 230)}
Obj: 38745

