Log for instance aco_tuning_out/inst21.txt.

Used ({'tau0': 4.498936448740942e-06, 'xi': 0.13853729626942535, 'q0': 0.527822666374638, 'alpha': 1.6196713237028468, 'beta': 0.6656100225587412, 'rho': 0.18622598889901743, 'ants': 24}) and found best instance after 19.171875 seconds.
E1: {(226, 229), (171, 177), (228, 229), (171, 198), (5, 86), (227, 233), (166, 220), (152, 233), (83, 164), (171, 173), (164, 173), (36, 198), (200, 227), (164, 182), (64, 226), (36, 45), (226, 227), (81, 135), (81, 83), (220, 223), (173, 227), (220, 229), (5, 14), (5, 32), (83, 86)}
E2: {(81, 82), (226, 232), (226, 229), (109, 190), (139, 157), (208, 211), (59, 140), (70, 79), (43, 70), (112, 121), (190, 208), (5, 86), (227, 233), (152, 233), (227, 236), (0, 81), (45, 46), (112, 139), (82, 83), (86, 89), (78, 79), (200, 227), (139, 220), (64, 226), (189, 190), (109, 112), (25, 79), (226, 227), (81, 135), (46, 208), (139, 140), (120, 121), (82, 91), (220, 223), (182, 236), (86, 140), (220, 229), (5, 32), (83, 86), (189, 195), (70, 232)}
Obj: 26614

