Log for instance aco_tuning_out/inst30.txt.

Used ({'tau0': 9.563421643378381e-06, 'xi': 0.09724359984230846, 'q0': 0.3832373282206037, 'alpha': 0.33412689971093434, 'beta': 0.5388896399688413, 'rho': 0.11521783790776492, 'ants': 25}) and found best instance after 289.890625 seconds.
E1: {(9, 10), (41, 44), (0, 9), (118, 119), (125, 134), (209, 236), (24, 25), (119, 125), (32, 41), (21, 102), (92, 119), (119, 200), (195, 204), (125, 152), (211, 212), (21, 24), (118, 121), (41, 203), (120, 121), (15, 177), (42, 204), (14, 41), (15, 24), (203, 212), (15, 42), (10, 64), (91, 92), (209, 212), (42, 44), (109, 118), (44, 125), (9, 15)}
E2: {(72, 73), (18, 72), (73, 154), (171, 198), (225, 226), (100, 103), (165, 168), (119, 146), (174, 228), (217, 235), (163, 166), (22, 25), (235, 236), (91, 100), (146, 152), (182, 236), (145, 226), (165, 174), (0, 18), (145, 146), (198, 225), (171, 174), (119, 200), (21, 22), (136, 145), (154, 160), (136, 154), (21, 24), (174, 177), (154, 235), (64, 145), (134, 161), (160, 161), (195, 222), (103, 157), (118, 127), (118, 145), (168, 222), (163, 217), (109, 127), (18, 24), (45, 72), (135, 136), (100, 154)}
Obj: 32367

