Log for instance aco_tuning_out/inst15.txt.

Used ({'tau_0': 6.233831045293282e-06, 'xi': 0.10451661342493951, 'q0': 0.8893124268375978, 'alpha': 1.349306787935924, 'beta': 0.6109712049564031, 'rho': 0.46309129670203547, 'ants': 8}) and found best instance after 2.9375 seconds.
E1: {(81, 82), (226, 232), (33, 42), (15, 24), (6, 15), (39, 201), (99, 100), (109, 190), (20, 23), (171, 177), (66, 228), (15, 42), (24, 51), (23, 77), (190, 199), (171, 198), (100, 101), (198, 200), (39, 66), (83, 164), (171, 173), (82, 83), (81, 87), (6, 87), (180, 182), (164, 173), (81, 99), (20, 101), (64, 226), (118, 145), (198, 199), (76, 157), (205, 232), (145, 226), (99, 180), (91, 145), (51, 78), (76, 77), (118, 199), (33, 195), (43, 205), (198, 201)}
E2: {(163, 164), (226, 232), (175, 202), (87, 89), (29, 32), (38, 44), (171, 198), (20, 47), (214, 241), (64, 226), (38, 119), (31, 58), (205, 232), (59, 68), (1, 163), (174, 201), (211, 238), (198, 201), (81, 82), (33, 42), (118, 119), (23, 77), (29, 38), (45, 46), (81, 84), (82, 83), (51, 52), (164, 173), (46, 47), (36, 198), (58, 76), (209, 236), (66, 68), (19, 20), (175, 176), (145, 226), (128, 155), (33, 195), (36, 38), (214, 215), (43, 205), (28, 34), (39, 201), (226, 229), (119, 200), (20, 23), (66, 228), (39, 66), (83, 164), (28, 109), (209, 215), (135, 137), (238, 241), (174, 177), (110, 119), (128, 134), (14, 176), (137, 146), (166, 175), (3, 4), (4, 58), (84, 87), (171, 173), (42, 44), (173, 182), (0, 1), (31, 34), (118, 145), (205, 214), (146, 155), (110, 128), (3, 84), (202, 229), (19, 25), (76, 77), (51, 78), (52, 214)}
Obj: 38737

