Log for instance aco_tuning_out/inst09.txt.

Used ({'tau0': 6.895901444357542e-06, 'xi': 0.11930677293557751, 'q0': 0.7766820476791325, 'alpha': 1.762448247826621, 'beta': 0.8740652131662537, 'rho': 0.21713520092331218, 'ants': 13}) and found best instance after 6.671875 seconds.
E1: {(162, 165), (18, 20), (54, 135), (55, 136), (20, 23), (139, 142), (102, 129), (139, 157), (129, 131), (75, 78), (142, 223), (54, 55), (201, 202), (136, 139), (72, 75), (130, 157), (165, 166), (120, 201), (84, 86), (86, 89), (84, 165), (85, 139), (174, 177), (72, 74), (21, 75), (18, 21), (54, 72), (202, 205), (0, 162), (84, 85), (74, 236), (174, 201), (165, 174), (14, 23), (130, 131), (43, 205)}
E2: {(106, 133), (162, 171), (171, 174), (55, 136), (162, 168), (39, 201), (2, 164), (139, 157), (208, 211), (190, 199), (179, 233), (207, 209), (217, 223), (29, 32), (217, 220), (190, 208), (166, 220), (152, 233), (151, 152), (39, 66), (83, 164), (171, 173), (136, 145), (136, 139), (2, 29), (133, 134), (120, 201), (164, 173), (118, 124), (173, 179), (168, 195), (45, 207), (66, 68), (55, 217), (118, 145), (174, 177), (151, 160), (0, 162), (59, 68), (25, 106), (174, 201), (208, 209), (124, 151), (133, 160), (118, 199), (83, 89)}
Obj: 32037

