Log for instance aco_tuning_out/inst03.txt.

Used ({'tau0': 3.1489754854725666e-06, 'xi': 0.09233871711137026, 'q0': 0.6750093896651443, 'alpha': 1.4767667958454729, 'beta': 1.3965639583348552, 'rho': 0.22070860434618855, 'ants': 29}) and found best instance after 29.1875 seconds.
E1: {(76, 92), (200, 201), (193, 195), (193, 201), (196, 228), (219, 223), (155, 187), (211, 219), (147, 155), (228, 244), (210, 211), (57, 121), (36, 37), (65, 73), (221, 223), (37, 39), (76, 204), (143, 175), (83, 115), (20, 22), (21, 149), (20, 28), (135, 143), (207, 223), (115, 119), (68, 196), (200, 202), (240, 244), (24, 28), (37, 53), (73, 201), (147, 211), (20, 21), (200, 232), (113, 115), (143, 207), (9, 73), (113, 121), (196, 204), (37, 101), (28, 92), (83, 211), (21, 53), (195, 211), (22, 54), (200, 204)}
E2: {(192, 194), (128, 136), (177, 181), (200, 201), (32, 34), (193, 201), (32, 40), (171, 235), (98, 226), (155, 187), (154, 155), (200, 216), (43, 107), (43, 171), (181, 245), (0, 2), (36, 37), (187, 191), (148, 150), (1, 9), (198, 206), (37, 45), (132, 148), (128, 132), (136, 200), (193, 197), (32, 36), (1, 33), (206, 222), (148, 180), (32, 48), (14, 15), (0, 1), (194, 226), (10, 14), (1, 5), (2, 10), (1, 17), (63, 191), (128, 192), (32, 160), (162, 166), (180, 181), (2, 34), (194, 198), (98, 99), (107, 111), (140, 172), (99, 107), (194, 210), (98, 114), (107, 123), (171, 187), (0, 128), (159, 191), (160, 162), (136, 140)}
Obj: 31174

