Log for instance aco_tuning_out/inst21.txt.

Used ({'tau0': 8.839185575249679e-06, 'xi': 0.14550623661925266, 'q0': 0.34798186644897255, 'alpha': 1.259708246474134, 'beta': 0.9832315705511097, 'rho': 0.4534262478421148, 'ants': 24}) and found best instance after 16.5625 seconds.
E1: {(226, 232), (47, 53), (226, 229), (171, 177), (118, 119), (228, 229), (38, 47), (11, 14), (199, 226), (223, 232), (172, 199), (11, 38), (163, 166), (163, 172), (35, 53), (64, 226), (108, 135), (38, 119), (182, 209), (110, 119), (32, 35), (108, 110), (171, 172), (146, 152), (119, 146), (199, 200), (47, 209), (118, 199), (45, 47)}
E2: {(39, 201), (162, 171), (32, 113), (116, 125), (43, 52), (171, 198), (236, 239), (66, 69), (125, 152), (238, 239), (199, 226), (185, 239), (45, 46), (39, 66), (89, 116), (223, 241), (157, 238), (214, 241), (124, 125), (120, 201), (182, 185), (118, 124), (25, 52), (43, 124), (113, 116), (66, 68), (64, 226), (198, 199), (238, 241), (109, 118), (196, 214), (81, 135), (91, 118), (0, 162), (59, 68), (81, 162), (199, 200), (69, 78), (46, 52), (211, 238), (195, 196), (118, 199), (198, 201), (52, 214)}
Obj: 29880

