Log for instance aco_tuning_out/inst03.txt.

Used ({'tau_0': 6.7016855702575265e-06, 'xi': 0.11061032973207813, 'q0': 0.8522979141088549, 'alpha': 0.9933756089527778, 'beta': 1.0108153997499625, 'rho': 0.20257431029412304, 'ants': 17}) and found best instance after 48.375 seconds.
E1: {(76, 92), (177, 181), (183, 191), (156, 158), (211, 219), (12, 13), (133, 135), (133, 141), (228, 244), (210, 211), (97, 105), (252, 253), (156, 188), (36, 37), (187, 191), (206, 207), (53, 181), (158, 222), (37, 39), (76, 204), (54, 55), (244, 252), (202, 206), (83, 115), (206, 222), (65, 97), (12, 76), (181, 183), (221, 253), (20, 28), (49, 113), (133, 149), (49, 177), (97, 101), (28, 156), (9, 13), (115, 119), (97, 113), (76, 78), (55, 183), (13, 141), (24, 28), (37, 53), (105, 233), (240, 244), (175, 191), (147, 211), (149, 181), (188, 252), (113, 115), (78, 206), (49, 57), (83, 211), (195, 211), (68, 76), (232, 233)}
E2: {(177, 181), (128, 136), (136, 137), (32, 34), (32, 40), (55, 63), (44, 45), (146, 154), (107, 235), (43, 107), (151, 183), (5, 13), (150, 151), (181, 245), (40, 44), (216, 218), (210, 211), (114, 115), (196, 197), (115, 123), (198, 206), (192, 196), (0, 32), (32, 36), (83, 115), (206, 222), (180, 182), (44, 172), (198, 230), (181, 183), (32, 48), (49, 113), (49, 177), (9, 13), (132, 196), (55, 183), (32, 160), (146, 210), (128, 192), (180, 181), (137, 201), (166, 182), (33, 49), (107, 111), (226, 230), (99, 107), (113, 115), (48, 49), (107, 123), (218, 222), (0, 128), (9, 137), (196, 198), (83, 211), (13, 15), (151, 159), (17, 49)}
Obj: 32692

