Log for instance aco_tuning_out/inst15.txt.

Used ({'tau0': 9.493726088905091e-06, 'xi': 0.11484843759454823, 'q0': 0.6111218433796399, 'alpha': 1.5748339874818995, 'beta': 1.6004495863491173, 'rho': 0.40117280761880736, 'ants': 26}) and found best instance after 13.609375 seconds.
E1: {(43, 205), (226, 229), (171, 177), (228, 229), (171, 180), (159, 160), (199, 205), (171, 198), (78, 159), (198, 200), (136, 145), (145, 151), (180, 182), (64, 226), (118, 145), (196, 205), (151, 160), (117, 198), (109, 136), (91, 118), (145, 226), (195, 196), (118, 199), (117, 118), (157, 160)}
E2: {(81, 82), (4, 58), (3, 4), (54, 135), (14, 68), (34, 196), (66, 228), (75, 78), (66, 75), (72, 234), (3, 165), (74, 155), (35, 197), (200, 206), (72, 75), (81, 84), (180, 234), (180, 182), (58, 67), (84, 86), (86, 89), (234, 235), (31, 34), (66, 68), (195, 197), (235, 236), (31, 58), (196, 205), (197, 206), (4, 166), (174, 177), (72, 74), (26, 80), (32, 35), (128, 134), (64, 67), (54, 72), (59, 68), (45, 72), (128, 155), (165, 174), (0, 3), (82, 109), (34, 35), (3, 84), (211, 238), (66, 67), (74, 80), (235, 238), (43, 205), (25, 26)}
Obj: 28932

