Log for instance aco_tuning_out/inst21.txt.

Used ({'tau_0': 2.2570844960363238e-06, 'xi': 0.1499824051273781, 'q0': 0.6397024715024884, 'alpha': 1.3177960201993473, 'beta': 1.7274258641979925, 'rho': 0.06839890232135862, 'ants': 10}) and found best instance after 36.484375 seconds.
E1: {(145, 146), (226, 232), (198, 225), (171, 177), (171, 198), (5, 86), (198, 200), (223, 232), (83, 164), (171, 173), (136, 145), (164, 173), (36, 198), (225, 226), (164, 182), (64, 226), (36, 45), (85, 166), (146, 152), (145, 226), (135, 136), (5, 14), (225, 228), (5, 32), (85, 86), (83, 86)}
E2: {(226, 232), (109, 190), (56, 74), (151, 232), (208, 211), (190, 199), (0, 2), (97, 151), (190, 196), (29, 32), (89, 98), (181, 208), (29, 56), (190, 208), (135, 153), (98, 152), (2, 20), (223, 232), (157, 160), (72, 78), (2, 56), (97, 98), (64, 226), (36, 39), (19, 20), (39, 120), (196, 205), (91, 97), (36, 45), (72, 74), (151, 160), (205, 232), (74, 236), (45, 72), (72, 153), (199, 200), (19, 181), (19, 25), (195, 196), (43, 205), (20, 182), (56, 59)}
Obj: 28023

