Log for instance aco_tuning_out/inst24.txt.

Used ({'tau0': 9.701809206152345e-06, 'xi': 0.09407325991753526, 'q0': 0.3044948820351523, 'alpha': 1.8442079342859672, 'beta': 1.893720745386587, 'rho': 0.3120024078765271, 'ants': 29}) and found best instance after 26.34375 seconds.
E1: {(76, 92), (42, 106), (41, 43), (15, 143), (99, 103), (243, 251), (12, 13), (13, 45), (0, 2), (128, 160), (40, 41), (112, 240), (252, 253), (186, 250), (34, 98), (2, 130), (122, 250), (249, 251), (41, 45), (128, 144), (12, 76), (41, 57), (221, 253), (112, 114), (143, 159), (106, 122), (235, 251), (249, 253), (13, 141), (139, 143), (2, 34), (98, 99), (76, 108), (141, 143), (71, 103), (42, 58), (40, 42), (98, 114), (154, 186), (90, 122), (0, 128), (186, 190), (114, 122), (250, 251)}
E2: {(183, 191), (93, 221), (90, 94), (98, 226), (60, 62), (0, 2), (87, 95), (146, 178), (178, 182), (187, 191), (34, 98), (53, 181), (120, 122), (93, 95), (94, 222), (231, 239), (146, 147), (181, 183), (67, 195), (191, 255), (144, 146), (165, 181), (0, 1), (1, 5), (2, 10), (106, 122), (230, 231), (85, 87), (63, 191), (226, 230), (175, 191), (166, 182), (180, 181), (237, 239), (228, 230), (2, 34), (66, 98), (62, 63), (98, 114), (90, 122), (66, 67), (89, 93), (114, 122), (166, 230), (94, 95), (175, 239)}
Obj: 26497

