Log for instance aco_tuning_out/inst06.txt.

Used ({'tau0': 4.5971794894411765e-06, 'xi': 0.07935886436067696, 'q0': 0.6133148179425765, 'alpha': 0.959591163017489, 'beta': 1.7442602148622774, 'rho': 0.32248764047634604, 'ants': 29}) and found best instance after 28.65625 seconds.
E1: {(47, 175), (210, 242), (132, 164), (243, 251), (156, 158), (133, 135), (206, 238), (237, 253), (164, 180), (87, 95), (233, 237), (114, 115), (1, 3), (132, 133), (91, 95), (158, 222), (53, 181), (196, 212), (14, 46), (249, 251), (240, 242), (143, 175), (6, 14), (192, 196), (83, 115), (206, 222), (46, 47), (221, 253), (89, 91), (135, 143), (31, 95), (129, 133), (31, 159), (39, 47), (143, 159), (114, 242), (83, 87), (132, 196), (85, 87), (249, 253), (24, 28), (105, 233), (146, 210), (180, 181), (164, 166), (158, 190), (164, 172), (23, 87), (143, 207), (78, 206), (1, 129), (115, 243), (45, 47), (28, 156), (130, 146), (158, 159), (232, 233)}
E2: {(90, 91), (193, 195), (193, 201), (98, 226), (156, 158), (118, 119), (163, 179), (197, 229), (181, 245), (40, 44), (193, 225), (161, 163), (196, 197), (1, 3), (34, 98), (4, 36), (179, 187), (91, 95), (196, 212), (166, 174), (174, 175), (174, 190), (193, 197), (229, 245), (118, 246), (181, 189), (36, 44), (31, 95), (170, 174), (31, 159), (89, 91), (1, 5), (132, 196), (230, 231), (68, 196), (1, 17), (226, 230), (230, 246), (180, 181), (2, 34), (66, 98), (158, 190), (101, 229), (4, 132), (129, 193), (2, 3), (1, 129), (161, 225), (2, 18), (166, 230), (158, 159), (96, 98)}
Obj: 31428

