Log for instance aco_tuning_out/inst24.txt.

Used ({'tau_0': 1.3763468429827451e-06, 'xi': 0.13059886401904963, 'q0': 0.7970081104032578, 'alpha': 0.9961946895439933, 'beta': 0.8455334921092874, 'rho': 0.2687684260652423, 'ants': 32}) and found best instance after 27.828125 seconds.
E1: {(76, 92), (32, 34), (15, 143), (154, 158), (99, 103), (243, 251), (107, 235), (32, 40), (12, 13), (13, 45), (43, 107), (152, 154), (0, 2), (112, 240), (252, 253), (2, 130), (34, 98), (122, 250), (249, 251), (26, 90), (26, 154), (12, 76), (221, 253), (144, 152), (49, 113), (112, 114), (143, 159), (106, 107), (106, 122), (249, 253), (13, 141), (32, 160), (139, 143), (2, 34), (158, 190), (76, 108), (141, 143), (99, 107), (71, 103), (98, 114), (112, 113), (26, 58), (90, 122), (49, 57), (114, 122), (158, 159), (250, 251)}
E2: {(183, 191), (243, 251), (98, 226), (165, 167), (237, 253), (0, 2), (167, 231), (108, 124), (146, 178), (251, 255), (121, 249), (187, 191), (34, 98), (211, 243), (53, 181), (120, 122), (224, 228), (85, 213), (249, 251), (146, 147), (206, 222), (221, 253), (144, 146), (165, 181), (0, 1), (1, 5), (187, 251), (2, 10), (106, 122), (76, 78), (166, 167), (213, 221), (63, 191), (120, 124), (249, 253), (120, 121), (89, 121), (175, 191), (147, 211), (2, 34), (180, 181), (60, 124), (76, 108), (98, 114), (78, 206), (90, 122), (167, 183), (114, 122), (195, 211), (224, 226)}
Obj: 27503

