Log for instance aco_tuning_out/inst30.txt.

Used ({'tau0': 5.27015365896669e-06, 'xi': 0.12993599333145528, 'q0': 0.31614692226037566, 'alpha': 1.9457803192705339, 'beta': 1.0826765605366773, 'rho': 0.462237565316319, 'ants': 26}) and found best instance after 10.53125 seconds.
E1: {(120, 129), (4, 58), (189, 216), (3, 4), (175, 202), (102, 129), (31, 32), (199, 205), (234, 236), (112, 121), (125, 152), (204, 231), (22, 25), (125, 206), (134, 215), (204, 206), (121, 202), (196, 205), (175, 176), (31, 58), (177, 231), (109, 118), (55, 58), (120, 121), (206, 215), (14, 176), (91, 118), (55, 64), (202, 205), (202, 211), (199, 200), (4, 22), (0, 3), (204, 205), (195, 196), (118, 199), (31, 112), (216, 234), (189, 195)}
E2: {(166, 175), (171, 174), (162, 171), (99, 100), (108, 109), (171, 177), (162, 168), (175, 202), (45, 126), (171, 180), (199, 202), (107, 134), (234, 236), (100, 101), (152, 233), (63, 64), (162, 216), (174, 175), (105, 106), (99, 105), (180, 182), (168, 195), (222, 224), (108, 126), (63, 225), (99, 126), (94, 148), (135, 216), (91, 100), (224, 233), (94, 175), (0, 162), (25, 106), (199, 200), (101, 107), (99, 180), (216, 225), (216, 222), (174, 228), (216, 234), (148, 157)}
Obj: 34750

