Log for instance aco_tuning_out/inst09.txt.

Used ({'tau0': 4.498936448740942e-06, 'xi': 0.13853729626942535, 'q0': 0.527822666374638, 'alpha': 1.6196713237028468, 'beta': 0.6656100225587412, 'rho': 0.18622598889901743, 'ants': 24}) and found best instance after 12.84375 seconds.
E1: {(162, 165), (162, 168), (87, 89), (234, 236), (75, 78), (87, 168), (72, 234), (102, 156), (162, 216), (201, 202), (72, 75), (165, 166), (156, 157), (120, 201), (135, 216), (196, 205), (75, 156), (174, 177), (196, 223), (14, 176), (202, 205), (0, 162), (174, 201), (165, 174), (216, 234), (43, 205), (174, 176)}
E2: {(39, 201), (166, 193), (31, 32), (0, 2), (83, 137), (39, 48), (195, 204), (134, 161), (161, 242), (31, 193), (223, 241), (157, 238), (120, 201), (177, 204), (238, 241), (155, 161), (45, 48), (25, 79), (201, 204), (2, 83), (193, 196), (196, 223), (137, 155), (32, 59), (152, 161), (79, 241), (211, 238), (83, 89), (195, 196), (241, 242)}
Obj: 25910

