Log for instance aco_tuning_out/inst30.txt.

Used ({'tau_0': 9.342356314703797e-06, 'xi': 0.11093798894348852, 'q0': 0.3936504222796646, 'alpha': 1.8613339066625738, 'beta': 0.5900213499937936, 'rho': 0.2538267278899345, 'ants': 22}) and found best instance after 11.421875 seconds.
E1: {(93, 102), (119, 200), (93, 120), (118, 119), (125, 134), (146, 227), (9, 63), (199, 205), (133, 214), (125, 152), (227, 236), (63, 64), (93, 174), (36, 198), (25, 52), (52, 133), (198, 199), (205, 214), (27, 33), (27, 36), (109, 118), (174, 177), (119, 125), (36, 63), (91, 118), (211, 214), (32, 41), (12, 14), (119, 146), (9, 12), (0, 9), (12, 93), (118, 199), (33, 195), (14, 41)}
E2: {(13, 94), (171, 174), (119, 200), (118, 119), (125, 134), (171, 198), (125, 152), (195, 204), (3, 165), (38, 65), (64, 65), (200, 209), (165, 166), (36, 198), (22, 25), (209, 236), (108, 135), (94, 148), (38, 119), (182, 209), (95, 122), (109, 118), (36, 45), (119, 122), (110, 119), (13, 22), (174, 177), (119, 125), (108, 110), (91, 118), (165, 174), (0, 3), (174, 228), (36, 38), (198, 204), (148, 157), (94, 95)}
Obj: 31265

