Log for instance aco_tuning_out/inst21.txt.

Used ({'tau0': 6.651390889237055e-06, 'xi': 0.11158156951036152, 'q0': 0.3891327832249725, 'alpha': 0.5704086329673803, 'beta': 0.45022269695520334, 'rho': 0.05657845121910911, 'ants': 23}) and found best instance after 182.765625 seconds.
E1: {(162, 171), (152, 233), (173, 179), (81, 135), (81, 162), (5, 14), (225, 228), (5, 32), (232, 233), (3, 4), (179, 233), (63, 64), (223, 232), (81, 84), (171, 173), (171, 225), (4, 5), (173, 182), (63, 225), (173, 200), (4, 166), (36, 45), (177, 179), (36, 63), (3, 84)}
E2: {(18, 72), (36, 117), (20, 47), (72, 75), (10, 91), (89, 143), (9, 10), (182, 209), (109, 115), (54, 72), (195, 196), (56, 62), (49, 50), (75, 78), (209, 236), (19, 20), (32, 50), (10, 19), (0, 18), (56, 59), (37, 64), (54, 135), (34, 196), (142, 223), (34, 61), (61, 142), (61, 62), (18, 45), (143, 161), (47, 209), (37, 43), (9, 36), (18, 20), (36, 37), (117, 120), (209, 212), (200, 209), (49, 211), (50, 212), (34, 115), (49, 76), (76, 157), (62, 143), (152, 161), (19, 25), (54, 56)}
Obj: 29088

