Log for instance aco_tuning_out/inst21.txt.

Used ({'tau_0': 5.572049615801917e-06, 'xi': 0.06325004225542018, 'q0': 0.8461092587771804, 'alpha': 1.389681207393384, 'beta': 0.3366413033928038, 'rho': 0.4612946765120627, 'ants': 22}) and found best instance after 11.828125 seconds.
E1: {(166, 175), (185, 188), (226, 232), (115, 142), (226, 229), (39, 201), (175, 202), (171, 177), (66, 228), (179, 233), (176, 185), (171, 198), (71, 233), (135, 153), (142, 223), (152, 233), (198, 200), (34, 52), (39, 66), (171, 173), (30, 39), (51, 52), (182, 185), (173, 179), (64, 226), (205, 214), (175, 176), (45, 51), (34, 115), (30, 32), (72, 74), (14, 176), (205, 232), (72, 153), (202, 229), (179, 188), (65, 71), (65, 74), (198, 201), (52, 214)}
E2: {(226, 232), (175, 202), (29, 32), (176, 185), (171, 198), (72, 75), (18, 19), (214, 241), (173, 179), (38, 119), (31, 58), (21, 75), (18, 21), (205, 232), (174, 201), (211, 238), (195, 196), (198, 201), (81, 82), (88, 97), (118, 119), (179, 233), (185, 239), (81, 84), (82, 83), (164, 173), (36, 198), (182, 188), (209, 236), (19, 20), (175, 176), (91, 118), (214, 215), (36, 38), (43, 205), (175, 178), (28, 34), (226, 229), (119, 200), (20, 23), (112, 115), (135, 153), (152, 233), (174, 175), (83, 164), (209, 215), (120, 201), (7, 25), (86, 89), (28, 29), (238, 241), (196, 205), (109, 112), (196, 223), (0, 6), (83, 86), (185, 188), (3, 4), (4, 58), (58, 59), (84, 87), (64, 145), (97, 178), (171, 173), (72, 78), (6, 87), (31, 34), (118, 145), (205, 214), (157, 158), (34, 115), (23, 185), (158, 239), (7, 88), (45, 72), (72, 153), (202, 229), (3, 84)}
Obj: 39325

