Log for instance aco_tuning_out/inst06.txt.

Used ({'tau0': 3.0612586277534457e-06, 'xi': 0.1329622135219483, 'q0': 0.7756772068120196, 'alpha': 1.8931956829423289, 'beta': 1.9972080014998133, 'rho': 0.18753105830604566, 'ants': 22}) and found best instance after 192.875 seconds.
E1: {(232, 236), (210, 242), (47, 175), (108, 109), (180, 244), (206, 238), (237, 253), (0, 2), (129, 131), (135, 199), (23, 31), (83, 91), (2, 130), (172, 236), (91, 95), (8, 24), (198, 206), (53, 181), (85, 213), (174, 175), (240, 242), (14, 46), (6, 14), (128, 129), (174, 190), (166, 174), (105, 109), (206, 222), (212, 244), (108, 236), (221, 253), (3, 131), (89, 91), (199, 207), (31, 95), (39, 47), (31, 159), (212, 213), (114, 242), (172, 174), (198, 199), (10, 14), (2, 10), (76, 78), (213, 221), (109, 237), (249, 253), (240, 244), (128, 192), (175, 191), (180, 181), (76, 108), (46, 174), (78, 206), (8, 10), (0, 128), (45, 47), (159, 191)}
E2: {(90, 91), (193, 195), (32, 34), (32, 40), (193, 201), (188, 190), (108, 109), (180, 244), (70, 198), (101, 109), (193, 225), (2, 66), (1, 3), (156, 188), (187, 191), (34, 162), (91, 95), (198, 206), (83, 211), (196, 212), (193, 197), (32, 36), (83, 115), (212, 244), (162, 170), (180, 188), (188, 189), (89, 91), (31, 95), (31, 159), (1, 5), (17, 145), (129, 145), (132, 196), (115, 119), (76, 78), (230, 231), (244, 245), (32, 96), (226, 230), (162, 166), (175, 191), (162, 163), (2, 34), (76, 108), (190, 191), (78, 206), (66, 70), (129, 193), (2, 3), (1, 129), (196, 198), (68, 70), (2, 18), (166, 230), (195, 211), (159, 191)}
Obj: 32861

