Log for instance aco_tuning_out/inst27.txt.

Used ({'tau0': 8.037069826251222e-06, 'xi': 0.09645020294268639, 'q0': 0.6378636958577493, 'alpha': 1.5874523603304216, 'beta': 1.117749324798499, 'rho': 0.3122873583242921, 'ants': 22}) and found best instance after 12.859375 seconds.
E1: {(146, 154), (12, 13), (43, 107), (228, 244), (176, 240), (44, 60), (87, 95), (112, 240), (34, 50), (187, 191), (27, 31), (76, 204), (85, 213), (249, 251), (209, 213), (62, 190), (50, 54), (61, 63), (142, 143), (12, 76), (60, 61), (36, 44), (31, 95), (39, 47), (46, 62), (236, 238), (132, 196), (29, 61), (85, 87), (213, 221), (213, 215), (187, 251), (63, 191), (144, 176), (110, 238), (13, 141), (240, 244), (47, 63), (18, 146), (2, 34), (54, 62), (204, 236), (107, 111), (141, 143), (46, 110), (228, 236), (23, 87), (112, 113), (112, 116), (2, 3), (196, 204), (2, 18), (62, 63), (30, 31), (31, 63), (250, 251), (47, 111)}
E2: {(105, 107), (15, 143), (243, 251), (118, 119), (50, 58), (133, 141), (125, 253), (216, 218), (176, 240), (97, 105), (48, 176), (114, 118), (251, 255), (56, 58), (6, 14), (220, 221), (194, 202), (142, 143), (147, 151), (202, 218), (221, 253), (14, 15), (134, 142), (216, 220), (14, 30), (133, 149), (48, 56), (57, 59), (97, 101), (10, 14), (194, 226), (149, 151), (148, 149), (134, 166), (123, 251), (144, 176), (56, 57), (218, 250), (59, 123), (50, 114), (107, 111), (141, 143), (107, 123), (144, 148), (250, 251)}
Obj: 30297

