Log for instance aco_tuning_out/inst15.txt.

Used ({'tau0': 9.563421643378381e-06, 'xi': 0.09724359984230846, 'q0': 0.3832373282206037, 'alpha': 0.33412689971093434, 'beta': 0.5388896399688413, 'rho': 0.11521783790776492, 'ants': 25}) and found best instance after 270.046875 seconds.
E1: {(57, 219), (171, 198), (76, 79), (10, 91), (200, 227), (31, 58), (42, 43), (173, 227), (171, 177), (219, 228), (78, 79), (58, 76), (171, 172), (10, 172), (57, 58), (28, 34), (33, 51), (76, 238), (195, 204), (28, 109), (42, 204), (198, 204), (42, 51), (10, 64), (171, 173), (157, 238), (173, 182), (31, 34), (33, 34)}
E2: {(57, 219), (190, 193), (171, 198), (11, 14), (30, 57), (57, 59), (26, 53), (27, 45), (83, 89), (55, 136), (171, 177), (218, 236), (51, 52), (164, 173), (219, 228), (55, 58), (53, 134), (0, 162), (193, 211), (57, 58), (25, 26), (11, 173), (43, 52), (190, 217), (198, 200), (83, 164), (162, 164), (191, 197), (195, 197), (164, 191), (27, 30), (217, 218), (51, 53), (166, 193), (11, 17), (171, 173), (173, 182), (55, 217), (17, 26), (30, 32), (109, 136), (55, 64), (190, 191), (135, 136), (51, 78)}
Obj: 29087

