Log for instance aco_tuning_out/inst15.txt.

Used ({'tau0': 9.519734246967097e-06, 'xi': 0.07937813294122376, 'q0': 0.41673979688805995, 'alpha': 1.6749976300577816, 'beta': 0.7383106546614165, 'rho': 0.29031514757956295, 'ants': 27}) and found best instance after 17.578125 seconds.
E1: {(72, 73), (51, 53), (119, 200), (42, 51), (118, 119), (53, 215), (195, 204), (200, 209), (209, 215), (204, 231), (72, 78), (53, 80), (228, 231), (77, 80), (177, 204), (182, 209), (157, 158), (109, 118), (42, 43), (64, 73), (91, 118), (77, 158), (51, 78), (42, 204)}
E2: {(166, 175), (5, 59), (175, 202), (43, 52), (234, 236), (121, 130), (5, 86), (195, 213), (121, 148), (162, 216), (186, 213), (177, 186), (51, 52), (133, 134), (173, 176), (86, 89), (25, 52), (127, 130), (173, 182), (127, 133), (52, 133), (135, 216), (173, 200), (121, 202), (45, 51), (175, 176), (51, 213), (130, 211), (109, 127), (14, 176), (64, 67), (0, 162), (207, 213), (67, 148), (5, 14), (225, 228), (216, 225), (225, 234), (51, 78), (5, 32), (207, 234)}
Obj: 28005

