Log for instance aco_tuning_out/inst15.txt.

Used ({'tau_0': 4.4510989038433445e-06, 'xi': 0.08945606202546638, 'q0': 0.47345622448593194, 'alpha': 1.2900775735272525, 'beta': 0.7464788134566036, 'rho': 0.4234734074527042, 'ants': 18}) and found best instance after 8.015625 seconds.
E1: {(39, 201), (162, 171), (171, 177), (199, 202), (190, 199), (66, 69), (34, 43), (39, 66), (201, 202), (200, 206), (130, 157), (30, 39), (162, 164), (171, 173), (191, 197), (173, 182), (31, 34), (195, 197), (31, 49), (164, 191), (197, 206), (109, 118), (64, 67), (91, 118), (201, 228), (190, 191), (69, 78), (66, 67), (118, 199), (49, 130), (30, 31)}
E2: {(43, 205), (166, 175), (58, 59), (189, 216), (110, 191), (66, 228), (43, 52), (116, 134), (234, 236), (109, 110), (34, 43), (189, 191), (35, 197), (39, 66), (162, 216), (200, 206), (89, 116), (209, 212), (30, 39), (189, 195), (211, 212), (51, 52), (58, 67), (27, 189), (191, 197), (39, 41), (25, 52), (31, 34), (135, 216), (27, 30), (182, 209), (31, 58), (45, 51), (197, 206), (175, 178), (206, 215), (32, 35), (110, 116), (64, 67), (0, 162), (205, 232), (178, 232), (34, 35), (51, 78), (216, 234), (212, 215), (14, 41), (177, 178)}
Obj: 30654

