Log for instance aco_tuning_out/inst15.txt.

Used ({'tau_0': 8.524438848395618e-06, 'xi': 0.08260719400248602, 'q0': 0.6770641636613806, 'alpha': 0.6089210219484695, 'beta': 0.5746980829231113, 'rho': 0.06462761009956378, 'ants': 17}) and found best instance after 77.671875 seconds.
E1: {(37, 64), (66, 228), (75, 78), (66, 75), (195, 204), (200, 209), (67, 76), (177, 204), (182, 209), (198, 199), (109, 118), (76, 157), (64, 67), (91, 118), (199, 200), (37, 199), (66, 67), (118, 199), (198, 204), (37, 43)}
E2: {(136, 137), (166, 184), (37, 64), (5, 59), (21, 22), (66, 228), (184, 211), (83, 137), (75, 78), (66, 75), (5, 86), (22, 184), (200, 209), (209, 215), (182, 185), (22, 25), (86, 89), (209, 236), (135, 137), (134, 215), (195, 197), (182, 209), (174, 177), (184, 185), (197, 215), (21, 75), (64, 67), (18, 21), (109, 136), (21, 23), (14, 23), (18, 45), (5, 23), (66, 67), (5, 32), (174, 228), (83, 86), (0, 18), (37, 43)}
Obj: 24860

