Log for instance aco_tuning_out/inst15.txt.

Used ({'tau0': 7.271888129177242e-06, 'xi': 0.05984220487362216, 'q0': 0.5127813632941683, 'alpha': 0.28049908432308224, 'beta': 1.9767044196304102, 'rho': 0.05712818954691315, 'ants': 28}) and found best instance after 197.21875 seconds.
E1: {(175, 202), (162, 168), (176, 185), (171, 198), (145, 154), (38, 119), (203, 206), (171, 177), (118, 119), (228, 229), (202, 203), (36, 198), (182, 188), (175, 176), (64, 70), (91, 118), (202, 205), (145, 226), (69, 78), (36, 38), (43, 205), (226, 229), (162, 171), (43, 70), (44, 206), (200, 203), (168, 195), (185, 188), (42, 69), (154, 157), (42, 44), (118, 145), (109, 118), (202, 229)}
E2: {(135, 138), (171, 198), (166, 220), (25, 52), (134, 215), (64, 226), (21, 75), (18, 21), (199, 200), (5, 32), (83, 89), (198, 201), (203, 206), (171, 177), (66, 75), (175, 229), (24, 78), (176, 203), (82, 83), (173, 176), (209, 236), (175, 176), (202, 205), (220, 229), (14, 23), (118, 199), (214, 215), (0, 18), (226, 229), (39, 201), (5, 59), (20, 23), (66, 228), (43, 52), (195, 204), (39, 66), (136, 145), (209, 215), (21, 24), (202, 211), (18, 45), (83, 86), (18, 20), (5, 86), (171, 173), (173, 182), (204, 206), (118, 145), (198, 199), (205, 214), (66, 147), (109, 136), (202, 229), (138, 147), (82, 136), (52, 214)}
Obj: 33710

