Log for instance aco_tuning_out/inst27.txt.

Used ({'tau_0': 3.462877209278076e-06, 'xi': 0.0658154748162855, 'q0': 0.6970370798529836, 'alpha': 1.3037173239481683, 'beta': 0.3291761938293081, 'rho': 0.413035014315252, 'ants': 16}) and found best instance after 6.765625 seconds.
E1: {(154, 155), (241, 245), (105, 107), (188, 190), (108, 109), (155, 187), (147, 155), (211, 219), (43, 171), (237, 253), (228, 244), (29, 157), (87, 95), (97, 105), (114, 118), (157, 159), (78, 110), (198, 206), (76, 204), (187, 251), (249, 251), (105, 109), (10, 42), (44, 108), (116, 118), (147, 151), (142, 143), (188, 189), (157, 189), (46, 47), (221, 253), (36, 44), (31, 95), (31, 159), (39, 47), (143, 159), (46, 62), (155, 219), (114, 242), (244, 245), (27, 155), (2, 10), (76, 78), (97, 113), (132, 196), (54, 118), (161, 177), (109, 237), (144, 176), (209, 211), (110, 238), (225, 241), (42, 43), (2, 34), (76, 108), (107, 111), (60, 188), (46, 110), (23, 87), (171, 187), (78, 206), (87, 215), (176, 177), (161, 225), (2, 3), (196, 198), (97, 225), (242, 250), (62, 63), (30, 31), (31, 63), (151, 159), (54, 62)}
E2: {(105, 107), (99, 103), (132, 164), (243, 251), (108, 109), (91, 123), (4, 6), (4, 12), (12, 13), (242, 243), (97, 105), (2, 130), (34, 98), (91, 95), (253, 255), (198, 206), (93, 95), (56, 58), (240, 242), (249, 251), (146, 147), (10, 42), (105, 109), (220, 221), (202, 206), (147, 151), (12, 76), (93, 125), (221, 253), (14, 15), (216, 220), (144, 146), (31, 95), (31, 159), (48, 56), (97, 101), (114, 242), (10, 14), (2, 10), (132, 196), (76, 78), (56, 57), (13, 141), (249, 253), (2, 34), (164, 166), (12, 14), (76, 108), (107, 111), (226, 242), (99, 107), (42, 58), (98, 114), (78, 206), (103, 119), (196, 198), (242, 250), (130, 146), (30, 31), (151, 159)}
Obj: 36142

