Log for instance aco_tuning_out/inst27.txt.

Used ({'tau_0': 6.233831045293282e-06, 'xi': 0.10451661342493951, 'q0': 0.8893124268375978, 'alpha': 1.349306787935924, 'beta': 0.6109712049564031, 'rho': 0.46309129670203547, 'ants': 8}) and found best instance after 3.390625 seconds.
E1: {(105, 107), (116, 244), (244, 246), (156, 188), (114, 118), (96, 97), (105, 109), (147, 151), (31, 95), (38, 46), (31, 159), (179, 183), (2, 34), (0, 128), (151, 159), (209, 213), (55, 63), (7, 23), (243, 251), (108, 109), (156, 158), (147, 155), (5, 7), (0, 2), (39, 103), (1, 3), (158, 222), (7, 71), (249, 251), (128, 144), (142, 143), (116, 124), (29, 31), (14, 30), (1, 5), (132, 196), (213, 215), (230, 231), (249, 253), (188, 252), (76, 108), (71, 103), (98, 114), (36, 38), (30, 31), (96, 98), (146, 154), (155, 187), (43, 171), (228, 244), (87, 95), (97, 105), (187, 191), (76, 204), (174, 175), (146, 147), (221, 253), (143, 159), (114, 242), (10, 14), (2, 10), (76, 78), (199, 231), (55, 183), (110, 238), (108, 110), (46, 110), (23, 87), (78, 206), (196, 198), (115, 243), (19, 83), (242, 250), (252, 253), (198, 206), (174, 190), (83, 115), (206, 222), (19, 23), (198, 199), (27, 155), (54, 118), (175, 191), (230, 246), (107, 111), (60, 124), (113, 115), (171, 187), (87, 215), (179, 243)}
E2: {(119, 127), (105, 107), (90, 94), (243, 251), (108, 109), (156, 158), (12, 13), (216, 218), (87, 95), (97, 105), (244, 246), (252, 253), (156, 188), (253, 255), (198, 206), (158, 222), (30, 94), (56, 58), (249, 251), (6, 14), (16, 144), (10, 42), (83, 115), (206, 222), (105, 109), (194, 202), (125, 127), (147, 151), (12, 76), (90, 218), (221, 253), (14, 15), (127, 255), (31, 95), (14, 30), (48, 56), (31, 159), (97, 101), (10, 14), (19, 23), (198, 199), (76, 78), (230, 231), (199, 231), (249, 253), (13, 141), (240, 244), (56, 57), (226, 230), (230, 246), (194, 198), (250, 251), (188, 252), (76, 108), (107, 111), (42, 58), (23, 87), (107, 123), (78, 206), (16, 48), (115, 243), (19, 83), (166, 230), (30, 31), (151, 159)}
Obj: 39688

