Log for instance aco_tuning_out/inst12.txt.

Used ({'tau_0': 2.2570844960363238e-06, 'xi': 0.1499824051273781, 'q0': 0.6397024715024884, 'alpha': 1.3177960201993473, 'beta': 1.7274258641979925, 'rho': 0.06839890232135862, 'ants': 10}) and found best instance after 36.078125 seconds.
E1: {(83, 110), (33, 42), (166, 184), (118, 119), (21, 22), (6, 33), (15, 42), (33, 51), (184, 211), (109, 110), (5, 86), (120, 122), (6, 8), (83, 164), (22, 184), (12, 15), (12, 21), (164, 182), (45, 51), (119, 122), (110, 119), (128, 134), (42, 43), (91, 118), (110, 128), (5, 8), (21, 102), (0, 6), (83, 89), (5, 32), (83, 86), (33, 195)}
E2: {(83, 110), (81, 82), (43, 205), (3, 4), (4, 58), (58, 59), (128, 209), (118, 119), (151, 232), (199, 205), (75, 78), (109, 110), (151, 152), (223, 232), (81, 84), (209, 212), (82, 83), (18, 19), (211, 212), (4, 5), (177, 204), (3, 21), (209, 236), (4, 166), (110, 119), (55, 58), (81, 135), (151, 160), (128, 134), (21, 75), (18, 21), (55, 64), (205, 232), (110, 128), (199, 200), (18, 45), (3, 84), (21, 102), (83, 89), (204, 205), (118, 199), (5, 32), (19, 25), (157, 160)}
Obj: 30534

