Log for instance aco_tuning_out/inst30.txt.

Used ({'tau_0': 5.341643627837584e-06, 'xi': 0.12828902895224037, 'q0': 0.5825040751853071, 'alpha': 1.680352012001748, 'beta': 1.7927432976473112, 'rho': 0.24781837895583786, 'ants': 32}) and found best instance after 25.421875 seconds.
E1: {(33, 42), (162, 171), (171, 177), (208, 211), (64, 145), (171, 198), (199, 208), (11, 14), (208, 235), (11, 20), (117, 123), (19, 100), (133, 134), (42, 123), (118, 127), (127, 133), (118, 145), (198, 199), (100, 103), (235, 236), (19, 20), (102, 103), (109, 118), (123, 150), (100, 127), (91, 118), (0, 162), (32, 41), (150, 152), (199, 200), (19, 25), (118, 199), (33, 195), (117, 118), (14, 41), (120, 123)}
E2: {(162, 165), (162, 171), (171, 177), (162, 168), (11, 173), (125, 134), (64, 145), (190, 199), (171, 198), (190, 208), (125, 152), (208, 235), (11, 20), (162, 216), (140, 158), (171, 173), (165, 166), (124, 125), (219, 228), (118, 124), (168, 195), (36, 198), (135, 216), (118, 145), (198, 199), (19, 20), (235, 236), (157, 158), (36, 45), (109, 118), (140, 221), (91, 118), (219, 221), (0, 162), (199, 200), (216, 219), (19, 25), (118, 199), (20, 182)}
Obj: 30753

