Log for instance aco_tuning_out/inst03.txt.

Used ({'tau_0': 3.0612586277534457e-06, 'xi': 0.1329622135219483, 'q0': 0.7756772068120196, 'alpha': 1.8931956829423289, 'beta': 1.9972080014998133, 'rho': 0.18753105830604566, 'ants': 22}) and found best instance after 20.96875 seconds.
E1: {(76, 92), (47, 175), (145, 149), (196, 228), (211, 219), (181, 245), (228, 244), (113, 117), (210, 211), (135, 199), (17, 21), (244, 246), (187, 191), (53, 181), (76, 204), (143, 175), (96, 97), (32, 36), (194, 202), (25, 153), (245, 253), (221, 253), (135, 143), (118, 246), (97, 101), (17, 81), (39, 47), (17, 145), (244, 245), (117, 119), (97, 113), (9, 25), (68, 196), (54, 118), (65, 81), (24, 25), (240, 244), (32, 96), (81, 83), (145, 153), (147, 211), (175, 191), (20, 21), (194, 210), (200, 232), (143, 207), (25, 57), (81, 113), (195, 199), (196, 204), (83, 211), (21, 53), (195, 211), (200, 204)}
E2: {(128, 136), (136, 137), (177, 181), (55, 63), (196, 228), (15, 143), (154, 158), (98, 226), (32, 40), (105, 107), (107, 235), (43, 107), (181, 245), (228, 244), (216, 218), (17, 21), (196, 197), (34, 98), (148, 150), (172, 236), (198, 206), (158, 222), (53, 181), (132, 148), (128, 132), (0, 32), (32, 33), (32, 36), (206, 222), (105, 109), (142, 143), (181, 183), (32, 48), (142, 158), (5, 21), (143, 159), (244, 245), (132, 196), (166, 167), (45, 109), (55, 183), (32, 96), (128, 192), (32, 160), (137, 201), (180, 181), (98, 99), (107, 111), (99, 107), (228, 236), (98, 114), (107, 123), (218, 222), (0, 128), (9, 137), (210, 218), (167, 183), (196, 198), (21, 53), (96, 98)}
Obj: 33406

