Log for instance aco_tuning_out/inst15.txt.

Used ({'tau0': 7.905277958202082e-06, 'xi': 0.07780203477312476, 'q0': 0.5400401332579152, 'alpha': 1.238650111364569, 'beta': 1.1701509091931812, 'rho': 0.3657463607855648, 'ants': 16}) and found best instance after 7.984375 seconds.
E1: {(43, 205), (39, 201), (66, 228), (139, 157), (75, 78), (66, 75), (112, 121), (91, 92), (39, 66), (201, 202), (112, 139), (83, 164), (92, 173), (200, 203), (202, 203), (164, 173), (58, 67), (164, 182), (85, 139), (121, 202), (196, 205), (31, 58), (109, 112), (174, 177), (64, 67), (202, 205), (174, 201), (85, 86), (195, 196), (83, 86), (31, 112)}
E2: {(43, 205), (212, 239), (226, 232), (4, 58), (189, 216), (226, 229), (109, 190), (3, 4), (58, 59), (190, 199), (199, 205), (176, 185), (40, 41), (236, 239), (16, 178), (75, 78), (190, 208), (189, 191), (185, 239), (67, 229), (45, 46), (72, 75), (189, 195), (16, 25), (211, 212), (182, 185), (58, 67), (84, 86), (86, 89), (200, 227), (134, 215), (64, 226), (135, 216), (175, 176), (153, 234), (4, 166), (175, 178), (174, 177), (40, 67), (226, 227), (178, 205), (46, 208), (14, 176), (32, 41), (72, 153), (174, 201), (178, 232), (190, 191), (201, 228), (0, 3), (3, 84), (216, 234), (212, 215), (174, 176)}
Obj: 31750

