Log for instance aco_tuning_out/inst15.txt.

Used ({'tau0': 6.544509853368331e-06, 'xi': 0.05105112966369988, 'q0': 0.3218040775925436, 'alpha': 1.317829237345747, 'beta': 0.4388545186115663, 'rho': 0.34888292737798793, 'ants': 30}) and found best instance after 17.4375 seconds.
E1: {(136, 137), (150, 151), (64, 145), (222, 231), (83, 137), (78, 159), (37, 118), (136, 145), (83, 164), (195, 222), (156, 157), (145, 151), (228, 231), (164, 173), (150, 159), (173, 182), (118, 145), (173, 200), (177, 231), (109, 118), (91, 118), (156, 159), (150, 231), (37, 43)}
E2: {(81, 82), (5, 59), (166, 193), (64, 145), (116, 134), (30, 192), (195, 204), (0, 81), (189, 191), (192, 193), (89, 116), (136, 145), (204, 231), (145, 151), (16, 25), (69, 70), (228, 231), (191, 200), (209, 236), (191, 209), (70, 151), (118, 145), (182, 209), (36, 42), (30, 32), (36, 45), (177, 231), (69, 231), (16, 70), (109, 118), (32, 35), (42, 43), (193, 211), (135, 136), (69, 78), (5, 14), (35, 116), (5, 32), (189, 192), (42, 204), (189, 195), (82, 136)}
Obj: 27051

