Log for instance aco_tuning_out/inst18.txt.

Used ({'tau0': 2.3890526897386258e-06, 'xi': 0.09728269253474063, 'q0': 0.5264084644635578, 'alpha': 0.34480659763074994, 'beta': 1.2781748892293714, 'rho': 0.12380145068388254, 'ants': 25}) and found best instance after 280.359375 seconds.
E1: {(90, 91), (128, 136), (136, 137), (99, 103), (81, 85), (3, 7), (58, 62), (5, 7), (150, 151), (0, 2), (39, 103), (128, 160), (2, 66), (91, 95), (244, 252), (110, 111), (62, 126), (45, 61), (110, 126), (238, 254), (81, 209), (61, 63), (147, 151), (31, 95), (69, 85), (31, 159), (103, 111), (244, 245), (29, 61), (6, 7), (110, 238), (151, 215), (137, 201), (46, 110), (5, 69), (69, 197), (7, 39), (80, 81), (0, 128), (9, 137), (57, 61), (2, 6), (252, 254), (62, 63), (31, 63), (151, 159), (54, 62)}
E2: {(64, 66), (210, 242), (64, 72), (128, 136), (136, 137), (160, 168), (154, 158), (168, 172), (168, 184), (163, 179), (128, 160), (28, 30), (252, 253), (115, 123), (69, 101), (244, 252), (30, 158), (64, 65), (240, 242), (62, 126), (168, 232), (110, 126), (82, 86), (28, 60), (221, 253), (22, 86), (142, 158), (22, 150), (40, 168), (114, 242), (65, 69), (244, 245), (76, 78), (65, 81), (240, 244), (24, 28), (110, 238), (108, 110), (82, 210), (81, 89), (51, 115), (76, 108), (51, 179), (5, 69), (113, 115), (22, 30), (0, 64), (80, 81), (0, 128), (9, 137), (81, 113), (66, 82), (22, 54), (54, 62)}
Obj: 28669

