Log for instance aco_tuning_out/inst24.txt.

Used ({'tau0': 9.24915798617957e-06, 'xi': 0.05399113180694906, 'q0': 0.5348646852525689, 'alpha': 0.8177192610685395, 'beta': 1.9504865720120417, 'rho': 0.35361961105123524, 'ants': 16}) and found best instance after 11.75 seconds.
E1: {(76, 92), (42, 106), (15, 79), (58, 59), (15, 143), (243, 251), (44, 45), (0, 2), (128, 160), (40, 44), (242, 243), (252, 253), (186, 250), (2, 130), (244, 252), (240, 242), (58, 186), (44, 108), (128, 144), (90, 218), (12, 76), (221, 253), (78, 79), (57, 59), (143, 159), (34, 42), (76, 78), (235, 251), (240, 244), (71, 79), (218, 250), (2, 34), (139, 143), (76, 108), (141, 143), (42, 58), (43, 59), (40, 42), (0, 128), (154, 186), (186, 190), (242, 250)}
E2: {(42, 106), (196, 228), (58, 62), (220, 222), (147, 155), (50, 58), (155, 187), (60, 62), (237, 253), (156, 188), (253, 255), (53, 181), (132, 148), (148, 156), (166, 230), (10, 42), (220, 221), (26, 90), (180, 188), (21, 85), (181, 183), (221, 253), (88, 120), (165, 181), (112, 114), (112, 120), (5, 21), (198, 199), (2, 10), (132, 196), (230, 231), (199, 231), (88, 89), (226, 230), (180, 181), (2, 34), (50, 114), (50, 178), (147, 211), (171, 175), (60, 188), (156, 220), (42, 58), (171, 187), (144, 148), (26, 58), (195, 199), (196, 198), (62, 63), (21, 53), (195, 211)}
Obj: 27955

