Log for instance aco_tuning_out/inst27.txt.

Used ({'tau_0': 4.4510989038433445e-06, 'xi': 0.08945606202546638, 'q0': 0.47345622448593194, 'alpha': 1.2900775735272525, 'beta': 0.7464788134566036, 'rho': 0.4234734074527042, 'ants': 18}) and found best instance after 12.109375 seconds.
E1: {(154, 158), (155, 187), (43, 107), (60, 62), (52, 180), (206, 238), (20, 84), (0, 2), (22, 23), (1, 3), (186, 250), (4, 36), (221, 223), (158, 222), (110, 111), (30, 158), (36, 52), (128, 132), (209, 213), (206, 222), (20, 22), (20, 28), (52, 60), (0, 1), (39, 47), (204, 206), (46, 62), (28, 29), (20, 52), (84, 116), (213, 221), (213, 215), (27, 155), (144, 176), (217, 249), (110, 238), (2, 34), (62, 63), (107, 111), (222, 223), (158, 190), (46, 110), (204, 236), (228, 236), (142, 206), (4, 132), (112, 113), (217, 221), (186, 187), (176, 180), (112, 116), (0, 128), (154, 186), (22, 54), (47, 111)}
E2: {(128, 136), (136, 137), (111, 239), (32, 34), (120, 248), (26, 30), (243, 251), (58, 62), (211, 219), (216, 218), (0, 2), (101, 109), (242, 246), (242, 243), (57, 121), (121, 249), (110, 111), (14, 46), (249, 251), (109, 125), (6, 14), (137, 141), (240, 248), (83, 115), (202, 203), (220, 221), (128, 144), (32, 48), (14, 15), (182, 246), (216, 220), (121, 123), (46, 62), (10, 14), (239, 255), (2, 10), (115, 119), (10, 26), (120, 121), (166, 182), (218, 250), (2, 34), (147, 211), (226, 242), (46, 110), (203, 219), (0, 128), (121, 125), (218, 219), (242, 250), (109, 111), (83, 211)}
Obj: 32080

