Log for instance aco_tuning_out/inst03.txt.

Used ({'tau0': 5.449825531692064e-06, 'xi': 0.10463551100918586, 'q0': 0.3791032022582517, 'alpha': 1.5968901194470106, 'beta': 0.6682022659911173, 'rho': 0.3643260630360847, 'ants': 18}) and found best instance after 14.515625 seconds.
E1: {(76, 92), (47, 175), (119, 127), (105, 107), (99, 103), (145, 149), (155, 187), (101, 103), (232, 248), (147, 155), (0, 2), (210, 211), (200, 204), (135, 199), (97, 105), (57, 185), (8, 24), (64, 65), (76, 204), (240, 248), (64, 68), (65, 97), (220, 221), (137, 153), (20, 22), (21, 149), (6, 38), (199, 207), (39, 47), (155, 219), (2, 10), (97, 113), (200, 202), (153, 185), (111, 127), (145, 153), (145, 147), (147, 211), (6, 22), (107, 111), (204, 236), (20, 21), (99, 107), (228, 236), (200, 232), (0, 64), (8, 10), (9, 137), (195, 199), (2, 6), (36, 38), (92, 220), (21, 53), (195, 211), (68, 76), (22, 54), (47, 111)}
E2: {(41, 43), (105, 107), (33, 161), (193, 201), (44, 45), (107, 235), (13, 45), (5, 13), (197, 229), (216, 218), (0, 2), (38, 166), (40, 44), (40, 41), (17, 21), (210, 214), (73, 105), (123, 127), (148, 150), (132, 148), (192, 193), (160, 161), (166, 230), (13, 29), (193, 197), (33, 41), (154, 218), (180, 182), (44, 172), (41, 57), (150, 214), (229, 245), (48, 56), (31, 159), (161, 177), (63, 127), (214, 222), (56, 57), (198, 214), (31, 63), (226, 230), (166, 182), (73, 201), (41, 105), (98, 99), (2, 34), (107, 111), (111, 127), (35, 43), (99, 107), (21, 29), (98, 114), (9, 73), (218, 222), (34, 35), (36, 38), (36, 44), (13, 15), (150, 182)}
Obj: 35010

