Log for instance aco_tuning_out/inst18.txt.

Used ({'tau_0': 8.839185575249679e-06, 'xi': 0.14550623661925266, 'q0': 0.34798186644897255, 'alpha': 1.259708246474134, 'beta': 0.9832315705511097, 'rho': 0.4534262478421148, 'ants': 24}) and found best instance after 17.453125 seconds.
E1: {(136, 137), (128, 136), (193, 201), (99, 103), (82, 90), (58, 62), (220, 222), (13, 45), (128, 160), (39, 103), (87, 95), (1, 3), (1, 9), (220, 252), (85, 213), (110, 111), (197, 213), (62, 126), (9, 41), (82, 83), (193, 197), (13, 29), (193, 209), (41, 57), (150, 214), (29, 31), (80, 82), (31, 159), (9, 13), (103, 111), (46, 62), (83, 87), (1, 5), (213, 215), (214, 222), (209, 211), (110, 238), (31, 63), (137, 201), (147, 211), (213, 245), (62, 63), (46, 110), (66, 70), (9, 137), (66, 82), (83, 211), (214, 215), (6, 70), (54, 62)}
E2: {(160, 168), (154, 158), (108, 109), (156, 158), (168, 184), (72, 88), (35, 51), (126, 254), (101, 109), (8, 9), (108, 124), (114, 115), (80, 208), (114, 118), (220, 252), (156, 188), (115, 123), (8, 24), (1, 9), (244, 252), (30, 158), (168, 232), (238, 254), (220, 221), (35, 163), (208, 210), (142, 158), (40, 168), (8, 72), (80, 88), (1, 5), (244, 245), (76, 78), (54, 118), (208, 240), (88, 89), (240, 244), (66, 98), (60, 124), (188, 252), (51, 115), (124, 252), (76, 108), (118, 126), (98, 114), (113, 115), (150, 158), (252, 254), (86, 118), (172, 188), (8, 40)}
Obj: 30773

