Log for instance aco_tuning_out/inst12.txt.

Used ({'tau_0': 4.879942623985006e-06, 'xi': 0.08399557345205959, 'q0': 0.8878104132072444, 'alpha': 1.876793500103366, 'beta': 1.500849913875006, 'rho': 0.45614013825443306, 'ants': 13}) and found best instance after 3.84375 seconds.
E1: {(83, 110), (163, 164), (33, 42), (18, 20), (99, 100), (118, 119), (0, 54), (171, 180), (88, 115), (208, 211), (190, 199), (29, 38), (29, 32), (38, 44), (171, 198), (20, 47), (100, 101), (190, 208), (109, 110), (45, 46), (72, 75), (171, 173), (83, 164), (82, 83), (42, 44), (163, 166), (180, 182), (120, 201), (164, 173), (46, 47), (36, 198), (86, 89), (20, 101), (52, 133), (100, 103), (205, 214), (102, 103), (110, 119), (128, 134), (21, 75), (18, 21), (119, 128), (91, 118), (54, 72), (82, 88), (99, 180), (118, 199), (83, 86), (36, 38), (33, 195), (43, 205), (198, 201), (115, 133), (52, 214)}
E2: {(19, 46), (175, 202), (29, 32), (171, 198), (20, 47), (100, 101), (200, 206), (96, 97), (15, 96), (173, 179), (64, 226), (100, 103), (31, 58), (42, 43), (18, 21), (82, 88), (59, 68), (198, 201), (47, 50), (81, 82), (171, 177), (88, 115), (179, 233), (45, 46), (24, 78), (81, 84), (82, 83), (164, 173), (58, 76), (209, 236), (20, 101), (66, 68), (52, 133), (19, 20), (197, 206), (202, 205), (128, 155), (214, 215), (175, 178), (28, 34), (39, 201), (226, 229), (144, 147), (152, 233), (39, 66), (83, 164), (28, 109), (209, 215), (211, 212), (21, 24), (191, 197), (86, 89), (135, 137), (164, 191), (28, 29), (196, 205), (128, 134), (196, 223), (137, 146), (83, 86), (166, 175), (3, 4), (4, 58), (18, 20), (15, 42), (97, 178), (171, 173), (144, 146), (31, 34), (50, 212), (205, 214), (102, 103), (66, 147), (76, 157), (146, 155), (3, 84), (202, 229), (19, 25), (212, 215), (115, 133), (52, 214)}
Obj: 45166

