Log for instance aco_tuning_out/inst30.txt.

Used ({'tau0': 1.3887935962446564e-06, 'xi': 0.06336511258122715, 'q0': 0.5149941610044446, 'alpha': 1.5531450358806447, 'beta': 0.41875271579630713, 'rho': 0.16981098283759344, 'ants': 13}) and found best instance after 9.890625 seconds.
E1: {(212, 239), (162, 171), (212, 215), (175, 202), (118, 119), (171, 177), (31, 32), (176, 185), (236, 239), (66, 75), (109, 110), (172, 178), (102, 156), (185, 239), (39, 66), (200, 206), (67, 70), (16, 25), (58, 67), (66, 68), (134, 215), (39, 120), (196, 205), (175, 176), (31, 58), (16, 70), (75, 156), (110, 119), (206, 215), (91, 172), (14, 176), (91, 118), (171, 172), (202, 205), (205, 232), (0, 162), (202, 211), (64, 67), (71, 152), (70, 71), (65, 68), (65, 71), (195, 196), (175, 178), (70, 232)}
E2: {(226, 232), (171, 174), (162, 171), (162, 165), (175, 202), (162, 168), (176, 185), (171, 198), (135, 144), (236, 239), (109, 110), (198, 200), (185, 239), (71, 80), (77, 239), (165, 166), (79, 160), (117, 144), (182, 185), (36, 198), (77, 80), (168, 195), (64, 226), (91, 94), (117, 119), (175, 176), (36, 45), (79, 80), (174, 177), (110, 119), (25, 79), (128, 134), (117, 198), (119, 128), (202, 205), (94, 175), (205, 232), (0, 162), (71, 152), (174, 228), (157, 160), (174, 176)}
Obj: 35885

