Log for instance aco_tuning_out/inst30.txt.

Used ({'tau0': 5.984400518709856e-06, 'xi': 0.13241385165248287, 'q0': 0.4542903648549634, 'alpha': 0.4898957854025313, 'beta': 0.29966337375676566, 'rho': 0.06680927871977722, 'ants': 9}) and found best instance after 284.703125 seconds.
E1: {(39, 201), (118, 119), (125, 134), (38, 41), (210, 211), (125, 152), (195, 204), (227, 236), (38, 65), (64, 65), (120, 201), (21, 24), (12, 21), (177, 204), (39, 41), (3, 21), (200, 227), (38, 119), (12, 39), (109, 118), (24, 25), (201, 204), (119, 125), (201, 210), (91, 118), (12, 14), (32, 41), (65, 227), (0, 3), (21, 102)}
E2: {(3, 4), (45, 126), (128, 209), (127, 128), (227, 233), (195, 204), (152, 233), (3, 165), (0, 81), (227, 236), (165, 166), (126, 128), (67, 76), (177, 204), (22, 25), (81, 108), (118, 127), (108, 126), (209, 236), (200, 227), (182, 209), (109, 118), (201, 204), (81, 135), (76, 157), (128, 134), (64, 67), (91, 118), (22, 76), (165, 174), (174, 201), (4, 22), (0, 3), (174, 228)}
Obj: 28377

