Log for instance aco_tuning_out/inst27.txt.

Used ({'tau_0': 6.937615535889433e-06, 'xi': 0.07000322226687372, 'q0': 0.8259328344322499, 'alpha': 1.4144702071977722, 'beta': 1.897582215362626, 'rho': 0.08176475094706645, 'ants': 18}) and found best instance after 23.703125 seconds.
E1: {(154, 155), (196, 228), (155, 187), (43, 107), (35, 39), (206, 238), (0, 2), (23, 31), (114, 118), (34, 98), (187, 191), (4, 36), (221, 223), (198, 206), (128, 132), (128, 144), (116, 124), (142, 143), (29, 31), (159, 223), (221, 253), (112, 114), (31, 159), (0, 4), (143, 159), (114, 242), (132, 196), (27, 155), (213, 215), (54, 118), (249, 253), (31, 63), (2, 34), (60, 124), (107, 111), (35, 43), (190, 191), (142, 206), (98, 114), (112, 113), (0, 128), (112, 116), (34, 35), (2, 3), (196, 198), (196, 204), (242, 250), (30, 31), (159, 191), (215, 223), (209, 213)}
E2: {(105, 107), (243, 251), (155, 187), (147, 155), (125, 253), (176, 240), (202, 234), (97, 105), (187, 191), (48, 176), (251, 255), (253, 255), (56, 58), (240, 242), (6, 14), (243, 247), (220, 221), (221, 253), (14, 15), (216, 220), (14, 30), (31, 159), (48, 56), (143, 159), (97, 101), (10, 14), (187, 251), (234, 250), (123, 251), (144, 176), (56, 57), (119, 247), (226, 230), (107, 111), (141, 143), (226, 242), (107, 123), (242, 250), (166, 230), (30, 31), (159, 191), (250, 251)}
Obj: 26949

