Log for instance aco_tuning_out/inst27.txt.

Used ({'tau_0': 5.072339472437726e-06, 'xi': 0.06750660483788565, 'q0': 0.39673942663117334, 'alpha': 1.3764884196051321, 'beta': 0.7955077619397278, 'rho': 0.4521931615046479, 'ants': 17}) and found best instance after 8.6875 seconds.
E1: {(154, 155), (197, 205), (188, 190), (146, 154), (107, 235), (43, 107), (52, 116), (216, 218), (10, 138), (121, 249), (187, 191), (149, 213), (132, 148), (230, 238), (205, 221), (249, 251), (197, 213), (62, 190), (146, 147), (154, 218), (61, 63), (147, 151), (52, 54), (144, 146), (216, 217), (138, 142), (187, 251), (29, 61), (27, 155), (149, 151), (148, 149), (235, 251), (138, 154), (63, 191), (2, 10), (151, 215), (226, 230), (218, 250), (2, 34), (228, 230), (209, 217), (107, 111), (226, 242), (60, 188), (30, 62), (38, 39), (23, 151), (38, 54), (113, 121), (2, 3), (242, 250), (204, 205), (36, 38), (62, 63), (250, 251), (54, 62)}
E2: {(105, 107), (132, 164), (150, 151), (101, 109), (97, 105), (73, 105), (48, 176), (123, 127), (221, 223), (115, 123), (78, 110), (122, 250), (148, 150), (132, 148), (110, 111), (230, 238), (6, 14), (73, 77), (202, 206), (177, 241), (206, 222), (58, 122), (125, 127), (147, 151), (144, 152), (49, 113), (127, 255), (14, 30), (234, 238), (113, 241), (10, 14), (115, 119), (97, 113), (234, 250), (240, 241), (144, 176), (13, 77), (110, 238), (13, 141), (241, 243), (226, 230), (164, 166), (107, 111), (222, 223), (14, 78), (107, 123), (78, 206), (176, 177), (144, 148), (152, 216), (49, 57), (109, 111), (13, 15)}
Obj: 33181

