Log for instance aco_tuning_out/inst30.txt.

Used ({'tau_0': 9.24915798617957e-06, 'xi': 0.05399113180694906, 'q0': 0.5348646852525689, 'alpha': 0.8177192610685395, 'beta': 1.9504865720120417, 'rho': 0.35361961105123524, 'ants': 16}) and found best instance after 14.875 seconds.
E1: {(93, 102), (106, 133), (226, 229), (162, 171), (93, 120), (162, 168), (171, 177), (29, 32), (38, 47), (29, 47), (171, 198), (109, 110), (14, 95), (149, 152), (198, 200), (94, 97), (93, 95), (148, 229), (90, 93), (133, 134), (36, 198), (168, 195), (209, 236), (64, 226), (94, 148), (29, 110), (91, 97), (148, 149), (0, 162), (25, 106), (193, 211), (220, 229), (193, 220), (90, 171), (47, 209), (97, 106), (36, 38), (94, 95)}
E2: {(175, 184), (162, 165), (162, 171), (226, 229), (45, 126), (171, 177), (165, 167), (175, 202), (228, 229), (207, 209), (167, 176), (171, 198), (180, 207), (198, 200), (160, 161), (22, 184), (165, 166), (180, 182), (133, 134), (22, 25), (118, 127), (209, 236), (127, 133), (64, 226), (126, 207), (196, 205), (175, 176), (109, 118), (81, 135), (91, 118), (202, 205), (0, 162), (81, 162), (126, 127), (143, 152), (202, 229), (143, 161), (133, 160), (195, 196), (157, 160), (198, 207)}
Obj: 32570

