Log for instance aco_tuning_out/inst06.txt.

Used ({'tau0': 5.498217034018323e-06, 'xi': 0.07476910638285614, 'q0': 0.4717218972346363, 'alpha': 1.947841791710605, 'beta': 1.831830451033867, 'rho': 0.12093333427234658, 'ants': 15}) and found best instance after 17.1875 seconds.
E1: {(210, 242), (105, 107), (182, 183), (206, 238), (237, 253), (67, 83), (192, 224), (129, 131), (210, 214), (89, 217), (2, 130), (212, 214), (8, 24), (206, 207), (174, 175), (14, 46), (85, 213), (23, 55), (6, 14), (240, 242), (174, 190), (45, 61), (206, 222), (224, 240), (180, 182), (3, 67), (3, 131), (221, 253), (212, 213), (10, 14), (172, 174), (2, 10), (114, 242), (213, 221), (214, 222), (174, 238), (53, 55), (53, 61), (249, 253), (55, 183), (166, 182), (99, 107), (182, 190), (46, 174), (78, 206), (217, 221), (8, 10), (2, 3), (67, 99), (39, 55), (131, 135), (224, 232)}
E2: {(193, 195), (193, 201), (32, 34), (162, 226), (32, 40), (188, 190), (101, 103), (156, 158), (193, 225), (103, 231), (196, 197), (2, 66), (89, 217), (1, 3), (156, 188), (34, 162), (196, 212), (96, 97), (193, 197), (32, 36), (201, 217), (162, 170), (180, 182), (188, 189), (229, 245), (170, 171), (225, 229), (97, 101), (1, 5), (132, 196), (66, 74), (1, 17), (74, 90), (32, 96), (162, 166), (166, 182), (163, 171), (2, 34), (171, 175), (182, 190), (171, 187), (129, 193), (66, 70), (103, 119), (2, 3), (68, 70), (97, 225), (2, 18), (158, 159)}
Obj: 30376

