Log for instance aco_tuning_out/inst03.txt.

Used ({'tau_0': 6.293660666238772e-06, 'xi': 0.0765998967889499, 'q0': 0.6265340995784354, 'alpha': 0.31196112568590606, 'beta': 0.6324794380700602, 'rho': 0.3069899243645694, 'ants': 19}) and found best instance after 159.75 seconds.
E1: {(128, 136), (136, 137), (210, 242), (132, 164), (219, 223), (211, 219), (20, 148), (210, 211), (39, 167), (49, 53), (36, 37), (187, 191), (221, 223), (37, 39), (132, 148), (64, 65), (240, 242), (128, 132), (64, 68), (136, 200), (83, 115), (52, 54), (164, 228), (20, 28), (49, 113), (167, 175), (207, 223), (20, 52), (115, 119), (148, 149), (36, 164), (135, 167), (200, 202), (24, 28), (37, 53), (175, 191), (147, 211), (200, 232), (113, 115), (0, 64), (9, 137), (0, 128), (49, 57), (28, 92), (37, 101), (83, 211), (195, 211), (200, 204)}
E2: {(192, 194), (200, 201), (136, 137), (128, 136), (177, 181), (132, 164), (32, 40), (200, 216), (32, 34), (98, 226), (154, 158), (43, 107), (107, 235), (181, 245), (196, 197), (49, 53), (36, 37), (34, 98), (148, 150), (5, 37), (53, 181), (37, 45), (132, 148), (158, 222), (136, 200), (128, 132), (32, 36), (32, 48), (15, 47), (132, 196), (36, 164), (37, 53), (32, 160), (128, 192), (180, 181), (47, 63), (164, 166), (33, 49), (107, 111), (99, 107), (194, 210), (164, 172), (98, 114), (150, 158), (107, 123), (9, 137), (0, 128), (196, 198), (45, 47), (158, 159), (47, 111), (17, 49)}
Obj: 28583

