Log for instance aco_tuning_out/inst30.txt.

Used ({'tau_0': 7.905277958202082e-06, 'xi': 0.07780203477312476, 'q0': 0.5400401332579152, 'alpha': 1.238650111364569, 'beta': 1.1701509091931812, 'rho': 0.3657463607855648, 'ants': 16}) and found best instance after 6.8125 seconds.
E1: {(101, 155), (171, 174), (162, 171), (162, 168), (184, 211), (167, 176), (171, 198), (25, 187), (100, 101), (131, 134), (198, 200), (117, 120), (117, 123), (42, 44), (35, 44), (36, 198), (168, 195), (64, 226), (100, 103), (118, 145), (103, 184), (86, 113), (102, 103), (113, 131), (36, 42), (155, 236), (109, 118), (174, 177), (123, 150), (32, 35), (117, 198), (91, 118), (14, 176), (0, 162), (150, 152), (145, 226), (86, 167), (83, 86), (117, 118), (174, 176), (83, 101), (184, 187)}
E2: {(185, 188), (51, 53), (118, 119), (125, 134), (33, 51), (176, 185), (46, 127), (125, 152), (166, 220), (198, 200), (227, 236), (45, 46), (136, 139), (136, 145), (145, 148), (182, 188), (118, 127), (139, 220), (64, 226), (26, 53), (118, 145), (117, 119), (174, 177), (226, 227), (109, 127), (119, 125), (117, 198), (53, 134), (91, 118), (145, 226), (174, 201), (135, 136), (18, 45), (174, 228), (33, 195), (0, 18), (174, 176), (198, 201), (148, 157), (25, 26)}
Obj: 34664

