Log for instance aco_tuning_out/inst09.txt.

Used ({'tau0': 2.3890526897386258e-06, 'xi': 0.09728269253474063, 'q0': 0.5264084644635578, 'alpha': 0.34480659763074994, 'beta': 1.2781748892293714, 'rho': 0.12380145068388254, 'ants': 25}) and found best instance after 244.390625 seconds.
E1: {(120, 129), (162, 168), (87, 89), (234, 236), (72, 75), (54, 216), (75, 156), (54, 72), (166, 169), (177, 178), (13, 14), (13, 16), (54, 135), (0, 54), (217, 223), (87, 168), (72, 234), (156, 157), (169, 178), (129, 156), (16, 178), (102, 156), (162, 216), (72, 78), (16, 43), (216, 217), (168, 169)}
E2: {(162, 168), (87, 89), (133, 214), (76, 79), (132, 133), (134, 215), (61, 223), (45, 126), (62, 224), (130, 133), (121, 130), (35, 197), (79, 160), (58, 76), (4, 166), (25, 79), (197, 215), (0, 162), (214, 215), (126, 132), (87, 168), (125, 152), (168, 177), (195, 197), (120, 121), (168, 170), (211, 214), (197, 224), (61, 62), (121, 122), (133, 160), (170, 197), (4, 58), (58, 59), (122, 125), (76, 157), (32, 35)}
Obj: 26909

