Log for instance aco_tuning_out/inst09.txt.

Used ({'tau_0': 5.27015365896669e-06, 'xi': 0.12993599333145528, 'q0': 0.31614692226037566, 'alpha': 1.9457803192705339, 'beta': 1.0826765605366773, 'rho': 0.462237565316319, 'ants': 26}) and found best instance after 8.28125 seconds.
E1: {(43, 205), (18, 72), (57, 219), (180, 186), (135, 138), (207, 209), (180, 207), (66, 75), (57, 66), (102, 156), (223, 232), (72, 75), (82, 83), (219, 222), (177, 186), (156, 157), (72, 78), (0, 18), (85, 112), (209, 236), (12, 39), (18, 180), (31, 58), (39, 120), (75, 156), (12, 66), (82, 85), (85, 166), (205, 232), (12, 14), (222, 223), (57, 58), (83, 89), (31, 112), (138, 156)}
E2: {(4, 58), (160, 241), (0, 54), (141, 142), (76, 238), (31, 32), (4, 85), (66, 75), (57, 66), (134, 161), (223, 232), (160, 161), (72, 75), (232, 241), (86, 89), (150, 159), (22, 25), (141, 159), (66, 68), (238, 241), (31, 58), (4, 166), (177, 231), (231, 232), (76, 157), (114, 141), (123, 150), (54, 72), (59, 68), (45, 72), (57, 58), (4, 22), (152, 161), (142, 160), (211, 238), (75, 76), (85, 86), (114, 195), (120, 123)}
Obj: 30720

