Log for instance aco_tuning_out/inst30.txt.

Used ({'tau0': 9.119507042405133e-06, 'xi': 0.08312134642286392, 'q0': 0.652583610347572, 'alpha': 1.9538629702340153, 'beta': 0.5827075905861862, 'rho': 0.2829709186785237, 'ants': 20}) and found best instance after 9.3125 seconds.
E1: {(39, 201), (226, 229), (162, 171), (18, 20), (189, 216), (20, 26), (179, 233), (116, 134), (171, 198), (162, 189), (234, 236), (5, 86), (152, 233), (198, 200), (201, 202), (83, 164), (30, 39), (171, 173), (82, 83), (164, 173), (173, 179), (36, 198), (20, 101), (113, 116), (64, 226), (36, 39), (39, 120), (30, 32), (86, 113), (177, 179), (18, 21), (82, 91), (202, 211), (0, 162), (5, 14), (82, 109), (202, 229), (21, 102), (83, 86), (216, 234), (189, 195), (83, 101), (25, 26)}
E2: {(166, 175), (185, 188), (212, 239), (68, 149), (226, 229), (171, 174), (162, 171), (175, 202), (228, 229), (162, 168), (139, 157), (176, 185), (171, 198), (236, 239), (149, 152), (185, 239), (26, 188), (174, 175), (136, 139), (136, 145), (171, 173), (83, 164), (82, 83), (164, 173), (182, 188), (36, 198), (168, 195), (68, 230), (64, 226), (134, 215), (173, 200), (175, 176), (27, 36), (174, 177), (27, 45), (82, 91), (0, 162), (145, 226), (135, 136), (82, 109), (202, 229), (212, 215), (230, 239), (25, 26)}
Obj: 34808

