Log for instance aco_tuning_out/inst12.txt.

Used ({'tau_0': 5.27015365896669e-06, 'xi': 0.12993599333145528, 'q0': 0.31614692226037566, 'alpha': 1.9457803192705339, 'beta': 1.0826765605366773, 'rho': 0.462237565316319, 'ants': 26}) and found best instance after 9.3125 seconds.
E1: {(120, 129), (33, 42), (180, 183), (162, 171), (162, 168), (118, 119), (171, 180), (38, 44), (210, 211), (171, 198), (107, 134), (89, 107), (129, 210), (102, 183), (165, 166), (180, 182), (36, 198), (44, 53), (38, 119), (36, 42), (109, 118), (36, 45), (41, 44), (42, 43), (53, 134), (91, 118), (0, 162), (32, 41), (165, 168), (183, 210), (33, 195), (36, 38)}
E2: {(38, 200), (54, 135), (162, 171), (37, 64), (162, 168), (118, 119), (96, 177), (87, 89), (29, 32), (29, 38), (171, 198), (25, 187), (29, 56), (109, 110), (87, 168), (98, 152), (102, 183), (168, 177), (96, 98), (36, 198), (155, 158), (198, 199), (37, 38), (169, 187), (155, 236), (157, 158), (36, 45), (54, 60), (110, 119), (193, 196), (169, 196), (128, 134), (196, 223), (110, 128), (193, 211), (165, 168), (165, 183), (59, 77), (60, 78), (77, 158), (118, 199), (54, 56), (36, 38), (166, 169), (37, 43), (168, 169), (56, 59)}
Obj: 32433

