Log for instance aco_tuning_out/inst18.txt.

Used ({'tau0': 1.909159906569024e-06, 'xi': 0.11956886836355252, 'q0': 0.3752425237189395, 'alpha': 1.7473087080286895, 'beta': 0.3768151318487377, 'rho': 0.3399270042677068, 'ants': 31}) and found best instance after 27.4375 seconds.
E1: {(58, 59), (82, 90), (150, 151), (29, 93), (201, 233), (161, 169), (82, 114), (1, 3), (114, 118), (1, 9), (252, 253), (93, 95), (85, 213), (14, 46), (197, 213), (45, 61), (6, 14), (209, 213), (110, 126), (160, 161), (59, 63), (61, 63), (147, 151), (46, 47), (221, 253), (3, 131), (80, 82), (57, 59), (39, 47), (169, 233), (1, 5), (29, 61), (213, 215), (213, 221), (54, 118), (110, 238), (85, 93), (151, 215), (137, 201), (47, 63), (107, 111), (213, 245), (99, 107), (46, 110), (118, 126), (9, 137), (66, 82), (131, 147), (151, 159), (47, 111)}
E2: {(168, 172), (160, 168), (108, 109), (146, 154), (168, 184), (60, 62), (163, 179), (101, 109), (114, 115), (80, 208), (252, 253), (114, 118), (1, 9), (8, 24), (78, 110), (115, 123), (244, 252), (168, 232), (240, 242), (146, 150), (110, 126), (25, 89), (221, 253), (70, 78), (24, 56), (208, 210), (14, 30), (40, 168), (8, 72), (114, 242), (1, 5), (244, 245), (9, 25), (54, 118), (24, 25), (208, 240), (110, 238), (240, 244), (56, 60), (146, 210), (108, 110), (51, 115), (51, 179), (118, 126), (30, 62), (113, 115), (14, 142), (66, 70), (70, 86), (54, 62), (8, 40)}
Obj: 29536

