Log for instance aco_tuning_out/inst09.txt.

Used ({'tau0': 4.5971794894411765e-06, 'xi': 0.07935886436067696, 'q0': 0.6133148179425765, 'alpha': 0.959591163017489, 'beta': 1.7442602148622774, 'rho': 0.32248764047634604, 'ants': 29}) and found best instance after 25.9375 seconds.
E1: {(166, 175), (226, 232), (6, 15), (3, 4), (4, 58), (226, 229), (87, 141), (6, 24), (84, 87), (175, 202), (87, 89), (135, 141), (84, 102), (43, 70), (227, 236), (24, 78), (223, 232), (6, 87), (70, 232), (58, 76), (175, 176), (4, 166), (226, 227), (76, 157), (14, 176), (96, 123), (87, 96), (0, 3), (3, 84), (202, 229), (15, 177), (120, 123)}
E2: {(166, 175), (185, 188), (3, 4), (4, 58), (58, 59), (32, 113), (176, 185), (131, 134), (152, 233), (223, 232), (51, 52), (120, 201), (168, 195), (25, 52), (58, 76), (205, 214), (175, 176), (89, 170), (113, 131), (4, 166), (45, 51), (174, 177), (104, 131), (76, 157), (168, 170), (211, 214), (205, 232), (174, 201), (178, 232), (0, 3), (170, 188), (175, 178), (174, 176), (104, 185), (232, 233), (52, 214)}
Obj: 27998

