Log for instance aco_tuning_out/inst30.txt.

Used ({'tau0': 4.060261844275314e-06, 'xi': 0.08488866370438058, 'q0': 0.7517708033130077, 'alpha': 0.7568921075953849, 'beta': 1.442677676309637, 'rho': 0.31238065733584786, 'ants': 26}) and found best instance after 31.625 seconds.
E1: {(145, 146), (101, 155), (226, 229), (162, 171), (175, 202), (171, 177), (64, 145), (29, 32), (131, 134), (102, 104), (201, 202), (136, 145), (171, 173), (173, 176), (164, 173), (120, 201), (191, 197), (20, 101), (195, 197), (164, 191), (173, 200), (19, 20), (175, 176), (104, 131), (14, 176), (146, 155), (109, 136), (0, 162), (146, 152), (202, 211), (145, 226), (101, 104), (202, 229), (91, 145), (19, 25), (29, 191), (155, 236)}
E2: {(198, 225), (162, 171), (162, 168), (118, 119), (171, 177), (64, 145), (38, 41), (40, 41), (171, 198), (225, 227), (25, 187), (227, 233), (131, 134), (152, 233), (227, 236), (140, 158), (83, 164), (136, 145), (171, 173), (131, 158), (164, 173), (36, 198), (168, 195), (40, 49), (164, 182), (118, 145), (38, 119), (173, 200), (169, 187), (109, 118), (36, 45), (49, 76), (76, 157), (0, 162), (86, 140), (135, 136), (225, 228), (91, 145), (83, 86), (36, 38), (166, 169), (168, 169)}
Obj: 32197

