Log for instance aco_tuning_out/inst06.txt.

Used ({'tau0': 9.375317187382458e-06, 'xi': 0.1262899054888864, 'q0': 0.7055217120426633, 'alpha': 1.8010444237149952, 'beta': 1.3070739401200755, 'rho': 0.0819059266997208, 'ants': 15}) and found best instance after 30.0625 seconds.
E1: {(128, 130), (232, 248), (50, 58), (180, 244), (206, 238), (228, 244), (192, 224), (210, 211), (87, 95), (135, 199), (2, 130), (221, 223), (91, 95), (206, 207), (53, 181), (37, 45), (224, 228), (174, 175), (128, 129), (166, 174), (6, 14), (37, 39), (174, 190), (10, 42), (206, 222), (25, 89), (212, 244), (105, 109), (248, 249), (89, 91), (199, 207), (95, 223), (207, 223), (10, 14), (172, 174), (83, 87), (2, 10), (85, 87), (45, 109), (174, 238), (24, 25), (109, 237), (240, 244), (37, 53), (128, 192), (180, 181), (42, 46), (50, 114), (42, 58), (46, 174), (23, 87), (78, 206), (2, 3), (83, 211), (224, 232)}
E2: {(90, 91), (193, 195), (193, 201), (32, 40), (32, 34), (188, 190), (146, 154), (180, 244), (193, 225), (87, 95), (196, 197), (2, 66), (1, 3), (156, 188), (157, 159), (91, 95), (196, 212), (174, 175), (166, 174), (87, 119), (96, 97), (174, 190), (193, 197), (32, 36), (212, 244), (154, 218), (188, 189), (180, 188), (90, 218), (157, 189), (89, 91), (170, 171), (170, 174), (97, 101), (1, 5), (244, 245), (132, 196), (230, 231), (68, 196), (1, 17), (32, 96), (226, 230), (163, 171), (2, 34), (18, 146), (171, 187), (129, 193), (2, 3), (97, 225), (2, 18), (166, 230)}
Obj: 30917

