Log for instance aco_tuning_out/inst27.txt.

Used ({'tau0': 5.984400518709856e-06, 'xi': 0.13241385165248287, 'q0': 0.4542903648549634, 'alpha': 0.4898957854025313, 'beta': 0.29966337375676566, 'rho': 0.06680927871977722, 'ants': 9}) and found best instance after 245.921875 seconds.
E1: {(7, 23), (196, 228), (3, 7), (60, 62), (144, 208), (186, 250), (221, 223), (27, 31), (249, 251), (215, 223), (62, 190), (100, 116), (29, 31), (221, 253), (14, 30), (39, 47), (113, 241), (236, 238), (187, 251), (132, 196), (47, 111), (36, 100), (100, 228), (208, 209), (249, 253), (241, 249), (43, 47), (228, 236), (38, 39), (14, 142), (7, 39), (38, 54), (154, 186), (209, 241), (186, 190), (34, 38), (196, 204), (36, 38), (62, 63), (30, 31), (31, 63), (250, 251), (54, 62)}
E2: {(119, 127), (15, 143), (243, 251), (216, 218), (144, 208), (251, 255), (123, 127), (122, 250), (211, 243), (253, 255), (56, 58), (6, 14), (166, 230), (10, 42), (58, 122), (194, 202), (125, 127), (202, 218), (221, 253), (14, 15), (208, 216), (101, 117), (14, 30), (48, 56), (194, 226), (10, 14), (117, 119), (208, 240), (56, 57), (226, 230), (111, 127), (218, 250), (147, 211), (141, 143), (42, 58), (122, 123), (250, 251)}
Obj: 24146

