Log for instance aco_tuning_out/inst21.txt.

Used ({'tau_0': 6.651390889237055e-06, 'xi': 0.11158156951036152, 'q0': 0.3891327832249725, 'alpha': 0.5704086329673803, 'beta': 0.45022269695520334, 'rho': 0.05657845121910911, 'ants': 23}) and found best instance after 298.1875 seconds.
E1: {(226, 229), (171, 177), (228, 229), (167, 176), (171, 198), (217, 226), (217, 223), (149, 152), (198, 200), (171, 173), (229, 230), (176, 230), (173, 176), (36, 198), (173, 182), (64, 226), (166, 167), (36, 45), (5, 167), (14, 176), (149, 230), (136, 217), (135, 136), (5, 32)}
E2: {(226, 232), (29, 32), (57, 59), (64, 226), (182, 209), (27, 36), (130, 211), (27, 54), (108, 189), (27, 29), (189, 198), (108, 109), (223, 232), (108, 111), (36, 198), (78, 79), (209, 236), (36, 45), (25, 79), (145, 226), (36, 38), (189, 195), (70, 232), (145, 146), (0, 54), (70, 79), (92, 146), (43, 70), (198, 200), (98, 152), (11, 38), (211, 212), (54, 57), (92, 98), (111, 120), (89, 98), (91, 92), (209, 212), (200, 209), (130, 157), (108, 135), (11, 92)}
Obj: 27526

