Log for instance aco_tuning_out/inst12.txt.

Used ({'tau_0': 7.905277958202082e-06, 'xi': 0.07780203477312476, 'q0': 0.5400401332579152, 'alpha': 1.238650111364569, 'beta': 1.1701509091931812, 'rho': 0.3657463607855648, 'ants': 16}) and found best instance after 8.265625 seconds.
E1: {(166, 175), (120, 129), (39, 201), (162, 171), (162, 168), (175, 202), (102, 129), (125, 134), (171, 198), (83, 164), (136, 145), (82, 83), (162, 164), (30, 39), (42, 44), (120, 201), (164, 173), (173, 176), (36, 198), (168, 195), (173, 182), (36, 39), (36, 42), (175, 176), (30, 32), (88, 89), (36, 45), (42, 43), (82, 88), (0, 162), (202, 211), (44, 125), (82, 109), (91, 145), (82, 136)}
E2: {(105, 107), (4, 58), (58, 59), (37, 64), (55, 136), (105, 186), (69, 71), (31, 32), (76, 238), (70, 79), (40, 41), (43, 70), (100, 101), (142, 223), (89, 107), (45, 46), (200, 203), (102, 183), (67, 70), (181, 235), (177, 186), (49, 211), (79, 160), (69, 70), (58, 67), (58, 76), (41, 203), (235, 236), (31, 58), (4, 166), (183, 186), (49, 76), (40, 67), (55, 58), (128, 134), (109, 136), (71, 152), (46, 49), (135, 136), (101, 107), (60, 69), (26, 107), (142, 160), (60, 78), (235, 238), (101, 128), (37, 40), (157, 160), (25, 26), (100, 181)}
Obj: 34968

