Log for instance aco_tuning_out/inst03.txt.

Used ({'tau_0': 2.760703391532889e-06, 'xi': 0.11284095755067615, 'q0': 0.39431429333058177, 'alpha': 1.2851296972235255, 'beta': 1.3966465894197229, 'rho': 0.20591685095973755, 'ants': 13}) and found best instance after 17.0625 seconds.
E1: {(136, 137), (24, 88), (155, 187), (101, 103), (147, 155), (84, 212), (211, 219), (20, 84), (228, 244), (113, 117), (39, 103), (210, 211), (57, 121), (187, 191), (68, 69), (53, 117), (206, 207), (149, 213), (68, 84), (36, 52), (136, 200), (202, 206), (212, 244), (52, 54), (147, 151), (84, 92), (101, 117), (204, 206), (212, 213), (65, 69), (20, 52), (149, 151), (68, 196), (213, 221), (200, 202), (240, 244), (88, 92), (175, 191), (147, 211), (52, 53), (200, 232), (9, 137), (103, 119), (113, 121), (135, 151), (196, 204), (195, 211)}
E2: {(32, 34), (32, 40), (193, 201), (154, 158), (44, 45), (107, 235), (98, 226), (43, 107), (180, 244), (40, 44), (9, 11), (1, 9), (48, 176), (34, 98), (148, 150), (158, 222), (132, 148), (192, 193), (45, 61), (32, 33), (128, 132), (193, 197), (32, 36), (1, 33), (148, 180), (61, 63), (44, 172), (192, 208), (198, 230), (32, 48), (208, 210), (208, 216), (0, 1), (1, 5), (244, 245), (1, 17), (32, 160), (226, 230), (128, 192), (98, 99), (107, 111), (99, 107), (107, 123), (176, 177), (98, 114), (150, 158), (0, 128), (11, 15), (166, 230), (158, 159)}
Obj: 30327

