Log for instance aco_tuning_out/inst21.txt.

Used ({'tau_0': 7.199516623553175e-06, 'xi': 0.11757684122784635, 'q0': 0.8950304976400971, 'alpha': 1.7862372914817117, 'beta': 1.3396042945590478, 'rho': 0.08070539620138223, 'ants': 25}) and found best instance after 66.125 seconds.
E1: {(166, 175), (39, 201), (226, 229), (147, 149), (175, 202), (66, 228), (29, 32), (29, 38), (179, 233), (176, 179), (176, 185), (152, 233), (198, 200), (39, 66), (201, 202), (182, 185), (36, 198), (135, 137), (64, 226), (175, 176), (36, 45), (66, 147), (224, 233), (177, 179), (146, 149), (137, 146), (14, 176), (202, 229), (36, 38), (198, 201), (223, 224)}
E2: {(226, 232), (33, 42), (39, 201), (162, 171), (226, 235), (147, 149), (39, 42), (83, 137), (171, 198), (20, 47), (100, 101), (149, 152), (78, 159), (152, 233), (198, 200), (39, 66), (223, 232), (82, 83), (156, 157), (120, 201), (135, 137), (20, 101), (66, 68), (64, 226), (235, 236), (19, 20), (205, 214), (91, 100), (66, 147), (146, 149), (137, 146), (156, 159), (205, 232), (0, 162), (59, 68), (211, 214), (32, 50), (147, 156), (82, 100), (82, 109), (83, 89), (19, 25), (33, 195), (45, 47), (43, 205), (198, 201), (20, 182), (232, 233), (47, 50)}
Obj: 30533

