Log for instance aco_tuning_out/inst30.txt.

Used ({'tau0': 2.3890526897386258e-06, 'xi': 0.09728269253474063, 'q0': 0.5264084644635578, 'alpha': 0.34480659763074994, 'beta': 1.2781748892293714, 'rho': 0.12380145068388254, 'ants': 25}) and found best instance after 235.578125 seconds.
E1: {(162, 171), (29, 32), (184, 211), (199, 205), (171, 198), (98, 125), (98, 152), (83, 164), (162, 164), (209, 215), (120, 201), (118, 124), (64, 226), (195, 197), (2, 83), (91, 145), (198, 201), (81, 82), (171, 177), (125, 134), (22, 23), (0, 81), (22, 184), (2, 29), (82, 83), (200, 209), (124, 125), (22, 25), (209, 236), (50, 212), (118, 145), (198, 199), (205, 214), (109, 118), (197, 215), (21, 23), (145, 226), (14, 23), (21, 102), (118, 199), (214, 215), (212, 215), (23, 50)}
E2: {(226, 232), (101, 155), (146, 227), (152, 233), (227, 236), (168, 177), (27, 189), (168, 195), (64, 226), (155, 158), (189, 190), (169, 187), (196, 205), (231, 232), (27, 36), (226, 227), (81, 135), (205, 232), (81, 162), (199, 200), (91, 145), (166, 169), (232, 233), (190, 199), (190, 196), (162, 189), (101, 182), (16, 178), (134, 161), (161, 242), (0, 81), (16, 25), (228, 231), (178, 187), (233, 242), (157, 158), (36, 45), (109, 118), (169, 196), (146, 155), (145, 226), (118, 199), (168, 169)}
Obj: 35588

