Log for instance aco_tuning_out/inst15.txt.

Used ({'tau0': 3.0123184321619356e-06, 'xi': 0.12162366348291398, 'q0': 0.6525057095214953, 'alpha': 0.3418731697773203, 'beta': 1.7855031617760102, 'rho': 0.2482497904794193, 'ants': 32}) and found best instance after 267.09375 seconds.
E1: {(83, 110), (199, 205), (204, 231), (118, 124), (64, 226), (177, 231), (118, 119), (82, 83), (228, 231), (91, 100), (204, 205), (118, 199), (119, 200), (195, 204), (83, 164), (164, 182), (110, 119), (204, 213), (199, 226), (154, 157), (43, 124), (109, 118), (51, 213), (82, 100), (100, 154), (51, 78)}
E2: {(5, 59), (175, 202), (21, 22), (171, 198), (135, 144), (100, 101), (195, 204), (198, 200), (54, 55), (89, 116), (72, 75), (209, 215), (134, 215), (116, 197), (182, 209), (21, 75), (18, 21), (14, 176), (54, 72), (202, 211), (74, 236), (1, 4), (5, 32), (198, 204), (166, 175), (179, 206), (18, 20), (171, 177), (228, 229), (2, 164), (176, 179), (144, 153), (2, 5), (171, 173), (72, 78), (4, 5), (173, 176), (164, 173), (22, 25), (0, 1), (20, 101), (197, 206), (72, 74), (206, 215), (55, 64), (202, 205), (45, 72), (72, 153), (82, 100), (4, 22), (82, 109), (202, 229), (204, 205), (43, 205)}
Obj: 30261

