Log for instance aco_tuning_out/inst24.txt.

Used ({'tau0': 6.1953877645287985e-06, 'xi': 0.12592428493863295, 'q0': 0.5371346552036473, 'alpha': 0.6164150020009103, 'beta': 1.0047990339648631, 'rho': 0.10018538445968772, 'ants': 21}) and found best instance after 131.984375 seconds.
E1: {(76, 92), (42, 106), (32, 34), (90, 94), (58, 59), (15, 143), (243, 251), (12, 13), (13, 45), (0, 2), (176, 240), (92, 94), (186, 250), (2, 130), (220, 252), (122, 250), (7, 71), (160, 176), (220, 221), (12, 76), (57, 59), (143, 159), (34, 42), (106, 122), (235, 251), (144, 176), (13, 141), (32, 160), (7, 15), (139, 143), (2, 34), (76, 108), (141, 143), (42, 58), (43, 59), (40, 42), (90, 122), (154, 186), (186, 190), (92, 220), (250, 251)}
E2: {(183, 191), (98, 226), (220, 222), (237, 253), (178, 179), (187, 191), (34, 98), (147, 179), (253, 255), (53, 181), (120, 122), (231, 239), (166, 230), (220, 221), (21, 85), (181, 183), (221, 253), (176, 178), (191, 255), (88, 120), (165, 181), (5, 21), (179, 183), (2, 10), (106, 122), (230, 231), (199, 231), (63, 191), (88, 89), (144, 176), (226, 230), (56, 60), (175, 191), (180, 181), (2, 34), (228, 230), (56, 120), (98, 114), (90, 122), (195, 199), (114, 122), (21, 53), (175, 239)}
Obj: 24985

