Log for instance aco_tuning_out/inst27.txt.

Used ({'tau0': 7.151935564269642e-06, 'xi': 0.10184361707760894, 'q0': 0.5077701235510973, 'alpha': 0.5847895154504361, 'beta': 0.6413829753178264, 'rho': 0.2990121644546394, 'ants': 8}) and found best instance after 14.890625 seconds.
E1: {(250, 254), (105, 107), (146, 154), (4, 6), (43, 107), (60, 62), (43, 171), (190, 254), (248, 250), (97, 105), (10, 138), (28, 30), (4, 36), (209, 213), (6, 14), (62, 190), (238, 254), (116, 124), (28, 60), (248, 249), (144, 146), (14, 30), (39, 47), (10, 11), (10, 14), (236, 238), (28, 29), (2, 10), (97, 113), (213, 215), (47, 111), (138, 154), (217, 249), (47, 63), (209, 217), (2, 34), (60, 124), (107, 111), (3, 11), (204, 236), (228, 236), (4, 132), (23, 87), (171, 187), (14, 142), (217, 221), (87, 215), (62, 63), (11, 27), (54, 62)}
E2: {(119, 127), (105, 107), (15, 143), (6, 134), (216, 218), (176, 240), (97, 105), (123, 127), (48, 176), (122, 250), (253, 255), (6, 14), (58, 122), (125, 127), (99, 227), (147, 151), (202, 218), (221, 253), (14, 15), (15, 47), (127, 255), (49, 113), (14, 30), (97, 101), (143, 159), (10, 14), (97, 113), (134, 166), (144, 176), (226, 227), (111, 127), (218, 250), (107, 111), (141, 143), (99, 107), (48, 49), (49, 57), (122, 123), (227, 243), (151, 159), (47, 111)}
Obj: 26557

