Log for instance aco_tuning_out/inst24.txt.

Used ({'tau_0': 4.822265207889503e-06, 'xi': 0.13540262306958187, 'q0': 0.6138627392147109, 'alpha': 1.667403283011879, 'beta': 1.0113699636281308, 'rho': 0.16684714562074338, 'ants': 26}) and found best instance after 24.5625 seconds.
E1: {(137, 139), (76, 92), (42, 106), (41, 43), (171, 235), (99, 103), (146, 154), (43, 171), (0, 2), (128, 160), (176, 240), (40, 41), (2, 130), (187, 191), (34, 98), (122, 250), (220, 252), (137, 141), (41, 45), (10, 42), (220, 221), (128, 144), (12, 76), (41, 57), (14, 15), (139, 171), (10, 14), (2, 10), (106, 122), (240, 241), (144, 176), (241, 243), (98, 99), (2, 34), (12, 14), (76, 108), (71, 103), (42, 58), (190, 191), (40, 42), (171, 187), (0, 128), (90, 122), (130, 146), (92, 220), (159, 191)}
E2: {(55, 63), (165, 167), (237, 253), (0, 2), (178, 179), (147, 179), (121, 249), (179, 187), (253, 255), (85, 213), (249, 251), (74, 106), (206, 222), (4, 5), (128, 144), (221, 253), (176, 178), (179, 183), (178, 242), (0, 4), (114, 242), (74, 78), (167, 175), (187, 251), (2, 10), (213, 221), (166, 167), (230, 231), (53, 55), (120, 124), (144, 176), (74, 90), (249, 253), (120, 121), (55, 183), (199, 231), (89, 121), (226, 230), (2, 34), (228, 230), (60, 124), (78, 206), (176, 180), (0, 128), (167, 183), (195, 199), (10, 74), (166, 230)}
Obj: 27953

