Log for instance aco_tuning_out/inst18.txt.

Used ({'tau_0': 2.2570844960363238e-06, 'xi': 0.1499824051273781, 'q0': 0.6397024715024884, 'alpha': 1.3177960201993473, 'beta': 1.7274258641979925, 'rho': 0.06839890232135862, 'ants': 10}) and found best instance after 73.46875 seconds.
E1: {(136, 137), (128, 136), (71, 87), (99, 103), (82, 90), (58, 62), (86, 87), (150, 151), (126, 254), (39, 103), (128, 160), (87, 95), (2, 66), (1, 3), (1, 9), (85, 213), (62, 126), (197, 213), (209, 213), (9, 41), (238, 254), (41, 45), (82, 86), (147, 151), (29, 31), (41, 57), (80, 82), (31, 95), (31, 159), (103, 111), (46, 62), (1, 5), (213, 215), (54, 118), (151, 215), (137, 201), (213, 245), (71, 103), (9, 137), (2, 3), (2, 6), (252, 254), (66, 82), (62, 63), (86, 118), (151, 159), (54, 62)}
E2: {(168, 172), (200, 201), (160, 168), (154, 158), (108, 109), (232, 248), (168, 184), (60, 62), (163, 179), (101, 109), (114, 115), (252, 253), (40, 56), (114, 118), (1, 9), (115, 123), (78, 110), (168, 232), (62, 126), (30, 158), (240, 248), (110, 126), (72, 200), (82, 86), (245, 253), (221, 253), (24, 56), (80, 82), (248, 252), (142, 158), (40, 168), (1, 5), (54, 118), (110, 238), (137, 201), (56, 60), (108, 110), (82, 210), (51, 115), (51, 179), (200, 232), (30, 62), (113, 115), (150, 158), (9, 137), (89, 93), (66, 82), (93, 221), (86, 118), (54, 62)}
Obj: 27928

