Log for instance aco_tuning_out/inst21.txt.

Used ({'tau_0': 4.324890613407541e-06, 'xi': 0.12290267674013398, 'q0': 0.47304418264323866, 'alpha': 0.9643516325370455, 'beta': 0.8937714391186662, 'rho': 0.17837160642396882, 'ants': 18}) and found best instance after 35.046875 seconds.
E1: {(68, 149), (4, 58), (14, 68), (171, 177), (34, 196), (66, 228), (171, 180), (31, 32), (171, 198), (66, 75), (72, 234), (149, 152), (198, 200), (72, 75), (180, 234), (180, 182), (58, 67), (31, 34), (66, 68), (135, 216), (31, 58), (4, 166), (196, 223), (64, 67), (45, 72), (66, 67), (216, 234)}
E2: {(81, 82), (4, 58), (58, 59), (119, 200), (118, 119), (120, 147), (210, 211), (180, 207), (234, 236), (75, 78), (66, 75), (72, 234), (58, 220), (1, 82), (10, 91), (72, 75), (82, 83), (16, 25), (180, 182), (58, 67), (16, 43), (58, 76), (0, 1), (109, 118), (66, 147), (81, 135), (76, 157), (196, 223), (64, 67), (91, 118), (147, 150), (220, 223), (150, 152), (45, 72), (32, 59), (207, 210), (1, 4), (66, 67), (10, 16), (83, 89), (195, 196), (207, 234), (1, 10)}
Obj: 28317

