Log for instance aco_tuning_out/inst24.txt.

Used ({'tau_0': 4.426929263156353e-06, 'xi': 0.06025838234537617, 'q0': 0.705001489203017, 'alpha': 1.7379886783859488, 'beta': 1.7095931918554976, 'rho': 0.10716913974093385, 'ants': 23}) and found best instance after 23.546875 seconds.
E1: {(128, 130), (154, 155), (42, 106), (76, 92), (99, 103), (15, 143), (243, 251), (155, 187), (12, 13), (13, 45), (0, 2), (128, 160), (252, 253), (187, 191), (244, 252), (249, 251), (45, 61), (10, 42), (26, 90), (128, 144), (99, 227), (12, 76), (221, 253), (14, 15), (143, 159), (10, 14), (187, 251), (2, 10), (235, 251), (249, 253), (13, 141), (240, 244), (42, 43), (139, 143), (2, 34), (76, 108), (141, 143), (71, 103), (139, 155), (42, 58), (190, 191), (40, 42), (0, 128), (26, 58), (57, 61), (227, 243), (250, 251)}
E2: {(183, 191), (42, 106), (90, 91), (196, 228), (243, 251), (155, 187), (165, 167), (147, 155), (237, 253), (167, 231), (242, 243), (187, 191), (5, 37), (253, 255), (198, 206), (53, 181), (120, 122), (85, 213), (249, 251), (10, 42), (206, 222), (61, 63), (60, 61), (221, 253), (165, 181), (89, 91), (178, 242), (114, 242), (198, 199), (187, 251), (2, 10), (106, 122), (166, 167), (213, 221), (199, 231), (63, 191), (249, 253), (37, 53), (175, 191), (180, 181), (2, 34), (145, 147), (226, 242), (144, 145), (90, 122), (167, 183), (195, 199), (196, 198), (114, 122)}
Obj: 27448

