Log for instance aco_tuning_out/inst27.txt.

Used ({'tau0': 5.420704371762057e-06, 'xi': 0.09688583805471983, 'q0': 0.31023948946680013, 'alpha': 0.7611440380801126, 'beta': 1.2418611307887504, 'rho': 0.4656758616586811, 'ants': 22}) and found best instance after 25.15625 seconds.
E1: {(55, 63), (132, 164), (27, 59), (152, 154), (11, 139), (121, 249), (186, 250), (221, 223), (54, 55), (23, 55), (249, 251), (215, 223), (100, 116), (59, 63), (61, 63), (142, 143), (60, 61), (144, 152), (236, 238), (187, 251), (29, 61), (63, 127), (36, 100), (217, 249), (36, 164), (100, 228), (111, 127), (139, 143), (209, 217), (250, 251), (59, 187), (3, 11), (204, 236), (228, 236), (38, 39), (43, 59), (217, 221), (154, 186), (186, 190), (113, 121), (34, 38), (39, 55), (36, 38), (30, 31), (31, 63), (11, 27)}
E2: {(119, 127), (58, 59), (15, 143), (101, 103), (216, 218), (176, 240), (242, 243), (48, 176), (253, 255), (56, 58), (174, 175), (166, 174), (240, 242), (6, 14), (143, 175), (59, 63), (125, 127), (202, 218), (221, 253), (14, 15), (127, 255), (14, 30), (48, 56), (10, 14), (131, 139), (63, 127), (144, 176), (56, 57), (111, 127), (139, 143), (59, 123), (218, 250), (141, 143), (226, 242), (103, 119), (242, 250), (131, 147), (30, 31), (31, 63)}
Obj: 25242

