Log for instance aco_tuning_out/inst03.txt.

Used ({'tau0': 9.767241690470751e-06, 'xi': 0.11665997591227979, 'q0': 0.8943962543294219, 'alpha': 1.1523918797969719, 'beta': 1.0104719425759585, 'rho': 0.28187790444783706, 'ants': 10}) and found best instance after 15.546875 seconds.
E1: {(177, 181), (96, 104), (156, 188), (114, 118), (87, 119), (105, 109), (147, 151), (20, 22), (31, 95), (31, 159), (149, 151), (240, 244), (32, 96), (38, 39), (0, 64), (0, 128), (151, 159), (136, 137), (108, 109), (156, 158), (0, 2), (210, 211), (92, 94), (158, 222), (64, 68), (10, 42), (65, 97), (165, 181), (97, 101), (135, 167), (56, 57), (76, 108), (188, 252), (98, 114), (9, 137), (36, 38), (195, 211), (159, 191), (96, 98), (165, 167), (211, 219), (86, 87), (228, 244), (87, 95), (97, 105), (187, 191), (8, 24), (244, 252), (76, 204), (32, 36), (221, 253), (49, 113), (78, 94), (49, 177), (143, 159), (8, 136), (2, 10), (76, 78), (147, 211), (42, 58), (200, 232), (78, 206), (143, 207), (68, 76), (128, 136), (104, 108), (252, 253), (53, 181), (56, 58), (202, 206), (83, 115), (206, 222), (22, 86), (54, 118), (200, 202), (175, 191), (113, 115), (83, 211), (158, 159)}
E2: {(177, 181), (105, 107), (96, 104), (148, 150), (105, 109), (147, 151), (14, 15), (48, 56), (166, 167), (32, 96), (32, 160), (2, 34), (59, 123), (33, 49), (0, 128), (151, 159), (136, 137), (108, 109), (216, 218), (0, 2), (210, 211), (132, 148), (0, 32), (10, 42), (59, 63), (198, 230), (165, 181), (132, 196), (128, 192), (76, 108), (98, 114), (40, 42), (9, 137), (96, 98), (196, 228), (107, 235), (146, 154), (165, 167), (4, 6), (211, 219), (43, 107), (228, 244), (193, 197), (32, 36), (146, 147), (49, 113), (169, 233), (49, 177), (10, 14), (172, 174), (244, 245), (2, 10), (76, 78), (45, 173), (105, 233), (180, 181), (42, 58), (78, 206), (218, 219), (196, 198), (128, 136), (193, 201), (58, 59), (206, 238), (150, 151), (104, 108), (201, 233), (169, 173), (198, 206), (56, 58), (6, 14), (32, 33), (83, 115), (206, 222), (4, 5), (17, 81), (174, 238), (226, 230), (81, 83), (107, 111), (99, 107), (113, 115), (83, 211)}
Obj: 42594

