Log for instance aco_tuning_out/inst24.txt.

Used ({'tau0': 1.7311092028219667e-06, 'xi': 0.08252852050291277, 'q0': 0.30102382451999166, 'alpha': 1.4307200972470873, 'beta': 1.366990204180299, 'rho': 0.3910589486840866, 'ants': 12}) and found best instance after 6.09375 seconds.
E1: {(128, 130), (154, 155), (42, 106), (15, 143), (154, 158), (188, 190), (107, 235), (156, 158), (12, 13), (13, 45), (99, 115), (152, 154), (0, 2), (40, 44), (128, 160), (141, 157), (248, 250), (157, 221), (155, 159), (156, 188), (220, 252), (186, 250), (158, 222), (240, 248), (206, 222), (156, 157), (44, 108), (58, 186), (128, 144), (142, 143), (12, 76), (26, 90), (78, 79), (79, 111), (144, 152), (49, 113), (142, 158), (103, 111), (106, 107), (76, 78), (42, 43), (2, 34), (76, 108), (107, 111), (156, 220), (99, 107), (71, 103), (42, 58), (139, 155), (113, 115), (78, 206), (0, 128), (26, 58), (49, 57), (115, 243), (92, 220)}
E2: {(73, 75), (111, 239), (177, 181), (0, 2), (146, 178), (179, 187), (53, 181), (149, 213), (174, 175), (166, 174), (224, 228), (88, 90), (231, 239), (85, 213), (146, 147), (59, 63), (206, 222), (73, 89), (173, 237), (98, 106), (60, 61), (128, 144), (221, 253), (176, 178), (78, 79), (88, 120), (79, 111), (165, 181), (0, 1), (181, 189), (57, 59), (179, 183), (49, 177), (106, 107), (74, 78), (239, 255), (1, 5), (2, 10), (74, 90), (144, 176), (226, 227), (177, 179), (96, 224), (75, 107), (2, 34), (107, 111), (171, 175), (195, 227), (149, 181), (173, 175), (98, 114), (78, 206), (171, 187), (176, 177), (57, 61), (0, 128), (176, 180), (49, 57), (189, 253), (224, 226), (96, 98), (175, 239)}
Obj: 34428

