Log for instance aco_tuning_out/inst15.txt.

Used ({'tau_0': 9.24915798617957e-06, 'xi': 0.05399113180694906, 'q0': 0.5348646852525689, 'alpha': 0.8177192610685395, 'beta': 1.9504865720120417, 'rho': 0.35361961105123524, 'ants': 16}) and found best instance after 14.703125 seconds.
E1: {(162, 171), (171, 177), (162, 168), (66, 228), (171, 180), (171, 198), (75, 78), (66, 75), (27, 28), (34, 43), (198, 200), (63, 64), (28, 109), (180, 182), (36, 198), (168, 195), (63, 66), (27, 36), (76, 157), (36, 63), (171, 172), (75, 76), (28, 34), (91, 172)}
E2: {(83, 110), (33, 42), (226, 229), (110, 191), (20, 23), (171, 177), (228, 229), (78, 80), (23, 77), (29, 32), (83, 137), (171, 198), (236, 239), (27, 28), (238, 239), (166, 220), (198, 200), (89, 116), (77, 239), (28, 109), (209, 215), (77, 80), (36, 198), (209, 236), (135, 137), (191, 209), (134, 215), (64, 226), (164, 182), (164, 191), (19, 20), (28, 29), (36, 42), (27, 36), (27, 45), (110, 116), (42, 43), (229, 238), (14, 23), (220, 238), (59, 77), (211, 238), (19, 25), (33, 195), (29, 191), (0, 27)}
Obj: 27241

