Log for instance aco_tuning_out/inst21.txt.

Used ({'tau_0': 5.984400518709856e-06, 'xi': 0.13241385165248287, 'q0': 0.4542903648549634, 'alpha': 0.4898957854025313, 'beta': 0.29966337375676566, 'rho': 0.06680927871977722, 'ants': 9}) and found best instance after 283.734375 seconds.
E1: {(166, 175), (54, 135), (175, 202), (38, 41), (38, 47), (38, 65), (63, 64), (174, 175), (223, 232), (200, 209), (202, 203), (182, 209), (41, 203), (54, 63), (174, 177), (229, 232), (32, 41), (71, 152), (202, 229), (47, 209), (65, 71), (174, 228), (45, 47), (14, 41), (63, 65)}
E2: {(145, 146), (58, 59), (54, 135), (55, 136), (34, 196), (0, 54), (31, 32), (208, 211), (34, 43), (208, 235), (117, 120), (54, 55), (154, 157), (136, 145), (200, 209), (72, 78), (145, 154), (7, 25), (7, 34), (209, 236), (31, 34), (118, 145), (182, 209), (31, 58), (109, 118), (88, 89), (55, 58), (196, 223), (55, 64), (91, 118), (54, 72), (146, 152), (7, 88), (45, 72), (154, 235), (208, 209), (195, 196), (117, 118)}
Obj: 26732

