Log for instance aco_tuning_out/inst27.txt.

Used ({'tau_0': 2.3890526897386258e-06, 'xi': 0.09728269253474063, 'q0': 0.5264084644635578, 'alpha': 0.34480659763074994, 'beta': 1.2781748892293714, 'rho': 0.12380145068388254, 'ants': 25}) and found best instance after 279.296875 seconds.
E1: {(196, 228), (154, 158), (206, 238), (3, 19), (144, 208), (28, 30), (121, 249), (157, 159), (27, 31), (19, 27), (30, 158), (249, 251), (209, 213), (100, 116), (59, 63), (28, 60), (142, 158), (39, 47), (31, 159), (204, 206), (19, 23), (28, 29), (187, 251), (132, 196), (213, 221), (36, 100), (213, 215), (100, 228), (47, 63), (43, 47), (59, 187), (158, 190), (208, 209), (38, 39), (38, 54), (113, 121), (34, 38), (196, 204), (36, 38), (157, 221), (30, 31), (31, 63), (250, 251), (47, 111)}
E2: {(58, 59), (243, 251), (101, 103), (61, 125), (216, 218), (176, 240), (141, 157), (251, 255), (147, 179), (157, 159), (48, 176), (240, 242), (6, 14), (166, 230), (59, 63), (61, 63), (202, 218), (14, 15), (14, 30), (31, 159), (57, 59), (103, 111), (10, 14), (187, 251), (144, 176), (226, 230), (47, 63), (218, 250), (59, 123), (59, 187), (226, 242), (103, 119), (179, 243), (242, 250), (157, 221), (30, 31), (31, 63), (250, 251), (47, 111)}
Obj: 23618

