Log for instance aco_tuning_out/inst24.txt.

Used ({'tau0': 5.726334506587264e-06, 'xi': 0.09378720394945064, 'q0': 0.4650245999867171, 'alpha': 1.6109205787989367, 'beta': 0.9785683305047798, 'rho': 0.3960780669283891, 'ants': 24}) and found best instance after 11.59375 seconds.
E1: {(137, 139), (136, 137), (42, 106), (128, 136), (154, 155), (99, 103), (15, 143), (243, 251), (107, 235), (155, 187), (44, 45), (43, 107), (40, 44), (128, 160), (176, 240), (155, 159), (252, 253), (249, 251), (137, 141), (174, 190), (220, 221), (44, 108), (128, 144), (44, 172), (90, 218), (221, 253), (57, 59), (143, 159), (106, 107), (34, 42), (172, 174), (128, 130), (187, 251), (144, 176), (249, 253), (218, 250), (59, 187), (99, 107), (71, 103), (139, 155), (42, 58), (43, 59), (40, 42), (0, 128), (92, 220), (12, 44), (250, 251)}
E2: {(90, 91), (243, 251), (82, 90), (220, 222), (13, 45), (61, 189), (5, 13), (228, 244), (0, 2), (82, 114), (121, 249), (187, 191), (211, 243), (189, 191), (53, 181), (85, 213), (249, 251), (45, 61), (166, 230), (231, 239), (220, 221), (128, 144), (60, 61), (175, 239), (181, 183), (157, 189), (176, 178), (191, 255), (165, 181), (181, 189), (89, 91), (106, 107), (244, 245), (187, 251), (2, 10), (230, 231), (63, 191), (144, 176), (120, 121), (226, 227), (89, 121), (226, 230), (47, 63), (180, 181), (147, 211), (228, 230), (237, 239), (107, 111), (213, 245), (195, 227), (2, 34), (176, 180), (0, 128), (157, 221), (227, 243), (47, 111)}
Obj: 30274

