Log for instance aco_tuning_out/inst09.txt.

Used ({'tau_0': 6.233831045293282e-06, 'xi': 0.10451661342493951, 'q0': 0.8893124268375978, 'alpha': 1.349306787935924, 'beta': 0.6109712049564031, 'rho': 0.46309129670203547, 'ants': 8}) and found best instance after 2.390625 seconds.
E1: {(166, 175), (81, 82), (43, 205), (226, 232), (3, 4), (226, 229), (39, 201), (162, 171), (55, 136), (175, 202), (54, 135), (4, 58), (14, 68), (190, 199), (208, 214), (217, 223), (84, 102), (171, 198), (75, 78), (66, 75), (190, 208), (54, 55), (39, 66), (97, 178), (96, 97), (72, 75), (136, 145), (171, 173), (83, 164), (82, 83), (81, 84), (164, 173), (86, 89), (58, 76), (66, 68), (55, 217), (118, 145), (205, 214), (174, 177), (72, 74), (76, 157), (54, 72), (205, 232), (0, 162), (74, 236), (174, 201), (96, 123), (202, 229), (3, 84), (118, 199), (83, 86), (175, 178), (198, 201), (120, 123)}
E2: {(226, 232), (115, 142), (147, 149), (175, 202), (29, 32), (171, 198), (96, 97), (72, 75), (31, 58), (111, 112), (27, 36), (21, 75), (18, 21), (27, 54), (54, 72), (205, 232), (59, 68), (174, 201), (119, 146), (81, 82), (118, 119), (190, 199), (179, 233), (208, 214), (81, 84), (82, 83), (164, 173), (36, 198), (58, 76), (66, 68), (19, 20), (0, 162), (128, 155), (118, 199), (33, 195), (175, 178), (28, 34), (111, 114), (39, 201), (171, 174), (162, 171), (226, 229), (112, 115), (178, 179), (190, 208), (142, 223), (152, 233), (39, 66), (83, 164), (86, 89), (28, 29), (174, 177), (128, 134), (146, 149), (211, 214), (96, 123), (83, 86), (120, 123), (166, 175), (3, 4), (4, 58), (18, 20), (97, 178), (171, 173), (33, 114), (31, 34), (205, 214), (114, 123), (66, 147), (76, 157), (146, 155), (45, 72), (3, 84), (202, 229), (19, 25)}
Obj: 40940

