Log for instance aco_tuning_out/inst06.txt.

Used ({'tau0': 8.839185575249679e-06, 'xi': 0.14550623661925266, 'q0': 0.34798186644897255, 'alpha': 1.259708246474134, 'beta': 0.9832315705511097, 'rho': 0.4534262478421148, 'ants': 24}) and found best instance after 53.234375 seconds.
E1: {(128, 130), (120, 248), (24, 88), (7, 23), (132, 164), (3, 7), (232, 248), (206, 238), (237, 253), (164, 180), (39, 167), (210, 214), (212, 214), (37, 39), (37, 45), (206, 207), (196, 212), (128, 129), (102, 110), (240, 248), (128, 132), (105, 109), (206, 222), (221, 253), (150, 214), (248, 249), (88, 120), (167, 175), (83, 87), (132, 196), (85, 87), (166, 167), (45, 109), (214, 222), (6, 7), (135, 167), (109, 237), (249, 253), (110, 238), (88, 89), (37, 53), (128, 192), (164, 166), (98, 102), (158, 190), (46, 110), (164, 172), (23, 87), (98, 114), (78, 206), (7, 39), (150, 158)}
E2: {(90, 91), (193, 195), (193, 201), (132, 164), (162, 226), (188, 190), (101, 103), (164, 180), (193, 225), (103, 231), (196, 197), (2, 66), (89, 217), (1, 3), (100, 101), (156, 188), (157, 159), (196, 212), (193, 197), (96, 100), (201, 217), (162, 170), (180, 188), (188, 189), (157, 189), (229, 245), (89, 91), (170, 171), (225, 229), (40, 168), (1, 5), (132, 196), (68, 196), (36, 100), (1, 17), (36, 164), (168, 170), (162, 166), (163, 171), (2, 34), (164, 166), (171, 175), (171, 187), (129, 193), (103, 119), (2, 3), (1, 129), (2, 18)}
Obj: 30182

