Log for instance aco_tuning_out/inst06.txt.

Used ({'tau_0': 7.151935564269642e-06, 'xi': 0.10184361707760894, 'q0': 0.5077701235510973, 'alpha': 0.5847895154504361, 'beta': 0.6413829753178264, 'rho': 0.2990121644546394, 'ants': 8}) and found best instance after 16.703125 seconds.
E1: {(192, 194), (192, 200), (81, 85), (188, 190), (205, 237), (180, 244), (237, 253), (164, 180), (3, 19), (129, 131), (173, 189), (210, 214), (130, 194), (28, 30), (121, 249), (114, 118), (212, 214), (78, 110), (53, 181), (62, 190), (212, 244), (188, 189), (180, 188), (105, 121), (221, 253), (3, 131), (86, 214), (6, 38), (38, 46), (46, 62), (19, 23), (214, 222), (45, 173), (110, 238), (249, 253), (240, 244), (24, 28), (89, 121), (81, 83), (180, 181), (81, 89), (164, 166), (46, 110), (173, 175), (194, 210), (38, 39), (200, 232), (30, 62), (205, 207), (19, 83), (131, 135), (189, 253), (86, 118), (172, 188)}
E2: {(64, 66), (193, 195), (193, 201), (132, 164), (188, 190), (98, 226), (82, 90), (118, 119), (164, 180), (40, 44), (193, 225), (173, 189), (1, 3), (156, 188), (114, 118), (157, 159), (34, 98), (128, 129), (197, 213), (128, 132), (96, 97), (64, 68), (193, 197), (73, 89), (188, 189), (180, 188), (157, 189), (170, 171), (97, 101), (212, 213), (1, 5), (1, 17), (36, 164), (199, 231), (18, 82), (163, 171), (164, 166), (73, 201), (171, 175), (66, 98), (213, 245), (173, 175), (171, 187), (98, 114), (129, 193), (1, 129), (195, 199), (97, 225), (66, 82), (36, 44), (96, 98)}
Obj: 31046

