Log for instance aco_tuning_out/inst15.txt.

Used ({'tau0': 1.8744203829802787e-06, 'xi': 0.06974601013646063, 'q0': 0.6646227429685135, 'alpha': 0.837812461347453, 'beta': 0.9110718814664547, 'rho': 0.3627109167529502, 'ants': 14}) and found best instance after 8.296875 seconds.
E1: {(162, 171), (55, 136), (162, 168), (199, 202), (190, 199), (199, 205), (181, 208), (190, 208), (72, 234), (201, 202), (83, 164), (171, 173), (82, 83), (136, 145), (168, 177), (181, 235), (72, 78), (164, 173), (168, 195), (58, 76), (234, 235), (164, 182), (118, 145), (55, 58), (76, 157), (55, 64), (82, 91), (201, 228), (199, 200), (82, 109), (118, 199), (43, 205), (82, 136)}
E2: {(43, 205), (166, 175), (226, 232), (162, 171), (14, 68), (28, 55), (175, 202), (171, 177), (66, 228), (6, 33), (87, 89), (33, 51), (51, 132), (217, 226), (75, 78), (57, 66), (57, 75), (162, 216), (72, 75), (171, 173), (28, 109), (209, 215), (6, 87), (164, 173), (77, 80), (209, 236), (216, 217), (66, 68), (164, 182), (55, 217), (135, 216), (50, 212), (173, 200), (68, 77), (45, 51), (153, 234), (79, 80), (25, 79), (55, 64), (202, 205), (0, 162), (59, 68), (205, 232), (202, 211), (72, 153), (32, 50), (50, 77), (51, 78), (132, 134), (33, 195), (216, 234), (212, 215)}
Obj: 32234

