Log for instance aco_tuning_out/inst03.txt.

Used ({'tau_0': 8.524438848395618e-06, 'xi': 0.08260719400248602, 'q0': 0.6770641636613806, 'alpha': 0.6089210219484695, 'beta': 0.5746980829231113, 'rho': 0.06462761009956378, 'ants': 17}) and found best instance after 121.671875 seconds.
E1: {(76, 92), (128, 136), (136, 137), (232, 236), (155, 187), (211, 219), (147, 155), (228, 244), (113, 117), (210, 211), (68, 69), (53, 117), (69, 101), (117, 245), (149, 213), (76, 204), (143, 175), (0, 32), (83, 115), (32, 36), (202, 203), (101, 117), (4, 20), (135, 143), (0, 4), (155, 219), (65, 69), (244, 245), (115, 119), (9, 25), (213, 221), (24, 25), (240, 244), (203, 207), (204, 236), (213, 245), (4, 68), (203, 219), (228, 236), (38, 39), (113, 115), (143, 207), (25, 57), (38, 54), (0, 128), (9, 137), (36, 38), (83, 211), (195, 211)}
E2: {(128, 136), (136, 137), (32, 34), (132, 164), (32, 40), (98, 226), (154, 158), (107, 235), (13, 45), (43, 107), (5, 13), (180, 244), (196, 197), (34, 98), (148, 150), (158, 222), (132, 148), (32, 33), (0, 32), (128, 132), (32, 36), (59, 63), (148, 180), (192, 208), (32, 48), (208, 210), (208, 216), (49, 177), (9, 13), (244, 245), (132, 196), (13, 15), (128, 192), (32, 160), (137, 201), (98, 99), (59, 123), (164, 166), (33, 49), (107, 111), (99, 107), (164, 172), (98, 114), (150, 158), (43, 59), (0, 128), (9, 137), (196, 198), (158, 159), (17, 49)}
Obj: 29413

