Log for instance aco_tuning_out/inst12.txt.

Used ({'tau0': 6.651390889237055e-06, 'xi': 0.11158156951036152, 'q0': 0.3891327832249725, 'alpha': 0.5704086329673803, 'beta': 0.45022269695520334, 'rho': 0.05657845121910911, 'ants': 23}) and found best instance after 184.8125 seconds.
E1: {(133, 134), (164, 167), (166, 167), (42, 43), (46, 52), (81, 82), (33, 42), (93, 120), (84, 93), (84, 102), (3, 165), (45, 46), (81, 84), (84, 86), (3, 30), (52, 133), (33, 195), (90, 91), (165, 167), (43, 52), (30, 33), (86, 89), (164, 182), (211, 214), (81, 90), (30, 32), (0, 3), (82, 109), (3, 84), (52, 214)}
E2: {(24, 51), (135, 138), (199, 205), (138, 140), (236, 242), (158, 161), (107, 161), (214, 241), (89, 143), (86, 104), (166, 167), (42, 43), (205, 232), (118, 119), (223, 232), (51, 52), (24, 25), (32, 59), (86, 167), (118, 199), (241, 242), (119, 200), (102, 104), (211, 214), (15, 177), (143, 161), (42, 51), (15, 42), (64, 145), (59, 140), (107, 134), (161, 242), (140, 158), (118, 145), (205, 214), (45, 51), (157, 158), (109, 118), (104, 158), (152, 161), (51, 78), (52, 214)}
Obj: 30771

