Log for instance aco_tuning_out/inst12.txt.

Used ({'tau_0': 8.990632486830376e-06, 'xi': 0.09595706500151588, 'q0': 0.4417965567940394, 'alpha': 1.6457162341639056, 'beta': 1.8792939670585154, 'rho': 0.14228615039412212, 'ants': 30}) and found best instance after 51.453125 seconds.
E1: {(120, 129), (162, 168), (102, 129), (166, 193), (32, 113), (129, 131), (131, 134), (37, 118), (83, 164), (162, 164), (86, 89), (168, 195), (164, 182), (112, 193), (86, 113), (48, 129), (113, 131), (109, 112), (109, 118), (45, 48), (91, 118), (0, 162), (193, 211), (112, 113), (83, 86), (37, 43)}
E2: {(4, 58), (58, 59), (119, 200), (102, 129), (32, 113), (129, 131), (75, 78), (66, 69), (66, 75), (135, 153), (131, 134), (61, 223), (34, 43), (15, 69), (34, 61), (72, 75), (130, 157), (58, 61), (7, 25), (58, 67), (89, 143), (153, 155), (113, 131), (4, 166), (109, 112), (128, 131), (130, 211), (64, 67), (119, 128), (4, 7), (62, 143), (45, 72), (61, 62), (72, 153), (128, 155), (130, 131), (112, 113), (143, 152), (15, 177), (66, 67), (155, 236)}
Obj: 28244

