Log for instance aco_tuning_out/inst27.txt.

Used ({'tau_0': 8.93751488559124e-06, 'xi': 0.07498280708831719, 'q0': 0.7003533283222684, 'alpha': 1.84655149702223, 'beta': 0.36999618301213544, 'rho': 0.353807119950786, 'ants': 24}) and found best instance after 9.640625 seconds.
E1: {(105, 107), (154, 158), (108, 109), (156, 158), (147, 155), (43, 107), (43, 171), (216, 218), (87, 95), (144, 208), (196, 197), (252, 253), (156, 188), (1, 3), (198, 206), (158, 222), (110, 111), (100, 116), (174, 190), (83, 115), (206, 222), (105, 109), (147, 151), (108, 236), (29, 31), (221, 253), (208, 216), (31, 95), (142, 158), (39, 47), (46, 62), (83, 87), (1, 5), (132, 196), (27, 155), (213, 215), (76, 78), (36, 100), (47, 111), (214, 222), (174, 238), (151, 215), (249, 253), (110, 238), (218, 250), (2, 34), (54, 62), (76, 108), (188, 252), (107, 111), (62, 63), (46, 110), (133, 197), (228, 236), (23, 87), (60, 188), (113, 115), (87, 215), (78, 206), (5, 133), (218, 222), (171, 187), (2, 3), (196, 198), (196, 204), (214, 215), (100, 108), (30, 31), (209, 213)}
E2: {(105, 107), (15, 143), (243, 251), (108, 109), (216, 218), (101, 109), (113, 117), (248, 250), (251, 255), (198, 206), (132, 148), (56, 58), (249, 251), (240, 248), (6, 14), (109, 125), (202, 206), (10, 42), (206, 222), (105, 109), (147, 151), (221, 253), (248, 249), (49, 113), (14, 30), (31, 159), (97, 101), (143, 159), (10, 14), (117, 119), (132, 196), (76, 78), (97, 113), (134, 166), (214, 222), (249, 253), (56, 57), (226, 230), (230, 246), (218, 250), (76, 108), (141, 143), (214, 246), (107, 111), (42, 58), (14, 78), (107, 123), (78, 206), (144, 148), (48, 49), (218, 222), (196, 198), (132, 134), (30, 31), (151, 159)}
Obj: 34324

