Log for instance aco_tuning_out/inst15.txt.

Used ({'tau0': 1.6998009274389792e-06, 'xi': 0.07574288908876978, 'q0': 0.3437997878588728, 'alpha': 0.9960324515524092, 'beta': 0.6033193519507508, 'rho': 0.22849098583736227, 'ants': 30}) and found best instance after 34.046875 seconds.
E1: {(83, 110), (119, 200), (118, 119), (64, 145), (75, 78), (109, 110), (195, 204), (198, 200), (145, 148), (83, 164), (204, 231), (156, 157), (228, 231), (177, 204), (118, 124), (43, 124), (164, 182), (118, 145), (75, 156), (110, 119), (91, 118), (198, 204), (148, 157)}
E2: {(58, 59), (54, 135), (55, 136), (119, 200), (118, 119), (0, 54), (166, 193), (31, 32), (64, 145), (116, 134), (234, 236), (109, 110), (72, 234), (54, 55), (24, 78), (89, 116), (31, 193), (136, 145), (72, 78), (173, 176), (118, 124), (27, 189), (173, 179), (43, 124), (173, 182), (118, 145), (173, 200), (31, 58), (24, 25), (55, 58), (110, 119), (27, 45), (110, 116), (177, 179), (14, 176), (27, 54), (54, 72), (193, 211), (225, 228), (225, 234), (189, 195)}
Obj: 26738

