Log for instance aco_tuning_out/inst24.txt.

Used ({'tau0': 7.905277958202082e-06, 'xi': 0.07780203477312476, 'q0': 0.5400401332579152, 'alpha': 1.238650111364569, 'beta': 1.1701509091931812, 'rho': 0.3657463607855648, 'ants': 16}) and found best instance after 9.328125 seconds.
E1: {(42, 106), (71, 87), (243, 251), (44, 45), (12, 13), (0, 2), (40, 44), (87, 95), (112, 240), (252, 253), (2, 130), (11, 139), (186, 250), (251, 255), (253, 255), (56, 58), (88, 90), (10, 42), (44, 108), (128, 144), (162, 170), (221, 253), (88, 120), (31, 95), (10, 11), (31, 159), (112, 120), (2, 10), (170, 186), (235, 251), (56, 57), (130, 162), (88, 92), (13, 141), (42, 43), (2, 34), (15, 31), (42, 58), (40, 42), (0, 128), (154, 186), (186, 190), (11, 15), (12, 44), (160, 162), (250, 251), (56, 120)}
E2: {(183, 191), (42, 106), (90, 91), (162, 226), (196, 228), (50, 58), (237, 253), (87, 95), (146, 178), (187, 191), (221, 223), (133, 165), (253, 255), (91, 95), (53, 181), (56, 58), (231, 239), (146, 147), (10, 42), (180, 182), (175, 239), (181, 183), (221, 253), (144, 146), (165, 181), (89, 91), (95, 223), (239, 255), (198, 199), (2, 10), (85, 87), (63, 191), (199, 231), (162, 166), (56, 60), (166, 182), (180, 181), (50, 114), (2, 34), (175, 191), (50, 178), (162, 178), (222, 223), (42, 58), (5, 133), (195, 199), (196, 198), (56, 120)}
Obj: 27319

