Log for instance aco_tuning_out/inst03.txt.

Used ({'tau0': 8.598718994035021e-06, 'xi': 0.10575785607911106, 'q0': 0.5072684688226818, 'alpha': 1.441011679191464, 'beta': 1.677952088449605, 'rho': 0.3243596155081548, 'ants': 8}) and found best instance after 6.21875 seconds.
E1: {(76, 92), (193, 195), (171, 235), (211, 219), (39, 103), (112, 240), (17, 21), (131, 135), (205, 221), (76, 204), (224, 228), (36, 52), (13, 29), (82, 83), (83, 115), (193, 197), (202, 203), (65, 97), (52, 54), (224, 240), (21, 149), (20, 28), (224, 232), (203, 235), (17, 81), (9, 13), (97, 101), (28, 29), (20, 52), (29, 61), (115, 119), (24, 28), (81, 83), (82, 210), (147, 211), (171, 175), (203, 219), (21, 29), (113, 115), (112, 113), (171, 187), (57, 61), (103, 119), (65, 193), (131, 147), (205, 207), (28, 92), (83, 211), (21, 53), (195, 211), (68, 76), (197, 205)}
E2: {(128, 136), (136, 137), (177, 181), (32, 34), (32, 40), (193, 201), (55, 63), (107, 235), (43, 107), (181, 245), (216, 218), (17, 21), (210, 214), (114, 115), (48, 112), (115, 123), (53, 181), (192, 193), (45, 61), (32, 33), (192, 196), (166, 230), (193, 197), (32, 36), (1, 33), (82, 83), (83, 115), (154, 218), (44, 172), (198, 230), (29, 31), (150, 214), (0, 1), (31, 159), (17, 81), (1, 5), (132, 196), (29, 61), (214, 222), (53, 55), (198, 214), (128, 192), (32, 160), (226, 230), (82, 210), (81, 83), (180, 181), (107, 111), (15, 31), (99, 107), (21, 29), (113, 115), (107, 123), (112, 113), (0, 128), (9, 137), (210, 218), (196, 198), (36, 44), (21, 53)}
Obj: 32349

