Log for instance aco_tuning_out/inst30.txt.

Used ({'tau0': 1.8744203829802787e-06, 'xi': 0.06974601013646063, 'q0': 0.6646227429685135, 'alpha': 0.837812461347453, 'beta': 0.9110718814664547, 'rho': 0.3627109167529502, 'ants': 14}) and found best instance after 8.734375 seconds.
E1: {(93, 102), (123, 204), (96, 177), (125, 134), (64, 145), (38, 41), (199, 205), (125, 152), (195, 204), (198, 200), (209, 215), (211, 212), (93, 96), (36, 198), (118, 127), (209, 236), (118, 145), (198, 199), (50, 212), (109, 127), (91, 118), (41, 50), (32, 41), (23, 26), (96, 123), (14, 23), (0, 9), (123, 125), (204, 205), (118, 199), (36, 38), (212, 215), (23, 50), (9, 36), (25, 26), (120, 123)}
E2: {(83, 110), (38, 200), (162, 165), (162, 171), (99, 100), (165, 167), (162, 168), (0, 54), (171, 177), (20, 26), (159, 160), (194, 212), (153, 159), (100, 101), (135, 153), (109, 110), (236, 242), (151, 152), (63, 64), (240, 242), (83, 164), (154, 157), (154, 160), (165, 166), (195, 222), (180, 182), (164, 167), (191, 194), (20, 101), (134, 215), (164, 191), (168, 222), (91, 100), (151, 160), (63, 72), (36, 63), (54, 72), (45, 72), (72, 153), (165, 174), (99, 180), (100, 154), (159, 240), (174, 228), (36, 38), (212, 215), (83, 101), (25, 26)}
Obj: 34287

