Log for instance aco_tuning_out/inst18.txt.

Used ({'tau_0': 3.986574795084688e-06, 'xi': 0.12869898263116974, 'q0': 0.7324104580466773, 'alpha': 0.38736117587741714, 'beta': 0.6247624947394189, 'rho': 0.4525392981526261, 'ants': 9}) and found best instance after 18.078125 seconds.
E1: {(64, 66), (193, 201), (58, 62), (150, 151), (196, 197), (1, 3), (252, 253), (78, 110), (198, 206), (37, 45), (37, 39), (85, 213), (14, 46), (62, 126), (45, 61), (32, 33), (9, 41), (6, 14), (193, 197), (1, 33), (197, 213), (209, 213), (33, 41), (88, 90), (61, 63), (64, 80), (147, 151), (151, 159), (41, 57), (245, 253), (78, 79), (79, 111), (46, 62), (1, 5), (80, 88), (29, 61), (213, 215), (110, 238), (32, 96), (151, 215), (32, 160), (98, 99), (66, 98), (79, 95), (213, 245), (46, 110), (78, 206), (57, 61), (196, 198), (62, 63), (96, 98), (54, 62)}
E2: {(24, 88), (33, 161), (108, 109), (146, 154), (232, 248), (72, 88), (60, 62), (101, 109), (40, 41), (161, 163), (210, 214), (252, 253), (121, 249), (78, 110), (142, 174), (198, 206), (62, 126), (240, 248), (32, 33), (9, 41), (146, 150), (1, 33), (105, 109), (33, 41), (105, 121), (221, 253), (245, 253), (86, 214), (248, 252), (49, 113), (121, 123), (46, 62), (1, 5), (172, 174), (80, 88), (88, 89), (249, 253), (32, 96), (110, 238), (198, 214), (32, 160), (146, 210), (108, 110), (89, 121), (41, 105), (66, 98), (33, 49), (54, 62), (46, 110), (46, 174), (30, 62), (98, 114), (78, 206), (49, 51), (96, 98), (184, 248)}
Obj: 29457

