Log for instance aco_tuning_out/inst15.txt.

Used ({'tau0': 8.613914963906393e-06, 'xi': 0.14574697859969848, 'q0': 0.4568549694035073, 'alpha': 1.0997466880204505, 'beta': 1.26467494952901, 'rho': 0.20648622793681415, 'ants': 10}) and found best instance after 20.09375 seconds.
E1: {(185, 188), (162, 171), (37, 64), (162, 168), (184, 238), (24, 78), (172, 199), (171, 225), (157, 238), (177, 186), (168, 186), (182, 185), (168, 195), (186, 188), (109, 118), (184, 185), (91, 118), (171, 172), (199, 200), (37, 199), (225, 228), (24, 186), (118, 199), (37, 43)}
E2: {(226, 229), (226, 235), (19, 46), (54, 135), (119, 200), (118, 119), (0, 54), (116, 134), (46, 127), (195, 204), (45, 46), (201, 202), (89, 116), (72, 78), (42, 44), (181, 235), (35, 44), (177, 204), (118, 127), (64, 226), (235, 236), (4, 166), (109, 118), (201, 204), (41, 44), (42, 43), (54, 72), (202, 211), (32, 41), (181, 182), (45, 72), (201, 228), (19, 181), (32, 59), (35, 116), (202, 229), (1, 4), (19, 25), (42, 204), (14, 41), (1, 19)}
Obj: 27443

