Log for instance aco_tuning_out/inst12.txt.

Used ({'tau0': 9.701809206152345e-06, 'xi': 0.09407325991753526, 'q0': 0.3044948820351523, 'alpha': 1.8442079342859672, 'beta': 1.893720745386587, 'rho': 0.3120024078765271, 'ants': 29}) and found best instance after 32.0625 seconds.
E1: {(109, 190), (45, 126), (166, 193), (162, 180), (32, 113), (190, 193), (89, 98), (162, 189), (117, 120), (117, 126), (99, 102), (180, 182), (126, 128), (118, 124), (43, 124), (97, 98), (99, 126), (189, 190), (91, 97), (113, 131), (128, 131), (128, 134), (0, 162), (193, 211), (99, 180), (117, 118), (189, 195), (97, 124)}
E2: {(166, 184), (45, 126), (109, 190), (125, 134), (190, 199), (50, 131), (70, 79), (217, 223), (153, 156), (98, 125), (89, 98), (135, 153), (131, 134), (238, 239), (184, 238), (190, 217), (102, 156), (126, 153), (151, 152), (77, 239), (131, 158), (156, 157), (124, 125), (118, 124), (78, 79), (43, 124), (153, 155), (70, 151), (155, 158), (198, 199), (25, 79), (174, 177), (64, 70), (158, 239), (32, 50), (174, 201), (199, 200), (59, 77), (211, 238), (124, 151), (118, 199), (198, 201), (155, 236)}
Obj: 29669

