Log for instance aco_tuning_out/inst12.txt.

Used ({'tau0': 5.341643627837584e-06, 'xi': 0.12828902895224037, 'q0': 0.5825040751853071, 'alpha': 1.680352012001748, 'beta': 1.7927432976473112, 'rho': 0.24781837895583786, 'ants': 32}) and found best instance after 26.5625 seconds.
E1: {(83, 110), (81, 82), (166, 184), (93, 120), (181, 184), (29, 32), (84, 93), (208, 211), (199, 205), (84, 102), (199, 208), (181, 208), (109, 110), (0, 81), (81, 84), (82, 83), (36, 198), (29, 110), (198, 199), (196, 205), (27, 36), (27, 45), (128, 134), (82, 91), (181, 182), (110, 128), (83, 89), (195, 196), (27, 29), (43, 205)}
E2: {(166, 184), (108, 109), (15, 42), (29, 32), (107, 134), (236, 239), (61, 223), (238, 239), (161, 242), (198, 200), (185, 239), (34, 43), (63, 64), (89, 107), (183, 184), (34, 61), (77, 239), (107, 161), (102, 183), (157, 238), (72, 78), (36, 198), (108, 135), (36, 42), (27, 36), (72, 74), (184, 185), (27, 45), (63, 72), (42, 43), (36, 63), (239, 242), (26, 107), (59, 77), (152, 161), (15, 177), (74, 77), (211, 238), (27, 29), (25, 26), (27, 108)}
Obj: 29955

