Log for instance aco_tuning_out/inst24.txt.

Used ({'tau0': 4.498936448740942e-06, 'xi': 0.13853729626942535, 'q0': 0.527822666374638, 'alpha': 1.6196713237028468, 'beta': 0.6656100225587412, 'rho': 0.18622598889901743, 'ants': 24}) and found best instance after 55.125 seconds.
E1: {(76, 92), (90, 91), (250, 254), (71, 87), (15, 143), (58, 59), (243, 251), (44, 45), (146, 154), (12, 13), (190, 254), (0, 2), (40, 44), (128, 160), (87, 95), (252, 253), (122, 250), (91, 95), (240, 242), (58, 122), (44, 108), (154, 218), (128, 144), (90, 218), (12, 76), (221, 253), (144, 146), (31, 95), (57, 59), (31, 159), (143, 159), (106, 122), (235, 251), (13, 141), (139, 143), (2, 34), (76, 108), (141, 143), (43, 59), (90, 122), (0, 128), (242, 250), (252, 254), (130, 146), (250, 251)}
E2: {(90, 91), (183, 191), (180, 244), (228, 244), (237, 253), (87, 95), (146, 178), (1, 3), (252, 253), (187, 191), (178, 182), (91, 95), (253, 255), (53, 181), (120, 122), (231, 239), (146, 147), (180, 182), (181, 183), (221, 253), (191, 255), (89, 91), (165, 181), (144, 146), (1, 5), (2, 10), (106, 122), (85, 87), (222, 254), (74, 90), (120, 124), (63, 191), (226, 227), (175, 191), (180, 181), (2, 34), (166, 182), (60, 124), (195, 227), (124, 252), (90, 122), (2, 3), (114, 122), (10, 74), (252, 254), (227, 231), (175, 239)}
Obj: 26424

