Log for instance aco_tuning_out/inst27.txt.

Used ({'tau0': 5.449825531692064e-06, 'xi': 0.10463551100918586, 'q0': 0.3791032022582517, 'alpha': 1.5968901194470106, 'beta': 0.6682022659911173, 'rho': 0.3643260630360847, 'ants': 18}) and found best instance after 10.171875 seconds.
E1: {(55, 63), (119, 127), (132, 164), (27, 59), (52, 116), (215, 247), (29, 93), (125, 253), (152, 154), (187, 191), (186, 250), (78, 110), (54, 55), (30, 94), (110, 111), (23, 55), (109, 125), (36, 52), (59, 63), (125, 127), (142, 143), (52, 54), (164, 228), (93, 125), (221, 253), (52, 60), (144, 152), (78, 94), (10, 11), (143, 159), (115, 119), (2, 10), (132, 196), (63, 127), (63, 191), (36, 164), (119, 247), (249, 253), (110, 238), (209, 217), (2, 34), (3, 11), (190, 191), (43, 59), (113, 115), (217, 221), (186, 187), (154, 186), (196, 204), (109, 111), (39, 55), (159, 191), (11, 27)}
E2: {(247, 255), (243, 251), (58, 62), (125, 253), (101, 109), (176, 240), (202, 234), (57, 121), (121, 249), (147, 179), (48, 176), (179, 187), (56, 58), (14, 46), (249, 251), (109, 125), (6, 14), (220, 221), (243, 247), (58, 186), (180, 182), (226, 234), (221, 253), (216, 220), (14, 15), (121, 123), (48, 56), (46, 62), (10, 14), (187, 251), (234, 250), (144, 176), (249, 253), (119, 247), (13, 141), (166, 182), (30, 62), (186, 187), (176, 180), (109, 111), (13, 15), (250, 251)}
Obj: 28252

