Log for instance aco_tuning_out/inst18.txt.

Used ({'tau0': 2.760703391532889e-06, 'xi': 0.11284095755067615, 'q0': 0.39431429333058177, 'alpha': 1.2851296972235255, 'beta': 1.3966465894197229, 'rho': 0.20591685095973755, 'ants': 13}) and found best instance after 23.25 seconds.
E1: {(136, 137), (25, 29), (128, 136), (81, 85), (18, 26), (58, 62), (150, 151), (126, 254), (3, 19), (128, 160), (2, 66), (85, 213), (62, 126), (197, 213), (209, 213), (6, 70), (238, 254), (18, 19), (19, 147), (26, 90), (147, 151), (21, 85), (5, 21), (39, 47), (46, 62), (213, 215), (9, 25), (47, 111), (151, 215), (137, 201), (111, 127), (107, 111), (213, 245), (99, 107), (126, 127), (21, 29), (25, 57), (80, 81), (26, 58), (66, 70), (9, 137), (252, 254), (45, 47), (62, 63), (2, 18), (95, 127), (151, 159), (54, 62)}
E2: {(168, 172), (160, 168), (26, 30), (58, 59), (108, 109), (91, 123), (168, 184), (60, 62), (51, 59), (5, 13), (163, 179), (101, 109), (40, 44), (8, 9), (150, 151), (112, 240), (206, 238), (82, 114), (220, 252), (147, 179), (8, 24), (168, 232), (62, 126), (220, 221), (44, 108), (82, 86), (44, 172), (26, 154), (147, 151), (70, 78), (89, 91), (80, 82), (229, 245), (112, 114), (8, 72), (9, 13), (82, 210), (59, 123), (51, 115), (188, 252), (60, 188), (51, 179), (101, 229), (30, 62), (142, 206), (113, 115), (112, 113), (78, 206), (26, 58), (66, 70), (70, 86), (172, 188), (54, 62), (8, 40)}
Obj: 30476

