Log for instance aco_tuning_out/inst15.txt.

Used ({'tau0': 2.693231228771534e-06, 'xi': 0.06741045013783678, 'q0': 0.34341334065428447, 'alpha': 1.6251653731737596, 'beta': 0.8948148014172467, 'rho': 0.1267448319977672, 'ants': 32}) and found best instance after 42.03125 seconds.
E1: {(37, 64), (171, 177), (63, 64), (37, 118), (154, 157), (171, 225), (171, 173), (168, 177), (145, 154), (168, 195), (173, 182), (63, 225), (118, 145), (173, 200), (109, 118), (63, 69), (91, 118), (69, 78), (225, 228), (37, 43)}
E2: {(166, 184), (226, 235), (99, 100), (66, 228), (43, 52), (181, 187), (33, 51), (184, 211), (116, 134), (25, 187), (0, 81), (199, 226), (89, 116), (33, 35), (177, 186), (181, 235), (51, 52), (81, 99), (25, 52), (66, 68), (64, 226), (235, 236), (45, 51), (109, 118), (81, 135), (32, 35), (32, 41), (59, 68), (181, 182), (199, 200), (41, 68), (35, 116), (100, 181), (186, 187), (51, 78), (118, 199), (33, 195), (14, 41), (184, 187)}
Obj: 26167

