Log for instance aco_tuning_out/inst06.txt.

Used ({'tau_0': 5.888779735025123e-06, 'xi': 0.14210673593322504, 'q0': 0.5532221197439141, 'alpha': 1.4492226579119356, 'beta': 1.732090480737235, 'rho': 0.42744550361996797, 'ants': 10}) and found best instance after 5.84375 seconds.
E1: {(47, 175), (210, 242), (24, 152), (108, 109), (84, 212), (206, 238), (228, 244), (0, 2), (79, 207), (210, 211), (233, 237), (97, 105), (1, 3), (2, 130), (178, 182), (156, 188), (172, 236), (238, 239), (53, 117), (233, 249), (221, 223), (37, 45), (83, 91), (128, 129), (85, 213), (215, 223), (6, 14), (174, 190), (105, 109), (206, 222), (180, 182), (180, 188), (108, 236), (147, 151), (78, 79), (101, 117), (89, 91), (0, 1), (152, 156), (39, 47), (97, 101), (114, 242), (10, 14), (172, 174), (2, 10), (76, 78), (213, 215), (240, 244), (130, 162), (110, 238), (151, 215), (128, 192), (105, 233), (166, 182), (147, 211), (76, 108), (85, 117), (162, 178), (84, 85), (46, 110), (228, 236), (78, 206), (23, 151), (0, 128), (135, 151), (37, 101), (83, 211), (172, 188), (232, 233), (175, 239)}
E2: {(193, 195), (105, 107), (193, 201), (132, 164), (32, 40), (82, 90), (4, 6), (228, 244), (3, 19), (97, 105), (1, 3), (83, 91), (4, 36), (187, 191), (142, 174), (189, 191), (196, 212), (148, 156), (231, 239), (6, 14), (174, 190), (193, 197), (82, 83), (83, 115), (32, 36), (163, 227), (19, 147), (99, 227), (164, 228), (147, 151), (157, 189), (89, 91), (97, 101), (170, 174), (1, 5), (10, 14), (244, 245), (115, 119), (2, 10), (132, 196), (230, 231), (68, 196), (149, 151), (149, 157), (226, 227), (32, 96), (226, 230), (180, 181), (2, 34), (228, 230), (164, 166), (195, 227), (149, 181), (99, 107), (14, 142), (17, 19), (129, 193), (66, 70), (1, 129), (2, 3), (97, 225), (19, 83), (2, 18), (148, 212), (6, 70), (151, 159), (175, 239)}
Obj: 39922

