Log for instance aco_tuning_out/inst18.txt.

Used ({'tau_0': 4.324890613407541e-06, 'xi': 0.12290267674013398, 'q0': 0.47304418264323866, 'alpha': 0.9643516325370455, 'beta': 0.8937714391186662, 'rho': 0.17837160642396882, 'ants': 18}) and found best instance after 81.53125 seconds.
E1: {(193, 201), (58, 62), (150, 151), (126, 254), (2, 66), (1, 3), (1, 9), (85, 213), (62, 126), (197, 213), (160, 161), (9, 41), (238, 254), (193, 197), (129, 161), (88, 90), (26, 90), (147, 151), (41, 57), (29, 31), (31, 95), (31, 159), (39, 47), (46, 62), (1, 5), (80, 88), (213, 215), (47, 111), (151, 215), (47, 63), (54, 62), (213, 245), (107, 111), (99, 107), (129, 193), (26, 58), (1, 129), (2, 3), (2, 6), (252, 254), (45, 47), (62, 63), (31, 63), (151, 159), (209, 213)}
E2: {(64, 66), (64, 72), (168, 172), (160, 168), (154, 158), (168, 184), (60, 62), (51, 59), (210, 214), (1, 9), (220, 252), (100, 101), (8, 24), (78, 110), (244, 252), (168, 232), (62, 126), (30, 158), (50, 51), (110, 126), (25, 89), (50, 54), (220, 221), (64, 80), (150, 214), (86, 214), (49, 113), (142, 158), (40, 168), (8, 72), (1, 5), (244, 245), (9, 25), (24, 25), (110, 238), (240, 244), (108, 110), (163, 171), (50, 114), (59, 123), (188, 252), (59, 187), (60, 188), (30, 62), (171, 187), (150, 158), (49, 51), (100, 108), (172, 188), (54, 62), (8, 40)}
Obj: 29097

