Log for instance aco_tuning_out/inst06.txt.

Used ({'tau_0': 5.471123269221564e-06, 'xi': 0.0880541662185767, 'q0': 0.30146902385350893, 'alpha': 1.0903620529266727, 'beta': 0.772236865018257, 'rho': 0.4288390189950044, 'ants': 23}) and found best instance after 20.03125 seconds.
E1: {(232, 236), (24, 88), (47, 175), (88, 216), (188, 190), (232, 248), (220, 222), (133, 135), (133, 141), (233, 237), (82, 114), (2, 130), (233, 249), (172, 236), (78, 110), (212, 220), (53, 181), (196, 212), (85, 213), (205, 221), (240, 248), (216, 248), (192, 196), (82, 83), (220, 221), (180, 182), (46, 47), (141, 205), (248, 249), (216, 220), (3, 131), (129, 133), (39, 47), (212, 213), (83, 87), (236, 238), (85, 87), (88, 89), (110, 238), (105, 233), (166, 182), (180, 181), (82, 210), (46, 110), (182, 190), (23, 87), (2, 3), (205, 207), (2, 6), (45, 47), (131, 135), (172, 188)}
E2: {(193, 195), (193, 201), (42, 170), (82, 90), (68, 100), (193, 225), (225, 227), (89, 217), (2, 66), (1, 3), (100, 101), (187, 191), (157, 159), (132, 148), (148, 156), (197, 213), (193, 197), (96, 100), (156, 157), (148, 180), (163, 227), (201, 217), (180, 182), (157, 189), (101, 117), (212, 213), (1, 5), (34, 42), (117, 119), (36, 100), (1, 17), (226, 227), (166, 182), (175, 191), (2, 34), (213, 245), (4, 68), (182, 190), (4, 132), (40, 42), (129, 193), (1, 129), (2, 3), (227, 231), (2, 18), (148, 212), (66, 82), (159, 191)}
Obj: 30394

