Log for instance aco_tuning_out/inst09.txt.

Used ({'tau_0': 2.3890526897386258e-06, 'xi': 0.09728269253474063, 'q0': 0.5264084644635578, 'alpha': 0.34480659763074994, 'beta': 1.2781748892293714, 'rho': 0.12380145068388254, 'ants': 25}) and found best instance after 223.625 seconds.
E1: {(162, 168), (87, 89), (234, 236), (205, 232), (234, 240), (12, 93), (166, 169), (93, 102), (93, 120), (84, 93), (223, 241), (240, 241), (216, 234), (43, 205), (76, 238), (72, 234), (87, 168), (168, 177), (238, 241), (12, 14), (0, 6), (84, 87), (162, 216), (232, 241), (72, 78), (6, 87), (135, 216), (76, 157), (168, 169)}
E2: {(158, 161), (107, 161), (86, 113), (113, 140), (46, 52), (98, 107), (45, 46), (84, 86), (22, 25), (52, 133), (32, 194), (193, 211), (6, 168), (113, 194), (184, 211), (168, 177), (120, 201), (168, 195), (192, 201), (222, 223), (0, 6), (133, 160), (192, 194), (166, 184), (84, 87), (59, 140), (89, 98), (134, 161), (193, 194), (140, 158), (22, 184), (160, 161), (6, 87), (157, 158), (168, 222), (152, 161)}
Obj: 27317

