Log for instance aco_tuning_out/inst09.txt.

Used ({'tau_0': 4.5971794894411765e-06, 'xi': 0.07935886436067696, 'q0': 0.6133148179425765, 'alpha': 0.959591163017489, 'beta': 1.7442602148622774, 'rho': 0.32248764047634604, 'ants': 29}) and found best instance after 23.046875 seconds.
E1: {(166, 175), (43, 205), (3, 4), (4, 58), (6, 24), (93, 120), (84, 93), (84, 102), (58, 220), (227, 236), (24, 78), (81, 84), (83, 164), (173, 176), (164, 173), (3, 6), (58, 76), (175, 176), (81, 135), (76, 157), (178, 205), (14, 176), (81, 83), (220, 223), (173, 227), (0, 3), (3, 84), (83, 89), (175, 178), (177, 178)}
E2: {(166, 175), (58, 59), (162, 171), (162, 168), (76, 238), (29, 32), (185, 212), (176, 185), (171, 198), (131, 134), (238, 239), (152, 233), (185, 239), (223, 232), (18, 19), (0, 18), (120, 201), (36, 198), (168, 195), (58, 76), (175, 176), (89, 170), (27, 36), (174, 177), (131, 212), (168, 170), (76, 157), (27, 45), (0, 162), (174, 201), (178, 232), (211, 238), (19, 25), (27, 29), (175, 178), (174, 176), (198, 201), (232, 233)}
Obj: 27958

