Log for instance aco_tuning_out/inst03.txt.

Used ({'tau0': 4.498936448740942e-06, 'xi': 0.13853729626942535, 'q0': 0.527822666374638, 'alpha': 1.6196713237028468, 'beta': 0.6656100225587412, 'rho': 0.18622598889901743, 'ants': 24}) and found best instance after 99.96875 seconds.
E1: {(76, 92), (219, 223), (155, 187), (211, 219), (147, 155), (210, 211), (202, 234), (49, 53), (100, 101), (1, 9), (221, 223), (238, 239), (207, 239), (76, 204), (147, 151), (20, 22), (24, 56), (208, 210), (49, 113), (234, 238), (97, 101), (207, 223), (155, 219), (236, 238), (115, 119), (149, 151), (97, 113), (36, 100), (232, 234), (1, 17), (208, 240), (100, 228), (56, 57), (204, 236), (228, 236), (38, 39), (113, 115), (38, 54), (1, 65), (49, 57), (135, 151), (36, 38), (195, 211), (68, 76), (22, 54), (175, 239), (17, 49)}
E2: {(193, 201), (154, 158), (196, 228), (162, 226), (107, 235), (43, 107), (180, 244), (99, 115), (5, 13), (216, 218), (228, 244), (8, 9), (114, 115), (0, 8), (36, 37), (115, 123), (5, 37), (172, 236), (34, 162), (158, 222), (37, 45), (192, 193), (192, 196), (193, 197), (49, 113), (49, 177), (9, 13), (31, 159), (244, 245), (132, 196), (134, 166), (33, 37), (162, 166), (15, 31), (107, 111), (33, 49), (99, 107), (158, 159), (228, 236), (17, 49), (113, 115), (48, 49), (150, 158), (218, 222), (134, 150), (210, 218), (132, 134), (196, 198), (13, 15), (31, 63), (160, 162), (8, 40)}
Obj: 30179

