Log for instance aco_tuning_out/inst18.txt.

Used ({'tau0': 9.563421643378381e-06, 'xi': 0.09724359984230846, 'q0': 0.3832373282206037, 'alpha': 0.33412689971093434, 'beta': 0.5388896399688413, 'rho': 0.11521783790776492, 'ants': 25}) and found best instance after 79.0625 seconds.
E1: {(126, 254), (61, 63), (147, 151), (29, 61), (213, 245), (94, 126), (0, 128), (57, 61), (66, 82), (151, 159), (209, 213), (90, 94), (0, 2), (128, 160), (1, 3), (62, 126), (197, 213), (3, 67), (46, 47), (159, 223), (95, 223), (1, 5), (213, 215), (7, 39), (67, 99), (2, 6), (252, 254), (47, 111), (54, 62), (58, 62), (1, 9), (110, 126), (193, 197), (80, 82), (110, 238), (46, 110), (2, 3), (45, 47), (62, 63), (94, 95), (193, 201), (150, 151), (85, 213), (39, 47), (6, 7), (151, 215), (66, 67)}
E2: {(8, 9), (114, 118), (146, 150), (82, 86), (112, 114), (101, 229), (66, 82), (91, 123), (60, 62), (115, 123), (168, 232), (62, 126), (44, 172), (1, 5), (188, 252), (112, 113), (172, 188), (54, 62), (8, 40), (154, 158), (168, 184), (40, 44), (44, 60), (161, 163), (1, 9), (8, 24), (78, 110), (110, 126), (245, 253), (221, 253), (80, 82), (229, 245), (8, 72), (110, 238), (108, 110), (82, 210), (51, 115), (168, 172), (160, 168), (112, 240), (82, 114), (252, 253), (30, 158), (160, 161), (89, 91), (142, 158), (54, 118), (146, 210), (30, 62), (113, 115)}
Obj: 28565

