Log for instance aco_tuning_out/inst12.txt.

Used ({'tau0': 3.023061298280671e-06, 'xi': 0.05271286661722294, 'q0': 0.5077385132207571, 'alpha': 0.4440555976676415, 'beta': 1.176945645340894, 'rho': 0.3517258170055353, 'ants': 22}) and found best instance after 50.15625 seconds.
E1: {(111, 120), (84, 87), (162, 168), (162, 180), (87, 89), (208, 214), (133, 214), (84, 102), (180, 207), (84, 111), (87, 168), (180, 182), (133, 134), (207, 208), (168, 195), (45, 207), (205, 214), (30, 32), (82, 85), (82, 91), (211, 214), (30, 111), (0, 162), (84, 85), (85, 166), (82, 109), (43, 205)}
E2: {(43, 205), (15, 24), (4, 58), (58, 59), (4, 85), (83, 137), (84, 102), (9, 36), (134, 161), (198, 200), (24, 78), (82, 83), (36, 198), (58, 76), (135, 137), (169, 178), (205, 214), (155, 161), (36, 45), (24, 25), (55, 58), (76, 157), (178, 205), (82, 85), (55, 64), (85, 166), (211, 214), (137, 155), (84, 85), (169, 223), (32, 59), (82, 109), (152, 161), (15, 177), (9, 15), (83, 89), (166, 169), (177, 178), (155, 236)}
Obj: 28365

