Log for instance aco_tuning_out/inst24.txt.

Used ({'tau_0': 1.944733890460195e-06, 'xi': 0.10406489729971813, 'q0': 0.5015133780289627, 'alpha': 0.48372224880231074, 'beta': 1.7691019222478264, 'rho': 0.4010581607160818, 'ants': 21}) and found best instance after 229.921875 seconds.
E1: {(76, 92), (32, 34), (58, 59), (99, 103), (32, 40), (146, 154), (107, 235), (44, 45), (15, 143), (43, 107), (12, 13), (0, 2), (40, 44), (242, 243), (186, 250), (2, 130), (220, 252), (122, 250), (240, 242), (220, 221), (44, 108), (12, 76), (144, 146), (57, 59), (143, 159), (106, 107), (106, 122), (13, 141), (32, 160), (139, 143), (2, 34), (76, 108), (141, 143), (99, 107), (71, 103), (43, 59), (154, 186), (90, 122), (186, 190), (242, 250), (130, 146), (92, 220)}
E2: {(183, 191), (98, 226), (229, 237), (61, 125), (228, 229), (146, 178), (187, 191), (178, 182), (221, 223), (2, 130), (34, 98), (53, 181), (146, 147), (61, 63), (180, 182), (21, 85), (181, 183), (90, 218), (60, 61), (98, 106), (191, 255), (165, 181), (144, 146), (5, 21), (2, 10), (63, 191), (120, 121), (226, 227), (89, 121), (175, 191), (180, 181), (166, 182), (2, 34), (195, 227), (222, 223), (165, 229), (98, 114), (223, 255), (218, 222), (121, 125), (227, 231), (130, 146), (21, 53)}
Obj: 25559

