Log for instance aco_tuning_out/inst03.txt.

Used ({'tau0': 6.651155935593466e-06, 'xi': 0.0698190378741818, 'q0': 0.8638669115585977, 'alpha': 1.1622049190539232, 'beta': 1.595958584283492, 'rho': 0.31540247478897615, 'ants': 9}) and found best instance after 7.15625 seconds.
E1: {(177, 181), (105, 107), (133, 141), (156, 188), (114, 118), (96, 97), (105, 109), (147, 151), (97, 113), (149, 151), (240, 244), (32, 96), (24, 28), (0, 128), (49, 57), (232, 233), (136, 137), (108, 109), (156, 158), (147, 155), (12, 13), (0, 2), (210, 211), (158, 222), (62, 126), (4, 20), (97, 101), (76, 108), (188, 252), (4, 68), (194, 210), (98, 114), (9, 73), (9, 137), (96, 98), (54, 62), (47, 111), (76, 92), (119, 127), (193, 195), (155, 187), (4, 6), (211, 219), (228, 244), (12, 28), (97, 105), (244, 252), (76, 204), (32, 36), (12, 76), (221, 253), (49, 113), (49, 177), (10, 14), (2, 10), (76, 78), (105, 233), (126, 127), (78, 206), (128, 136), (111, 239), (193, 201), (4, 12), (133, 135), (201, 233), (252, 253), (65, 73), (53, 181), (207, 239), (6, 14), (83, 115), (206, 222), (194, 202), (39, 47), (54, 118), (13, 141), (107, 111), (149, 181), (113, 115), (83, 211), (175, 239)}
E2: {(177, 181), (105, 107), (44, 45), (244, 246), (148, 150), (96, 97), (105, 109), (147, 151), (14, 15), (48, 56), (97, 113), (32, 96), (32, 160), (2, 34), (33, 49), (218, 222), (0, 128), (151, 159), (136, 137), (108, 109), (98, 226), (147, 155), (5, 7), (216, 218), (0, 2), (210, 211), (40, 56), (115, 123), (158, 222), (132, 148), (7, 71), (44, 108), (44, 172), (132, 196), (128, 192), (76, 108), (71, 103), (98, 114), (9, 137), (166, 230), (96, 98), (99, 103), (146, 154), (155, 187), (43, 171), (40, 44), (97, 105), (128, 132), (193, 197), (32, 36), (146, 147), (49, 113), (49, 177), (10, 14), (244, 245), (2, 10), (76, 78), (105, 233), (147, 211), (180, 181), (78, 206), (196, 198), (62, 63), (17, 49), (128, 136), (193, 201), (171, 235), (201, 233), (198, 206), (30, 158), (83, 115), (206, 222), (226, 230), (230, 246), (107, 111), (99, 107), (30, 62), (113, 115), (171, 187), (83, 211)}
Obj: 41910

