Log for instance aco_tuning_out/inst15.txt.

Used ({'tau0': 3.151708497185101e-06, 'xi': 0.05632693656731169, 'q0': 0.5279577748463967, 'alpha': 0.47226881213046684, 'beta': 1.430973702133798, 'rho': 0.06294574331706608, 'ants': 24}) and found best instance after 256.171875 seconds.
E1: {(162, 168), (171, 180), (171, 198), (118, 124), (199, 200), (225, 228), (60, 78), (171, 225), (180, 182), (63, 225), (91, 118), (6, 168), (124, 151), (118, 199), (162, 171), (168, 177), (168, 195), (117, 198), (117, 118), (148, 151), (6, 60), (63, 64), (43, 124), (109, 118), (148, 157)}
E2: {(171, 180), (116, 125), (116, 134), (176, 185), (171, 198), (2, 11), (11, 14), (31, 193), (81, 87), (123, 132), (31, 58), (199, 200), (225, 228), (123, 125), (195, 196), (87, 114), (45, 126), (0, 2), (51, 132), (180, 207), (236, 239), (185, 239), (7, 16), (171, 225), (180, 182), (173, 176), (207, 208), (208, 209), (118, 199), (171, 174), (34, 196), (11, 173), (34, 43), (136, 145), (211, 212), (7, 25), (7, 34), (99, 126), (174, 177), (35, 116), (10, 16), (58, 59), (166, 193), (10, 64), (209, 212), (171, 173), (81, 99), (31, 34), (10, 11), (118, 145), (198, 199), (114, 132), (32, 35), (109, 136), (135, 136), (99, 180), (51, 78), (8, 89), (7, 8)}
Obj: 30265

