Log for instance aco_tuning_out/inst30.txt.

Used ({'tau0': 9.375317187382458e-06, 'xi': 0.1262899054888864, 'q0': 0.7055217120426633, 'alpha': 1.8010444237149952, 'beta': 1.3070739401200755, 'rho': 0.0819059266997208, 'ants': 15}) and found best instance after 55.984375 seconds.
E1: {(129, 156), (39, 201), (102, 129), (118, 119), (0, 54), (210, 211), (10, 64), (153, 156), (11, 14), (129, 210), (10, 91), (30, 39), (120, 201), (10, 11), (198, 199), (30, 32), (109, 118), (174, 177), (72, 74), (128, 134), (201, 210), (119, 128), (91, 118), (54, 72), (146, 152), (74, 236), (72, 153), (174, 201), (119, 146), (199, 200), (19, 25), (118, 199), (10, 19), (189, 195), (198, 201), (189, 198)}
E2: {(39, 201), (54, 135), (55, 136), (118, 119), (0, 54), (125, 134), (199, 208), (181, 208), (54, 55), (149, 158), (136, 145), (165, 166), (125, 206), (195, 197), (38, 119), (118, 145), (36, 39), (157, 158), (197, 206), (36, 45), (109, 118), (174, 177), (119, 125), (146, 149), (91, 118), (55, 64), (146, 152), (181, 182), (182, 236), (119, 146), (174, 201), (165, 174), (19, 181), (199, 200), (201, 228), (19, 25), (118, 199), (36, 38)}
Obj: 31240

