Log for instance aco_tuning_out/inst09.txt.

Used ({'tau_0': 8.908613414444593e-06, 'xi': 0.1316659796537964, 'q0': 0.44184378094598165, 'alpha': 1.5856828467501214, 'beta': 0.9751219636880748, 'rho': 0.2735558699054583, 'ants': 18}) and found best instance after 8.53125 seconds.
E1: {(111, 120), (3, 4), (4, 58), (217, 223), (84, 102), (75, 78), (84, 111), (13, 14), (218, 236), (81, 84), (83, 164), (16, 43), (58, 76), (13, 16), (4, 166), (15, 16), (81, 135), (76, 157), (164, 218), (81, 83), (4, 13), (217, 218), (0, 3), (3, 84), (15, 177), (75, 76), (83, 89)}
E2: {(3, 4), (39, 201), (4, 58), (58, 59), (166, 193), (50, 131), (131, 134), (195, 204), (158, 161), (30, 39), (131, 158), (58, 61), (30, 48), (21, 24), (89, 143), (177, 204), (48, 50), (3, 30), (21, 48), (39, 120), (157, 158), (45, 48), (4, 166), (24, 25), (201, 204), (193, 211), (32, 50), (0, 3), (152, 161), (143, 161), (61, 223)}
Obj: 25577

