Log for instance aco_tuning_out/inst27.txt.

Used ({'tau_0': 6.293660666238772e-06, 'xi': 0.0765998967889499, 'q0': 0.6265340995784354, 'alpha': 0.31196112568590606, 'beta': 0.6324794380700602, 'rho': 0.3069899243645694, 'ants': 19}) and found best instance after 125.265625 seconds.
E1: {(196, 228), (146, 154), (60, 62), (206, 238), (29, 157), (157, 221), (157, 159), (27, 31), (249, 251), (209, 213), (62, 190), (100, 116), (146, 147), (147, 151), (144, 146), (31, 159), (39, 47), (113, 241), (204, 206), (187, 251), (132, 196), (213, 215), (47, 111), (36, 100), (100, 228), (151, 215), (241, 249), (47, 63), (2, 34), (250, 251), (43, 47), (38, 39), (142, 206), (23, 151), (209, 241), (2, 3), (34, 38), (196, 204), (36, 38), (62, 63), (30, 31), (31, 63), (151, 159), (54, 62)}
E2: {(119, 127), (243, 251), (216, 218), (101, 109), (176, 240), (141, 157), (123, 127), (251, 255), (157, 159), (48, 176), (56, 58), (240, 242), (109, 125), (6, 14), (166, 230), (125, 127), (151, 159), (147, 151), (202, 218), (14, 15), (15, 47), (127, 255), (14, 30), (31, 159), (48, 56), (10, 14), (144, 176), (56, 57), (226, 230), (111, 127), (218, 250), (226, 242), (242, 250), (157, 221), (30, 31), (250, 251), (47, 111)}
Obj: 23611

