Log for instance aco_tuning_out/inst30.txt.

Used ({'tau_0': 8.753936472387218e-06, 'xi': 0.09720016068128765, 'q0': 0.8231293796694477, 'alpha': 0.5431396504147108, 'beta': 1.6359800101718294, 'rho': 0.1536282766541045, 'ants': 15}) and found best instance after 200.859375 seconds.
E1: {(33, 42), (119, 200), (175, 202), (118, 119), (15, 42), (176, 185), (40, 41), (10, 64), (13, 14), (117, 123), (102, 104), (10, 91), (40, 202), (42, 123), (0, 1), (155, 236), (175, 176), (109, 118), (128, 134), (91, 118), (146, 155), (146, 152), (13, 40), (32, 41), (202, 211), (119, 146), (128, 155), (15, 177), (10, 13), (19, 25), (33, 195), (10, 19), (117, 118), (104, 185), (1, 19), (120, 123)}
E2: {(154, 155), (19, 46), (128, 209), (64, 145), (127, 128), (147, 228), (144, 147), (135, 144), (46, 127), (195, 204), (45, 46), (154, 157), (200, 209), (177, 204), (144, 146), (118, 127), (0, 1), (118, 145), (182, 209), (155, 236), (205, 214), (4, 166), (109, 118), (128, 134), (146, 155), (91, 118), (146, 152), (128, 155), (46, 52), (1, 4), (19, 25), (204, 205), (1, 19), (52, 214)}
Obj: 30468

