Log for instance aco_tuning_out/inst18.txt.

Used ({'tau0': 9.701809206152345e-06, 'xi': 0.09407325991753526, 'q0': 0.3044948820351523, 'alpha': 1.8442079342859672, 'beta': 1.893720745386587, 'rho': 0.3120024078765271, 'ants': 29}) and found best instance after 24.984375 seconds.
E1: {(64, 66), (90, 91), (193, 201), (3, 7), (58, 62), (163, 179), (150, 151), (197, 229), (5, 13), (5, 7), (87, 95), (147, 179), (91, 95), (110, 111), (62, 126), (45, 61), (238, 254), (193, 197), (13, 29), (61, 63), (147, 151), (3, 67), (193, 209), (64, 80), (229, 245), (69, 85), (9, 13), (46, 62), (29, 61), (85, 87), (6, 7), (151, 215), (110, 238), (162, 163), (46, 110), (5, 69), (87, 215), (69, 197), (7, 39), (57, 61), (66, 67), (67, 99), (252, 254), (62, 63), (160, 162), (151, 159), (54, 62)}
E2: {(64, 66), (168, 172), (64, 72), (160, 168), (154, 158), (168, 184), (60, 62), (69, 71), (150, 151), (163, 179), (8, 9), (82, 114), (252, 253), (123, 127), (147, 179), (172, 236), (78, 110), (8, 24), (69, 101), (168, 232), (62, 126), (30, 158), (240, 242), (82, 86), (64, 80), (108, 236), (147, 151), (245, 253), (221, 253), (70, 78), (142, 158), (8, 72), (46, 62), (114, 242), (110, 238), (108, 110), (82, 210), (81, 89), (70, 71), (46, 110), (51, 179), (126, 127), (30, 62), (5, 69), (150, 158), (80, 81), (66, 70), (81, 113), (70, 86), (236, 252), (54, 62), (8, 40)}
Obj: 28455

