Log for instance aco_tuning_out/inst03.txt.

Used ({'tau0': 5.984400518709856e-06, 'xi': 0.13241385165248287, 'q0': 0.4542903648549634, 'alpha': 0.4898957854025313, 'beta': 0.29966337375676566, 'rho': 0.06680927871977722, 'ants': 9}) and found best instance after 107.4375 seconds.
E1: {(232, 236), (20, 84), (113, 117), (57, 185), (117, 245), (68, 84), (185, 187), (147, 151), (117, 119), (195, 203), (240, 244), (24, 28), (228, 236), (57, 61), (37, 101), (39, 167), (69, 101), (154, 218), (20, 28), (167, 175), (53, 61), (135, 167), (37, 53), (52, 53), (9, 73), (135, 151), (146, 154), (228, 244), (221, 223), (37, 39), (146, 147), (202, 218), (84, 92), (65, 69), (244, 245), (148, 149), (203, 219), (218, 219), (20, 148), (36, 37), (65, 73), (53, 117), (52, 54), (207, 223), (20, 52), (146, 210), (203, 207), (204, 236)}
E2: {(192, 200), (200, 201), (32, 34), (32, 40), (132, 164), (200, 216), (146, 154), (107, 235), (43, 107), (180, 244), (0, 2), (164, 180), (34, 50), (146, 178), (196, 197), (36, 37), (5, 37), (37, 45), (158, 222), (166, 230), (192, 196), (32, 33), (146, 150), (32, 36), (198, 230), (32, 48), (15, 47), (31, 159), (9, 13), (49, 177), (244, 245), (132, 196), (36, 164), (146, 210), (32, 160), (226, 230), (47, 63), (2, 34), (50, 114), (15, 31), (43, 47), (107, 111), (50, 178), (33, 49), (99, 107), (164, 172), (107, 123), (150, 158), (196, 198), (45, 47), (13, 15), (17, 49)}
Obj: 30495

