Log for instance aco_tuning_out/inst18.txt.

Used ({'tau_0': 6.2578016549988135e-06, 'xi': 0.07695855038194482, 'q0': 0.6338595363337294, 'alpha': 1.3781099098119947, 'beta': 1.0918136498914073, 'rho': 0.20985761634934252, 'ants': 15}) and found best instance after 18.59375 seconds.
E1: {(156, 158), (2, 66), (1, 3), (114, 118), (1, 9), (156, 188), (5, 37), (37, 39), (37, 45), (85, 213), (14, 46), (197, 213), (45, 61), (6, 14), (110, 126), (58, 122), (61, 63), (151, 159), (147, 151), (211, 215), (31, 95), (31, 159), (1, 5), (29, 61), (213, 215), (54, 118), (110, 238), (32, 96), (151, 215), (32, 160), (137, 201), (81, 83), (98, 99), (66, 98), (107, 111), (188, 252), (213, 245), (99, 107), (46, 110), (98, 114), (150, 158), (80, 81), (90, 122), (57, 61), (9, 137), (122, 126), (2, 3), (114, 122), (83, 211), (158, 159), (31, 63), (96, 98), (209, 213)}
E2: {(168, 172), (136, 137), (154, 158), (32, 40), (72, 76), (91, 123), (168, 184), (156, 158), (163, 179), (86, 87), (210, 211), (112, 240), (2, 66), (252, 253), (28, 30), (156, 188), (114, 118), (1, 3), (78, 110), (168, 232), (30, 158), (96, 97), (110, 126), (211, 215), (245, 253), (221, 253), (89, 91), (49, 113), (142, 158), (40, 168), (97, 101), (112, 114), (49, 177), (1, 5), (76, 78), (54, 118), (80, 112), (110, 238), (24, 28), (32, 96), (177, 179), (32, 160), (81, 89), (66, 98), (188, 252), (76, 108), (60, 188), (118, 126), (98, 114), (150, 158), (87, 215), (80, 81), (136, 168), (9, 137), (81, 113), (49, 51), (2, 3), (86, 118), (172, 188), (96, 98)}
Obj: 30888

