Log for instance aco_tuning_out/inst03.txt.

Used ({'tau_0': 4.060261844275314e-06, 'xi': 0.08488866370438058, 'q0': 0.7517708033130077, 'alpha': 0.7568921075953849, 'beta': 1.442677676309637, 'rho': 0.31238065733584786, 'ants': 26}) and found best instance after 21.78125 seconds.
E1: {(204, 220), (177, 181), (47, 175), (136, 137), (86, 87), (181, 245), (228, 244), (147, 179), (187, 191), (179, 187), (53, 181), (64, 65), (87, 119), (36, 52), (64, 68), (136, 200), (146, 147), (65, 97), (220, 221), (202, 203), (52, 54), (147, 151), (20, 22), (20, 28), (49, 113), (22, 86), (39, 47), (49, 177), (97, 101), (244, 245), (20, 52), (149, 151), (97, 113), (195, 203), (200, 202), (240, 244), (24, 28), (177, 179), (146, 210), (175, 191), (203, 207), (52, 53), (203, 219), (200, 232), (9, 137), (49, 57), (135, 151), (28, 92), (92, 220), (200, 204)}
E2: {(177, 181), (193, 201), (15, 143), (58, 59), (154, 158), (98, 226), (107, 235), (146, 154), (43, 107), (133, 141), (181, 245), (216, 218), (0, 2), (128, 160), (17, 21), (40, 56), (36, 37), (34, 98), (132, 133), (5, 37), (198, 206), (53, 181), (37, 45), (56, 58), (192, 193), (174, 175), (166, 174), (128, 132), (143, 175), (193, 197), (59, 63), (206, 222), (48, 56), (9, 13), (143, 159), (172, 174), (158, 222), (13, 141), (33, 37), (37, 53), (128, 192), (146, 210), (98, 99), (2, 34), (180, 181), (59, 123), (107, 111), (141, 143), (99, 107), (98, 114), (5, 133), (43, 59), (150, 158), (218, 222), (0, 128), (21, 53), (158, 159)}
Obj: 32254

