Log for instance aco_tuning_out/inst27.txt.

Used ({'tau_0': 3.986574795084688e-06, 'xi': 0.12869898263116974, 'q0': 0.7324104580466773, 'alpha': 0.38736117587741714, 'beta': 0.6247624947394189, 'rho': 0.4525392981526261, 'ants': 9}) and found best instance after 6.546875 seconds.
E1: {(132, 164), (243, 251), (146, 154), (155, 187), (147, 155), (60, 62), (206, 238), (116, 244), (228, 244), (157, 159), (27, 31), (249, 251), (62, 190), (146, 147), (147, 151), (142, 143), (164, 228), (29, 31), (144, 146), (39, 47), (143, 159), (204, 206), (11, 27), (187, 251), (27, 155), (213, 215), (47, 111), (36, 164), (151, 215), (47, 63), (250, 251), (54, 62), (62, 63), (43, 47), (3, 11), (142, 206), (38, 39), (113, 115), (23, 151), (34, 38), (115, 243), (36, 38), (157, 221), (30, 31), (31, 63), (151, 159), (209, 213)}
E2: {(102, 230), (15, 143), (99, 103), (243, 251), (101, 103), (125, 253), (216, 218), (144, 208), (251, 255), (122, 250), (253, 255), (56, 58), (6, 14), (58, 122), (10, 42), (151, 159), (147, 151), (202, 218), (221, 253), (14, 15), (208, 216), (14, 30), (48, 56), (143, 159), (10, 14), (102, 103), (208, 240), (56, 57), (226, 230), (218, 250), (107, 111), (141, 143), (99, 107), (42, 58), (107, 123), (103, 119), (122, 123), (166, 230), (250, 251)}
Obj: 25634

