Log for instance aco_tuning_out/inst06.txt.

Used ({'tau_0': 4.5971794894411765e-06, 'xi': 0.07935886436067696, 'q0': 0.6133148179425765, 'alpha': 0.959591163017489, 'beta': 1.7442602148622774, 'rho': 0.32248764047634604, 'ants': 29}) and found best instance after 60.09375 seconds.
E1: {(47, 175), (188, 190), (156, 158), (180, 244), (206, 238), (237, 253), (210, 211), (233, 237), (17, 21), (146, 178), (1, 3), (156, 188), (53, 181), (158, 222), (174, 175), (166, 174), (192, 193), (143, 175), (174, 190), (206, 222), (212, 244), (180, 188), (188, 189), (21, 85), (221, 253), (6, 38), (135, 143), (39, 47), (17, 81), (28, 156), (172, 174), (1, 17), (249, 253), (24, 28), (240, 244), (146, 210), (105, 233), (81, 83), (180, 181), (81, 89), (50, 114), (21, 23), (50, 178), (46, 174), (38, 39), (78, 206), (143, 207), (129, 193), (1, 129), (45, 47), (83, 211), (21, 53), (130, 146), (189, 253), (232, 233)}
E2: {(90, 91), (193, 195), (193, 201), (162, 226), (188, 190), (156, 158), (181, 245), (113, 117), (40, 44), (193, 225), (17, 21), (196, 197), (1, 3), (156, 188), (187, 191), (36, 37), (53, 117), (34, 162), (53, 181), (158, 222), (196, 212), (166, 174), (174, 175), (174, 190), (193, 197), (18, 19), (96, 112), (162, 170), (188, 189), (180, 188), (90, 218), (101, 117), (89, 91), (36, 44), (1, 5), (117, 119), (132, 196), (230, 231), (68, 196), (1, 17), (37, 53), (226, 230), (175, 191), (180, 181), (162, 163), (112, 113), (17, 19), (129, 193), (218, 222), (66, 70), (1, 129), (68, 70), (166, 230), (21, 53), (159, 191)}
Obj: 30547

