Log for instance aco_tuning_out/inst09.txt.

Used ({'tau_0': 4.854876741746394e-06, 'xi': 0.1452545140568255, 'q0': 0.42195591018398276, 'alpha': 0.3555439034289861, 'beta': 0.8668501148752592, 'rho': 0.11887721475075397, 'ants': 32}) and found best instance after 288.21875 seconds.
E1: {(18, 72), (54, 135), (174, 176), (93, 147), (72, 75), (93, 174), (0, 18), (168, 186), (60, 222), (75, 156), (14, 176), (74, 236), (222, 223), (165, 168), (60, 78), (93, 102), (166, 175), (120, 147), (89, 98), (16, 178), (6, 60), (93, 95), (177, 186), (147, 148), (95, 98), (16, 43), (175, 176), (54, 60), (72, 74), (165, 174), (147, 156), (6, 168), (175, 178), (148, 157)}
E2: {(175, 202), (40, 41), (2, 8), (57, 75), (96, 97), (156, 157), (40, 202), (30, 57), (57, 59), (31, 49), (27, 30), (27, 36), (88, 89), (75, 156), (50, 53), (41, 50), (150, 152), (178, 232), (96, 123), (97, 106), (96, 150), (114, 195), (177, 178), (120, 123), (166, 175), (88, 97), (0, 2), (223, 232), (97, 178), (49, 211), (33, 114), (31, 34), (114, 123), (30, 32), (36, 45), (33, 34), (53, 134), (25, 106), (8, 89), (175, 178), (30, 31)}
Obj: 30843

