Log for instance aco_tuning_out/inst06.txt.

Used ({'tau_0': 7.905277958202082e-06, 'xi': 0.07780203477312476, 'q0': 0.5400401332579152, 'alpha': 1.238650111364569, 'beta': 1.1701509091931812, 'rho': 0.3657463607855648, 'ants': 16}) and found best instance after 10.78125 seconds.
E1: {(192, 194), (185, 249), (219, 223), (108, 109), (156, 158), (165, 167), (180, 244), (206, 238), (192, 224), (210, 214), (130, 194), (1, 3), (156, 188), (114, 118), (221, 223), (212, 214), (78, 110), (8, 24), (206, 207), (158, 222), (53, 181), (174, 190), (105, 109), (206, 222), (180, 182), (188, 189), (180, 188), (46, 47), (6, 38), (165, 181), (181, 189), (89, 91), (39, 47), (17, 81), (207, 223), (10, 14), (17, 145), (129, 145), (2, 10), (91, 219), (172, 174), (83, 87), (54, 118), (85, 87), (214, 222), (109, 237), (135, 167), (63, 191), (1, 17), (240, 244), (108, 110), (185, 189), (166, 182), (47, 63), (175, 191), (81, 83), (46, 110), (194, 210), (14, 78), (46, 174), (23, 87), (78, 206), (38, 54), (8, 10), (2, 3), (2, 6), (45, 47), (224, 232)}
E2: {(193, 195), (193, 201), (42, 170), (132, 164), (18, 26), (108, 109), (156, 158), (98, 226), (84, 212), (118, 119), (163, 179), (181, 245), (164, 180), (97, 105), (2, 66), (1, 3), (156, 188), (114, 118), (157, 159), (179, 187), (68, 84), (231, 239), (193, 197), (10, 42), (105, 109), (26, 90), (188, 189), (180, 188), (181, 183), (157, 189), (181, 189), (179, 183), (17, 81), (97, 101), (17, 145), (1, 5), (129, 145), (2, 10), (10, 14), (76, 78), (199, 231), (36, 164), (81, 89), (145, 153), (2, 34), (164, 166), (158, 190), (76, 108), (66, 98), (14, 78), (98, 114), (153, 157), (40, 42), (129, 193), (1, 129), (2, 3), (97, 225), (197, 199), (2, 18), (68, 76), (96, 98), (175, 239)}
Obj: 36989

