Log for instance aco_tuning_out/inst15.txt.

Used ({'tau0': 5.342828546400694e-06, 'xi': 0.10757152839420789, 'q0': 0.48310874806332305, 'alpha': 0.7345220815729948, 'beta': 0.5000932542690112, 'rho': 0.1091478953450425, 'ants': 30}) and found best instance after 192.390625 seconds.
E1: {(231, 240), (37, 64), (171, 177), (171, 180), (171, 198), (195, 204), (198, 200), (121, 148), (204, 231), (180, 182), (228, 231), (118, 121), (198, 199), (109, 118), (78, 240), (91, 118), (37, 199), (118, 199), (198, 204), (37, 43), (148, 157)}
E2: {(81, 82), (37, 64), (5, 59), (171, 177), (171, 180), (208, 211), (171, 198), (199, 208), (5, 86), (195, 204), (198, 200), (45, 46), (0, 81), (204, 231), (180, 182), (51, 52), (81, 90), (228, 231), (86, 89), (25, 52), (209, 236), (198, 199), (109, 118), (81, 135), (53, 134), (82, 85), (85, 166), (52, 53), (208, 209), (37, 199), (46, 52), (5, 14), (90, 171), (5, 32), (85, 86), (118, 199), (51, 78), (198, 204), (37, 43), (37, 46)}
Obj: 23328

