Log for instance aco_tuning_out/inst03.txt.

Used ({'tau_0': 6.2578016549988135e-06, 'xi': 0.07695855038194482, 'q0': 0.6338595363337294, 'alpha': 1.3781099098119947, 'beta': 1.0918136498914073, 'rho': 0.20985761634934252, 'ants': 15}) and found best instance after 14.40625 seconds.
E1: {(76, 92), (128, 136), (136, 137), (192, 194), (105, 107), (99, 103), (193, 195), (155, 187), (101, 103), (147, 155), (118, 119), (181, 245), (228, 244), (39, 103), (104, 105), (17, 21), (57, 185), (114, 118), (53, 181), (76, 204), (64, 65), (185, 187), (192, 193), (143, 175), (64, 68), (0, 32), (32, 36), (220, 221), (194, 202), (147, 151), (20, 28), (21, 149), (96, 98), (208, 210), (49, 113), (104, 232), (143, 159), (155, 219), (17, 145), (244, 245), (54, 118), (208, 240), (24, 28), (32, 96), (128, 192), (145, 147), (98, 99), (20, 21), (99, 107), (194, 210), (98, 114), (143, 207), (0, 64), (0, 128), (9, 137), (135, 151), (28, 92), (92, 220), (21, 53), (68, 76), (151, 159), (17, 49)}
E2: {(192, 194), (128, 136), (136, 137), (132, 164), (32, 40), (44, 45), (58, 62), (43, 107), (180, 244), (216, 218), (0, 2), (40, 44), (34, 98), (148, 150), (132, 148), (192, 193), (128, 132), (192, 196), (0, 32), (193, 197), (10, 42), (32, 33), (194, 202), (148, 180), (154, 218), (147, 151), (226, 234), (202, 218), (32, 48), (14, 15), (234, 235), (0, 1), (194, 226), (10, 14), (1, 5), (244, 245), (2, 10), (132, 196), (17, 145), (1, 17), (36, 164), (42, 43), (32, 160), (145, 147), (137, 201), (2, 34), (164, 166), (107, 111), (99, 107), (42, 58), (164, 172), (107, 123), (98, 114), (218, 222), (0, 128), (9, 137), (145, 177), (210, 218), (196, 198), (62, 63), (151, 159)}
Obj: 35062

