Log for instance aco_tuning_out/inst30.txt.

Used ({'tau_0': 2.0274933728523487e-06, 'xi': 0.13405703789383258, 'q0': 0.526091823657158, 'alpha': 1.6793374858698646, 'beta': 0.6970800710605479, 'rho': 0.13613590490376215, 'ants': 11}) and found best instance after 8.0 seconds.
E1: {(194, 197), (106, 133), (4, 58), (3, 4), (39, 201), (32, 113), (103, 106), (149, 152), (14, 95), (132, 133), (236, 242), (39, 66), (94, 103), (201, 202), (240, 242), (145, 148), (136, 145), (133, 134), (58, 67), (191, 197), (191, 200), (113, 122), (195, 197), (94, 148), (91, 94), (39, 120), (95, 122), (148, 149), (102, 103), (174, 177), (64, 67), (109, 136), (132, 159), (202, 211), (25, 106), (174, 201), (67, 148), (0, 3), (66, 67), (159, 240), (113, 194), (94, 95)}
E2: {(166, 175), (3, 4), (228, 229), (73, 154), (25, 187), (149, 152), (45, 46), (148, 229), (136, 154), (164, 167), (191, 197), (191, 200), (164, 182), (134, 215), (178, 187), (94, 148), (195, 197), (164, 191), (91, 94), (148, 149), (166, 167), (4, 166), (197, 215), (64, 67), (64, 73), (109, 136), (94, 175), (182, 236), (135, 136), (67, 148), (0, 3), (46, 73), (175, 178), (148, 157), (177, 178)}
Obj: 33497

