Log for instance aco_tuning_out/inst27.txt.

Used ({'tau_0': 1.8744203829802787e-06, 'xi': 0.06974601013646063, 'q0': 0.6646227429685135, 'alpha': 0.837812461347453, 'beta': 0.9110718814664547, 'rho': 0.3627109167529502, 'ants': 14}) and found best instance after 9.96875 seconds.
E1: {(55, 63), (58, 59), (196, 228), (27, 59), (156, 158), (4, 6), (125, 253), (23, 31), (10, 138), (186, 250), (4, 36), (158, 222), (56, 58), (110, 111), (30, 158), (148, 156), (209, 213), (6, 14), (62, 190), (132, 148), (10, 42), (206, 222), (58, 186), (124, 125), (142, 143), (116, 124), (29, 31), (221, 253), (14, 30), (31, 159), (143, 159), (46, 62), (10, 14), (204, 206), (132, 196), (213, 215), (138, 154), (249, 253), (110, 238), (151, 215), (56, 60), (42, 46), (2, 34), (60, 124), (59, 187), (46, 110), (42, 58), (43, 59), (112, 113), (144, 148), (112, 116), (2, 3), (2, 6), (39, 55), (62, 63), (30, 31), (151, 159), (54, 62)}
E2: {(105, 107), (15, 143), (188, 190), (243, 251), (156, 158), (125, 253), (97, 105), (57, 121), (252, 253), (121, 249), (156, 188), (253, 255), (244, 252), (158, 222), (56, 58), (148, 156), (30, 158), (249, 251), (6, 14), (202, 206), (10, 42), (206, 222), (224, 240), (151, 159), (147, 151), (105, 121), (221, 253), (14, 15), (121, 123), (152, 156), (14, 30), (103, 111), (97, 101), (10, 14), (48, 56), (143, 159), (249, 253), (240, 244), (166, 182), (188, 252), (107, 111), (141, 143), (182, 190), (42, 58), (144, 148), (152, 216), (103, 119), (224, 226), (250, 251)}
Obj: 29593

