Log for instance aco_tuning_out/inst09.txt.

Used ({'tau_0': 5.998921288673613e-06, 'xi': 0.12799050366072715, 'q0': 0.730921478054052, 'alpha': 1.5055228070199218, 'beta': 0.3739261379740735, 'rho': 0.1599798192967875, 'ants': 28}) and found best instance after 14.328125 seconds.
E1: {(166, 175), (4, 58), (3, 4), (34, 196), (176, 185), (84, 102), (75, 78), (236, 239), (135, 153), (34, 43), (185, 239), (97, 178), (96, 97), (72, 75), (84, 86), (86, 89), (58, 76), (31, 34), (31, 58), (175, 176), (4, 166), (76, 157), (196, 223), (14, 176), (72, 153), (96, 123), (0, 3), (3, 84), (75, 76), (175, 178), (177, 178), (120, 123)}
E2: {(81, 82), (3, 4), (4, 58), (58, 59), (222, 240), (153, 159), (186, 213), (24, 26), (81, 84), (82, 83), (213, 240), (195, 222), (177, 186), (49, 211), (81, 99), (150, 159), (58, 76), (26, 53), (4, 166), (49, 76), (99, 153), (76, 157), (123, 150), (53, 134), (222, 223), (45, 72), (72, 153), (150, 152), (32, 59), (0, 3), (24, 186), (3, 84), (159, 240), (83, 89), (25, 26), (120, 123)}
Obj: 28120

