Log for instance aco_tuning_out/inst27.txt.

Used ({'tau_0': 6.2578016549988135e-06, 'xi': 0.07695855038194482, 'q0': 0.6338595363337294, 'alpha': 1.3781099098119947, 'beta': 1.0918136498914073, 'rho': 0.20985761634934252, 'ants': 15}) and found best instance after 12.78125 seconds.
E1: {(154, 155), (55, 63), (155, 187), (43, 107), (60, 62), (43, 171), (116, 244), (228, 244), (0, 2), (4, 36), (27, 31), (132, 148), (76, 204), (23, 55), (0, 32), (62, 190), (32, 36), (151, 159), (142, 143), (29, 31), (221, 253), (112, 114), (10, 11), (31, 159), (143, 159), (114, 242), (46, 62), (11, 27), (27, 155), (2, 10), (213, 215), (213, 221), (151, 215), (32, 96), (110, 238), (249, 253), (108, 110), (2, 34), (54, 62), (3, 11), (107, 111), (76, 108), (46, 110), (4, 132), (30, 62), (171, 187), (98, 114), (112, 113), (144, 148), (112, 116), (242, 250), (39, 55), (62, 63), (30, 31), (96, 98), (209, 213)}
E2: {(128, 136), (136, 137), (119, 127), (58, 59), (98, 226), (125, 253), (0, 2), (101, 109), (242, 243), (123, 127), (253, 255), (240, 242), (109, 125), (6, 14), (0, 32), (136, 200), (16, 144), (10, 42), (137, 141), (220, 221), (125, 127), (151, 159), (147, 151), (32, 48), (221, 253), (14, 15), (216, 220), (14, 30), (31, 159), (57, 59), (114, 242), (10, 14), (2, 10), (200, 202), (32, 96), (226, 230), (111, 127), (59, 123), (42, 58), (98, 114), (16, 48), (0, 128), (242, 250), (166, 230), (30, 31), (96, 98)}
Obj: 29038

