Log for instance aco_tuning_out/inst03.txt.

Used ({'tau0': 1.3887935962446564e-06, 'xi': 0.06336511258122715, 'q0': 0.5149941610044446, 'alpha': 1.5531450358806447, 'beta': 0.41875271579630713, 'rho': 0.16981098283759344, 'ants': 13}) and found best instance after 10.875 seconds.
E1: {(177, 181), (219, 223), (155, 187), (108, 109), (211, 219), (118, 119), (20, 148), (133, 135), (133, 141), (150, 151), (101, 109), (113, 117), (210, 211), (57, 121), (36, 37), (148, 150), (53, 117), (133, 165), (37, 39), (207, 239), (53, 181), (93, 95), (205, 221), (76, 204), (64, 65), (224, 228), (64, 68), (177, 241), (83, 115), (224, 240), (202, 203), (147, 151), (20, 28), (165, 181), (101, 117), (95, 223), (9, 13), (207, 223), (155, 219), (117, 119), (92, 93), (149, 151), (54, 118), (240, 241), (13, 141), (24, 28), (37, 53), (203, 207), (147, 211), (76, 108), (113, 115), (113, 121), (205, 207), (83, 211), (195, 211), (68, 76), (224, 232), (175, 239)}
E2: {(192, 200), (200, 201), (210, 242), (177, 181), (32, 40), (55, 63), (200, 216), (146, 154), (134, 198), (13, 45), (0, 2), (196, 197), (11, 75), (1, 9), (147, 179), (172, 236), (198, 206), (32, 33), (0, 32), (146, 150), (146, 147), (1, 33), (206, 222), (202, 203), (32, 36), (108, 236), (147, 151), (181, 183), (32, 48), (245, 247), (74, 75), (9, 13), (203, 235), (114, 242), (1, 5), (74, 78), (179, 183), (76, 78), (134, 166), (1, 17), (183, 247), (200, 202), (55, 183), (32, 160), (146, 210), (180, 181), (11, 43), (75, 107), (2, 34), (76, 108), (107, 111), (226, 242), (99, 107), (107, 123), (78, 206), (134, 150), (132, 134), (196, 198), (11, 15), (74, 202), (13, 15), (151, 159)}
Obj: 36351

