Log for instance aco_tuning_out/inst24.txt.

Used ({'tau0': 7.0057149642065636e-06, 'xi': 0.149252803480768, 'q0': 0.4567360890655719, 'alpha': 0.7950975145067807, 'beta': 0.7667552217352966, 'rho': 0.11974195928540937, 'ants': 28}) and found best instance after 258.265625 seconds.
E1: {(76, 92), (250, 254), (42, 106), (71, 87), (15, 143), (44, 45), (190, 254), (0, 2), (40, 44), (176, 240), (87, 95), (242, 243), (252, 253), (2, 130), (221, 223), (122, 250), (240, 242), (41, 45), (44, 108), (160, 176), (12, 76), (41, 57), (221, 253), (159, 223), (234, 235), (95, 223), (143, 159), (34, 42), (130, 138), (106, 122), (138, 154), (144, 176), (42, 43), (139, 143), (2, 34), (76, 108), (141, 143), (42, 58), (40, 42), (90, 122), (106, 234), (242, 250), (252, 254)}
E2: {(183, 191), (90, 91), (237, 253), (167, 231), (187, 191), (221, 223), (147, 179), (91, 95), (53, 181), (120, 122), (21, 85), (181, 183), (221, 253), (176, 178), (191, 255), (52, 60), (165, 181), (89, 91), (5, 21), (179, 183), (95, 223), (2, 10), (106, 122), (166, 167), (144, 176), (199, 231), (63, 191), (226, 230), (175, 191), (180, 181), (50, 114), (228, 230), (50, 178), (2, 34), (222, 223), (52, 53), (223, 255), (176, 180), (167, 183), (90, 122), (195, 199), (166, 230), (21, 53), (34, 50)}
Obj: 25576

