Log for instance aco_tuning_out/inst06.txt.

Used ({'tau_0': 6.916816029978271e-06, 'xi': 0.13109583259981678, 'q0': 0.7096508529113955, 'alpha': 0.8294099029859726, 'beta': 1.23731470593669, 'rho': 0.12314043168046776, 'ants': 23}) and found best instance after 99.078125 seconds.
E1: {(128, 130), (232, 236), (220, 222), (180, 244), (206, 238), (210, 211), (39, 167), (2, 130), (121, 249), (172, 236), (212, 220), (206, 207), (128, 129), (23, 55), (166, 174), (174, 175), (45, 61), (174, 190), (105, 109), (206, 222), (220, 221), (212, 244), (105, 121), (83, 87), (172, 174), (236, 238), (28, 29), (29, 61), (85, 87), (166, 167), (45, 109), (53, 55), (135, 167), (109, 237), (240, 244), (24, 28), (128, 192), (146, 210), (89, 121), (2, 34), (50, 114), (23, 87), (46, 174), (78, 206), (236, 237), (2, 3), (2, 6), (130, 146), (83, 211), (39, 55), (34, 50)}
E2: {(90, 91), (193, 195), (193, 201), (32, 34), (162, 226), (188, 190), (32, 40), (180, 244), (86, 87), (193, 225), (87, 95), (196, 197), (1, 3), (156, 188), (187, 191), (91, 95), (196, 212), (174, 175), (166, 174), (87, 119), (96, 97), (174, 190), (193, 197), (32, 36), (212, 244), (180, 188), (188, 189), (162, 170), (89, 91), (97, 101), (1, 5), (244, 245), (132, 196), (68, 196), (230, 231), (1, 17), (32, 96), (162, 166), (226, 230), (175, 191), (162, 163), (2, 34), (129, 193), (66, 70), (70, 86), (2, 3), (68, 70), (97, 225), (2, 18), (159, 191)}
Obj: 29828

