Log for instance aco_tuning_out/inst15.txt.

Used ({'tau0': 4.585564497822685e-06, 'xi': 0.058757171197309443, 'q0': 0.34722321487260577, 'alpha': 1.3834921966172709, 'beta': 0.8673616661090202, 'rho': 0.2097770542871472, 'ants': 11}) and found best instance after 9.453125 seconds.
E1: {(226, 229), (42, 51), (228, 229), (121, 130), (100, 101), (103, 130), (115, 196), (130, 157), (200, 209), (177, 204), (20, 101), (64, 226), (100, 103), (182, 209), (121, 202), (196, 205), (109, 115), (91, 100), (42, 43), (202, 205), (202, 229), (51, 78), (204, 205), (195, 196), (43, 205), (20, 182)}
E2: {(87, 114), (33, 42), (226, 229), (14, 68), (228, 229), (87, 89), (33, 51), (39, 42), (25, 187), (66, 75), (135, 153), (45, 46), (39, 66), (33, 35), (37, 118), (72, 75), (0, 18), (164, 167), (33, 114), (191, 197), (177, 204), (191, 200), (209, 236), (66, 68), (191, 209), (64, 226), (204, 206), (182, 209), (164, 191), (205, 214), (166, 167), (197, 206), (109, 118), (114, 132), (32, 35), (187, 214), (42, 43), (21, 75), (18, 21), (211, 214), (202, 205), (59, 68), (72, 153), (202, 229), (51, 78), (204, 205), (132, 134), (33, 195), (43, 205), (37, 43), (37, 46)}
Obj: 29389

