Log for instance aco_tuning_out/inst15.txt.

Used ({'tau_0': 8.037069826251222e-06, 'xi': 0.09645020294268639, 'q0': 0.6378636958577493, 'alpha': 1.5874523603304216, 'beta': 1.117749324798499, 'rho': 0.3122873583242921, 'ants': 22}) and found best instance after 8.625 seconds.
E1: {(226, 229), (171, 174), (39, 201), (175, 202), (66, 228), (75, 78), (39, 48), (39, 66), (174, 175), (48, 75), (83, 164), (171, 173), (82, 83), (157, 238), (164, 173), (177, 204), (173, 182), (64, 226), (173, 200), (201, 204), (192, 195), (82, 91), (192, 201), (202, 205), (174, 201), (229, 238), (82, 109), (202, 229), (43, 205)}
E2: {(83, 110), (166, 175), (185, 188), (33, 42), (175, 202), (66, 228), (184, 211), (176, 185), (83, 137), (75, 78), (109, 110), (63, 64), (26, 188), (39, 66), (174, 175), (30, 33), (200, 203), (83, 164), (30, 39), (72, 75), (202, 203), (42, 44), (173, 176), (164, 173), (77, 80), (182, 188), (86, 89), (135, 137), (66, 68), (75, 77), (68, 77), (175, 176), (30, 32), (174, 177), (184, 185), (26, 80), (128, 134), (63, 72), (21, 75), (14, 176), (137, 146), (146, 155), (18, 21), (43, 44), (59, 68), (128, 155), (18, 45), (83, 86), (33, 195), (0, 18), (25, 26), (155, 236)}
Obj: 30390

