Log for instance aco_tuning_out/inst27.txt.

Used ({'tau_0': 7.199516623553175e-06, 'xi': 0.11757684122784635, 'q0': 0.8950304976400971, 'alpha': 1.7862372914817117, 'beta': 1.3396042945590478, 'rho': 0.08070539620138223, 'ants': 25}) and found best instance after 27.921875 seconds.
E1: {(55, 63), (196, 228), (146, 154), (155, 187), (147, 155), (52, 116), (151, 183), (206, 238), (242, 243), (28, 30), (198, 206), (158, 222), (30, 158), (110, 111), (36, 52), (146, 147), (10, 42), (206, 222), (52, 54), (147, 151), (142, 143), (28, 60), (221, 253), (52, 60), (144, 146), (142, 158), (179, 183), (143, 159), (114, 242), (132, 196), (27, 155), (213, 215), (213, 221), (28, 29), (2, 10), (151, 215), (55, 183), (249, 253), (110, 238), (42, 43), (50, 114), (2, 34), (158, 190), (113, 115), (23, 151), (179, 243), (2, 3), (196, 198), (115, 243), (196, 204), (242, 250), (39, 55), (34, 50), (151, 159), (209, 213)}
E2: {(119, 127), (132, 164), (146, 154), (151, 183), (152, 154), (101, 109), (242, 243), (123, 127), (253, 255), (198, 206), (158, 222), (56, 58), (30, 158), (240, 242), (109, 125), (6, 14), (146, 147), (10, 42), (206, 222), (202, 206), (125, 127), (147, 151), (142, 143), (221, 253), (14, 15), (144, 146), (127, 255), (142, 158), (179, 183), (14, 30), (143, 159), (48, 56), (10, 14), (132, 196), (55, 183), (56, 57), (55, 119), (111, 127), (164, 166), (141, 143), (226, 242), (42, 58), (152, 216), (179, 243), (196, 198), (242, 250), (151, 159)}
Obj: 26982

