Log for instance aco_tuning_out/inst27.txt.

Used ({'tau0': 3.1489754854725666e-06, 'xi': 0.09233871711137026, 'q0': 0.6750093896651443, 'alpha': 1.4767667958454729, 'beta': 1.3965639583348552, 'rho': 0.22070860434618855, 'ants': 29}) and found best instance after 19.234375 seconds.
E1: {(154, 155), (154, 158), (196, 228), (146, 154), (155, 187), (38, 102), (108, 124), (87, 95), (28, 30), (30, 158), (76, 204), (102, 110), (110, 111), (83, 115), (116, 124), (28, 60), (221, 253), (144, 146), (31, 95), (142, 158), (234, 238), (83, 87), (11, 27), (27, 155), (28, 29), (132, 196), (213, 215), (234, 250), (213, 221), (110, 238), (249, 253), (108, 110), (11, 43), (158, 190), (3, 11), (60, 124), (76, 108), (23, 87), (38, 39), (113, 115), (87, 215), (38, 54), (34, 38), (196, 204), (36, 38), (30, 31), (31, 63), (209, 213)}
E2: {(119, 127), (132, 164), (243, 251), (108, 109), (200, 216), (12, 13), (101, 109), (57, 121), (121, 249), (132, 148), (76, 204), (249, 251), (109, 125), (6, 14), (10, 42), (224, 240), (125, 127), (151, 159), (12, 76), (147, 151), (221, 253), (14, 15), (127, 255), (121, 123), (14, 30), (31, 159), (10, 14), (132, 196), (30, 31), (200, 202), (249, 253), (13, 141), (226, 230), (111, 127), (164, 166), (76, 108), (42, 58), (48, 49), (144, 148), (121, 125), (49, 57), (196, 204), (166, 230), (13, 15), (224, 226), (250, 251), (200, 204)}
Obj: 28040

