Log for instance aco_tuning_out/inst03.txt.

Used ({'tau0': 1.3763468429827451e-06, 'xi': 0.13059886401904963, 'q0': 0.7970081104032578, 'alpha': 0.9961946895439933, 'beta': 0.8455334921092874, 'rho': 0.2687684260652423, 'ants': 32}) and found best instance after 33.015625 seconds.
E1: {(76, 92), (192, 194), (128, 136), (136, 137), (232, 236), (47, 175), (155, 187), (211, 219), (147, 155), (228, 244), (210, 211), (49, 53), (76, 204), (36, 52), (143, 175), (83, 115), (65, 97), (194, 202), (52, 54), (147, 151), (20, 28), (135, 143), (49, 113), (97, 101), (39, 47), (115, 119), (20, 52), (149, 151), (92, 93), (97, 113), (68, 76), (240, 244), (24, 28), (128, 192), (147, 211), (204, 236), (52, 53), (194, 210), (228, 236), (113, 115), (143, 207), (9, 137), (49, 57), (135, 151), (28, 92), (83, 211), (195, 211), (93, 221)}
E2: {(192, 194), (177, 181), (128, 136), (136, 137), (32, 34), (32, 40), (196, 228), (98, 226), (107, 235), (43, 107), (150, 151), (181, 245), (216, 218), (210, 211), (196, 197), (123, 127), (34, 98), (172, 236), (5, 37), (198, 206), (53, 181), (37, 45), (166, 174), (36, 52), (32, 33), (128, 132), (32, 36), (206, 222), (154, 218), (20, 22), (32, 48), (14, 15), (22, 150), (194, 226), (17, 81), (172, 174), (132, 196), (20, 52), (63, 127), (37, 53), (32, 160), (128, 192), (137, 201), (180, 181), (81, 83), (98, 99), (111, 127), (107, 111), (52, 53), (99, 107), (194, 210), (228, 236), (14, 78), (98, 114), (78, 206), (218, 222), (0, 128), (9, 137), (196, 198), (83, 211), (151, 159)}
Obj: 31371

