Log for instance aco_tuning_out/inst15.txt.

Used ({'tau0': 8.037069826251222e-06, 'xi': 0.09645020294268639, 'q0': 0.6378636958577493, 'alpha': 1.5874523603304216, 'beta': 1.117749324798499, 'rho': 0.3122873583242921, 'ants': 22}) and found best instance after 11.96875 seconds.
E1: {(180, 186), (43, 52), (199, 205), (199, 226), (195, 213), (186, 213), (177, 186), (180, 182), (51, 52), (225, 226), (64, 226), (52, 133), (205, 214), (109, 118), (51, 213), (91, 118), (199, 200), (225, 228), (133, 160), (51, 78), (118, 199), (157, 160), (52, 214)}
E2: {(83, 110), (162, 171), (20, 23), (162, 168), (171, 177), (78, 80), (23, 77), (159, 160), (207, 209), (147, 228), (135, 141), (210, 211), (171, 198), (109, 110), (5, 86), (198, 200), (64, 65), (83, 164), (171, 173), (79, 160), (164, 173), (77, 80), (36, 198), (43, 124), (168, 195), (209, 236), (141, 159), (66, 68), (164, 182), (19, 20), (68, 77), (27, 36), (79, 80), (66, 147), (27, 45), (151, 160), (132, 159), (59, 68), (9, 171), (5, 14), (207, 210), (0, 9), (5, 23), (65, 68), (124, 151), (132, 134), (5, 32), (83, 86), (19, 25), (83, 89), (166, 169), (198, 207), (168, 169)}
Obj: 29114

