Log for instance aco_tuning_out/inst15.txt.

Used ({'tau0': 8.753936472387218e-06, 'xi': 0.09720016068128765, 'q0': 0.8231293796694477, 'alpha': 0.5431396504147108, 'beta': 1.6359800101718294, 'rho': 0.1536282766541045, 'ants': 15}) and found best instance after 71.03125 seconds.
E1: {(119, 200), (171, 177), (118, 119), (159, 160), (64, 145), (171, 198), (153, 159), (78, 159), (198, 200), (195, 213), (171, 173), (118, 124), (43, 124), (173, 182), (118, 145), (153, 234), (109, 118), (91, 118), (201, 228), (207, 213), (207, 234), (157, 160), (198, 201), (198, 207)}
E2: {(43, 205), (83, 110), (166, 175), (54, 135), (175, 202), (0, 54), (29, 32), (109, 110), (198, 200), (54, 55), (209, 215), (72, 78), (36, 198), (25, 52), (209, 236), (134, 215), (29, 110), (182, 209), (196, 205), (175, 176), (205, 214), (27, 36), (174, 177), (27, 45), (27, 54), (14, 176), (54, 72), (202, 205), (211, 214), (55, 64), (174, 201), (201, 228), (32, 59), (83, 89), (195, 196), (27, 29), (214, 215), (174, 176), (198, 201), (52, 214)}
Obj: 26960

