Log for instance aco_tuning_out/inst21.txt.

Used ({'tau_0': 7.405500650510694e-06, 'xi': 0.0538011928337849, 'q0': 0.7808066118135257, 'alpha': 1.9053416179409846, 'beta': 1.1675645378953803, 'rho': 0.23263286946707473, 'ants': 25}) and found best instance after 12.515625 seconds.
E1: {(166, 175), (99, 100), (175, 202), (180, 186), (20, 23), (66, 228), (31, 32), (153, 159), (100, 101), (135, 153), (205, 206), (152, 233), (54, 55), (63, 64), (186, 213), (200, 206), (223, 232), (213, 240), (177, 186), (180, 182), (20, 101), (205, 214), (31, 58), (63, 66), (54, 63), (55, 58), (54, 72), (202, 205), (205, 232), (206, 233), (45, 72), (72, 153), (14, 23), (99, 180), (159, 240), (213, 214)}
E2: {(185, 188), (212, 239), (58, 59), (99, 100), (55, 136), (0, 54), (159, 160), (199, 205), (176, 185), (100, 101), (205, 206), (152, 233), (185, 239), (54, 55), (24, 78), (200, 206), (186, 213), (223, 232), (136, 145), (213, 240), (211, 212), (20, 74), (79, 160), (180, 182), (86, 89), (58, 76), (118, 121), (20, 101), (186, 188), (195, 197), (118, 145), (50, 212), (175, 176), (197, 206), (175, 178), (25, 79), (55, 58), (72, 74), (120, 121), (76, 157), (91, 118), (55, 64), (54, 72), (205, 232), (109, 136), (206, 233), (74, 236), (45, 72), (32, 50), (178, 232), (135, 136), (99, 180), (24, 186), (159, 240), (118, 199), (83, 86), (43, 205), (83, 101)}
Obj: 33387

