Log for instance aco_tuning_out/inst15.txt.

Used ({'tau_0': 5.072339472437726e-06, 'xi': 0.06750660483788565, 'q0': 0.39673942663117334, 'alpha': 1.3764884196051321, 'beta': 0.7955077619397278, 'rho': 0.4521931615046479, 'ants': 17}) and found best instance after 5.546875 seconds.
E1: {(81, 82), (90, 91), (162, 171), (37, 64), (162, 168), (162, 180), (66, 228), (39, 42), (171, 198), (36, 37), (78, 159), (198, 200), (39, 66), (90, 96), (147, 148), (168, 177), (81, 90), (180, 182), (36, 198), (150, 159), (168, 195), (36, 39), (42, 43), (147, 150), (90, 171), (82, 109), (96, 150), (148, 157)}
E2: {(166, 175), (175, 202), (84, 87), (0, 54), (75, 237), (43, 52), (87, 89), (199, 202), (116, 134), (59, 140), (176, 185), (40, 41), (234, 236), (87, 168), (64, 65), (81, 84), (72, 75), (168, 177), (72, 78), (40, 202), (35, 44), (182, 185), (228, 237), (168, 195), (25, 52), (35, 53), (113, 116), (40, 49), (44, 71), (31, 49), (175, 176), (109, 112), (113, 140), (81, 135), (41, 44), (32, 35), (14, 176), (54, 72), (202, 211), (45, 72), (52, 53), (199, 200), (35, 116), (0, 3), (234, 237), (3, 84), (65, 71), (31, 112), (175, 178), (177, 178)}
Obj: 30701

