Log for instance aco_tuning_out/inst09.txt.

Used ({'tau0': 4.879942623985006e-06, 'xi': 0.08399557345205959, 'q0': 0.8878104132072444, 'alpha': 1.876793500103366, 'beta': 1.500849913875006, 'rho': 0.45614013825443306, 'ants': 13}) and found best instance after 3.78125 seconds.
E1: {(166, 175), (81, 82), (226, 232), (3, 4), (226, 229), (4, 58), (55, 136), (175, 202), (190, 199), (208, 214), (176, 185), (171, 198), (190, 208), (185, 239), (102, 104), (218, 236), (97, 178), (223, 232), (96, 97), (83, 164), (171, 173), (82, 83), (81, 84), (136, 145), (51, 52), (173, 176), (164, 173), (86, 89), (58, 76), (55, 217), (118, 145), (205, 214), (175, 176), (175, 178), (174, 177), (76, 157), (14, 176), (158, 239), (205, 232), (104, 158), (174, 201), (217, 218), (135, 136), (120, 123), (96, 123), (0, 3), (202, 229), (3, 84), (51, 78), (118, 199), (83, 86), (43, 205), (198, 201), (52, 214)}
E2: {(166, 175), (136, 137), (81, 82), (226, 232), (33, 42), (3, 4), (226, 229), (4, 58), (58, 59), (55, 136), (175, 202), (190, 199), (179, 233), (29, 32), (208, 214), (176, 185), (171, 198), (178, 179), (29, 56), (190, 208), (100, 101), (20, 47), (152, 233), (185, 239), (45, 46), (55, 56), (97, 178), (223, 232), (96, 97), (81, 84), (136, 145), (82, 83), (83, 164), (171, 173), (214, 241), (164, 173), (46, 47), (36, 198), (86, 89), (20, 101), (118, 145), (19, 20), (238, 241), (205, 214), (175, 176), (157, 158), (4, 166), (36, 42), (174, 177), (128, 134), (137, 146), (146, 155), (158, 239), (205, 232), (128, 155), (174, 201), (82, 100), (96, 123), (0, 3), (202, 229), (211, 238), (3, 84), (19, 25), (118, 199), (83, 86), (33, 195), (175, 178), (198, 201), (120, 123)}
Obj: 39733

