Log for instance aco_tuning_out/inst12.txt.

Used ({'tau_0': 9.767241690470751e-06, 'xi': 0.11665997591227979, 'q0': 0.8943962543294219, 'alpha': 1.1523918797969719, 'beta': 1.0104719425759585, 'rho': 0.28187790444783706, 'ants': 10}) and found best instance after 6.71875 seconds.
E1: {(166, 175), (81, 82), (163, 164), (226, 232), (101, 155), (4, 58), (3, 4), (226, 229), (99, 100), (175, 202), (118, 119), (84, 102), (171, 198), (20, 47), (100, 101), (28, 109), (81, 84), (82, 83), (83, 164), (171, 173), (4, 5), (214, 241), (180, 182), (164, 173), (36, 198), (86, 89), (0, 1), (31, 34), (20, 101), (38, 119), (118, 145), (36, 39), (238, 241), (31, 58), (205, 214), (39, 120), (128, 134), (33, 34), (91, 118), (205, 232), (1, 163), (145, 226), (128, 155), (82, 100), (99, 180), (3, 84), (202, 229), (211, 238), (5, 32), (83, 86), (36, 38), (33, 195), (43, 205), (28, 34), (45, 47)}
E2: {(166, 175), (81, 82), (28, 46), (226, 232), (4, 58), (39, 201), (226, 229), (3, 4), (175, 202), (118, 119), (31, 32), (76, 238), (234, 236), (75, 78), (66, 75), (100, 101), (45, 46), (39, 66), (102, 104), (72, 75), (81, 84), (82, 83), (28, 109), (223, 241), (214, 241), (86, 89), (58, 76), (153, 155), (31, 34), (66, 68), (20, 101), (64, 226), (118, 145), (19, 20), (238, 241), (205, 214), (31, 58), (153, 234), (174, 177), (81, 135), (76, 157), (128, 134), (119, 128), (146, 155), (205, 232), (59, 68), (146, 152), (72, 153), (174, 201), (128, 155), (145, 226), (82, 100), (101, 104), (199, 200), (202, 229), (3, 84), (211, 238), (19, 25), (118, 199), (83, 86), (43, 205), (28, 34)}
Obj: 40993

