Log for instance aco_tuning_out/inst03.txt.

Used ({'tau_0': 9.563421643378381e-06, 'xi': 0.09724359984230846, 'q0': 0.3832373282206037, 'alpha': 0.33412689971093434, 'beta': 0.5388896399688413, 'rho': 0.11521783790776492, 'ants': 25}) and found best instance after 109.546875 seconds.
E1: {(17, 21), (100, 101), (199, 207), (53, 55), (145, 147), (49, 57), (157, 221), (145, 149), (68, 100), (210, 211), (149, 157), (36, 100), (65, 81), (24, 25), (37, 53), (52, 53), (112, 113), (195, 211), (76, 92), (211, 219), (135, 199), (179, 187), (37, 39), (76, 204), (49, 113), (9, 25), (100, 228), (147, 211), (200, 232), (195, 199), (68, 76), (17, 49), (112, 240), (36, 37), (147, 179), (143, 175), (52, 54), (135, 143), (17, 81), (17, 145), (20, 52), (200, 202), (55, 119), (25, 57), (21, 53), (200, 204)}
E2: {(192, 200), (177, 181), (44, 45), (181, 245), (196, 197), (210, 214), (1, 33), (1, 17), (218, 222), (0, 128), (132, 164), (98, 226), (216, 218), (164, 180), (128, 160), (158, 222), (0, 32), (32, 48), (1, 5), (132, 196), (214, 222), (36, 164), (198, 214), (128, 192), (47, 63), (164, 166), (98, 114), (200, 201), (32, 34), (154, 158), (107, 235), (43, 107), (40, 44), (1, 9), (34, 98), (128, 132), (15, 47), (180, 181), (43, 47), (107, 123), (150, 158), (196, 198), (36, 44), (0, 1), (98, 99), (107, 111), (99, 107), (164, 172), (158, 159)}
Obj: 29667

