Log for instance aco_tuning_out/inst03.txt.

Used ({'tau0': 8.839185575249679e-06, 'xi': 0.14550623661925266, 'q0': 0.34798186644897255, 'alpha': 1.259708246474134, 'beta': 0.9832315705511097, 'rho': 0.4534262478421148, 'ants': 24}) and found best instance after 47.546875 seconds.
E1: {(136, 137), (211, 219), (20, 148), (68, 100), (210, 211), (140, 204), (57, 185), (221, 223), (100, 101), (206, 207), (37, 39), (54, 55), (224, 228), (185, 187), (143, 175), (202, 206), (83, 115), (224, 240), (147, 151), (20, 28), (135, 143), (207, 223), (204, 206), (115, 119), (187, 251), (149, 151), (148, 149), (36, 100), (53, 55), (65, 81), (100, 228), (24, 28), (37, 53), (55, 119), (81, 83), (147, 211), (113, 115), (143, 207), (9, 137), (219, 251), (135, 151), (28, 92), (37, 101), (83, 211), (195, 211), (224, 232), (136, 140)}
E2: {(192, 194), (32, 34), (32, 40), (132, 164), (41, 43), (107, 235), (98, 226), (193, 201), (43, 107), (13, 45), (60, 62), (52, 180), (5, 13), (197, 229), (150, 151), (216, 218), (40, 41), (210, 214), (186, 250), (34, 98), (160, 164), (192, 193), (9, 41), (0, 32), (193, 197), (32, 36), (33, 41), (32, 48), (150, 214), (52, 60), (229, 245), (49, 177), (9, 13), (194, 226), (214, 222), (198, 214), (32, 160), (194, 198), (218, 250), (164, 166), (33, 49), (107, 111), (99, 107), (164, 172), (107, 123), (98, 114), (48, 52), (154, 186), (210, 218), (62, 63), (13, 15), (151, 159), (17, 49)}
Obj: 31260

