Log for instance aco_tuning_out/inst30.txt.

Used ({'tau_0': 6.916816029978271e-06, 'xi': 0.13109583259981678, 'q0': 0.7096508529113955, 'alpha': 0.8294099029859726, 'beta': 1.23731470593669, 'rho': 0.12314043168046776, 'ants': 23}) and found best instance after 72.5625 seconds.
E1: {(81, 82), (226, 232), (179, 206), (226, 229), (125, 134), (178, 179), (236, 239), (16, 178), (125, 152), (238, 239), (13, 14), (0, 81), (35, 197), (83, 164), (82, 83), (16, 25), (164, 173), (173, 179), (125, 206), (64, 226), (195, 197), (100, 103), (173, 200), (13, 16), (102, 103), (197, 206), (91, 100), (177, 179), (32, 35), (229, 238), (178, 232), (82, 100), (82, 109), (211, 238), (123, 125), (120, 123)}
E2: {(81, 82), (166, 184), (226, 229), (228, 229), (179, 233), (171, 198), (101, 182), (236, 239), (100, 101), (195, 204), (184, 238), (238, 239), (0, 81), (152, 233), (22, 184), (171, 173), (103, 157), (173, 179), (36, 198), (22, 25), (173, 182), (64, 226), (100, 103), (173, 200), (103, 184), (91, 100), (36, 45), (81, 135), (177, 179), (128, 134), (229, 238), (82, 100), (82, 109), (101, 128), (198, 204)}
Obj: 30090

