Log for instance aco_tuning_out/inst03.txt.

Used ({'tau_0': 3.151708497185101e-06, 'xi': 0.05632693656731169, 'q0': 0.5279577748463967, 'alpha': 0.47226881213046684, 'beta': 1.430973702133798, 'rho': 0.06294574331706608, 'ants': 24}) and found best instance after 218.421875 seconds.
E1: {(128, 136), (136, 137), (137, 139), (232, 236), (132, 164), (219, 223), (211, 219), (20, 148), (228, 244), (67, 83), (210, 211), (65, 67), (36, 37), (221, 223), (115, 123), (37, 39), (54, 55), (132, 148), (128, 132), (143, 175), (83, 115), (194, 202), (67, 195), (20, 28), (135, 143), (57, 59), (132, 196), (115, 119), (68, 196), (148, 149), (53, 55), (36, 164), (240, 244), (24, 28), (37, 53), (194, 198), (139, 143), (59, 123), (147, 211), (204, 236), (59, 187), (194, 210), (228, 236), (113, 115), (143, 207), (9, 137), (196, 198), (196, 204), (37, 101), (28, 92), (83, 211)}
E2: {(192, 194), (128, 136), (136, 137), (137, 139), (32, 34), (132, 164), (15, 143), (32, 40), (200, 201), (107, 235), (180, 244), (43, 107), (99, 115), (216, 218), (196, 197), (114, 115), (36, 37), (148, 150), (115, 123), (5, 37), (37, 45), (132, 148), (128, 132), (0, 32), (136, 200), (59, 63), (154, 218), (148, 180), (32, 48), (49, 113), (194, 226), (143, 159), (49, 177), (244, 245), (132, 196), (36, 164), (32, 160), (194, 198), (139, 143), (164, 166), (33, 49), (59, 123), (99, 107), (107, 111), (194, 210), (164, 172), (113, 115), (48, 49), (218, 222), (9, 137), (0, 128), (210, 218), (196, 198), (17, 49)}
Obj: 29098

