Log for instance aco_tuning_out/inst15.txt.

Used ({'tau0': 2.760703391532889e-06, 'xi': 0.11284095755067615, 'q0': 0.39431429333058177, 'alpha': 1.2851296972235255, 'beta': 1.3966465894197229, 'rho': 0.20591685095973755, 'ants': 13}) and found best instance after 11.796875 seconds.
E1: {(33, 42), (39, 201), (128, 209), (73, 154), (33, 51), (127, 128), (39, 42), (51, 132), (130, 157), (200, 209), (177, 204), (127, 130), (129, 130), (182, 209), (127, 154), (91, 100), (109, 127), (42, 43), (64, 73), (174, 201), (129, 132), (100, 154), (51, 78), (174, 228), (42, 204), (33, 195)}
E2: {(18, 72), (194, 197), (18, 20), (37, 64), (166, 193), (11, 173), (20, 26), (9, 11), (20, 47), (135, 153), (45, 46), (193, 194), (200, 209), (209, 215), (72, 78), (173, 176), (46, 47), (209, 236), (134, 215), (195, 197), (32, 194), (182, 209), (112, 193), (89, 170), (109, 112), (174, 177), (197, 215), (37, 43), (14, 176), (211, 214), (72, 153), (32, 59), (0, 9), (47, 209), (9, 18), (174, 228), (214, 215), (174, 176), (170, 197), (37, 46), (25, 26)}
Obj: 27580

