Log for instance aco_tuning_out/inst30.txt.

Used ({'tau0': 5.888779735025123e-06, 'xi': 0.14210673593322504, 'q0': 0.5532221197439141, 'alpha': 1.4492226579119356, 'beta': 1.732090480737235, 'rho': 0.42744550361996797, 'ants': 10}) and found best instance after 4.609375 seconds.
E1: {(171, 174), (162, 171), (39, 201), (110, 191), (162, 168), (20, 23), (14, 68), (2, 164), (23, 50), (29, 32), (171, 198), (39, 48), (100, 101), (109, 110), (91, 92), (198, 200), (227, 236), (117, 120), (39, 66), (98, 152), (2, 20), (92, 173), (171, 173), (73, 74), (49, 211), (164, 173), (36, 198), (168, 195), (20, 101), (66, 68), (164, 191), (100, 103), (19, 20), (102, 103), (27, 36), (174, 177), (117, 198), (64, 73), (53, 134), (50, 53), (65, 227), (174, 201), (48, 49), (65, 68), (19, 25), (65, 74), (92, 98), (29, 191), (0, 27)}
E2: {(3, 4), (39, 201), (189, 216), (84, 87), (66, 228), (159, 160), (19, 73), (234, 236), (171, 198), (153, 159), (66, 75), (100, 101), (109, 110), (134, 161), (39, 66), (160, 161), (105, 106), (72, 75), (171, 173), (189, 195), (27, 189), (36, 198), (173, 182), (20, 101), (135, 216), (173, 200), (19, 20), (100, 106), (153, 234), (4, 166), (27, 36), (91, 100), (174, 177), (27, 45), (108, 110), (64, 73), (72, 153), (174, 201), (152, 161), (3, 84), (19, 25), (87, 105), (216, 234), (157, 160), (0, 27), (105, 159), (27, 108)}
Obj: 37924

