Log for instance aco_tuning_out/inst09.txt.

Used ({'tau_0': 1.774794369235601e-06, 'xi': 0.05178086251934671, 'q0': 0.765199417754037, 'alpha': 1.7110920267750438, 'beta': 1.3090193389783644, 'rho': 0.2964096563219366, 'ants': 12}) and found best instance after 4.890625 seconds.
E1: {(166, 175), (175, 202), (171, 177), (159, 160), (217, 223), (176, 185), (83, 137), (171, 198), (236, 239), (153, 159), (185, 239), (54, 55), (44, 206), (149, 158), (201, 202), (102, 104), (89, 116), (83, 164), (171, 173), (72, 78), (173, 176), (164, 173), (120, 201), (36, 198), (191, 197), (135, 137), (116, 197), (55, 217), (164, 191), (175, 176), (197, 206), (27, 36), (146, 149), (27, 54), (43, 44), (54, 72), (137, 146), (14, 176), (104, 158), (72, 153), (157, 160), (0, 27)}
E2: {(192, 194), (81, 82), (163, 164), (115, 142), (3, 4), (39, 201), (171, 174), (4, 58), (99, 100), (2, 164), (88, 115), (125, 134), (76, 238), (0, 2), (20, 47), (100, 101), (122, 125), (142, 223), (125, 152), (45, 46), (39, 66), (83, 164), (171, 173), (82, 83), (81, 84), (148, 229), (163, 166), (120, 201), (164, 173), (81, 99), (46, 47), (58, 76), (20, 101), (66, 68), (113, 122), (94, 148), (19, 20), (95, 122), (88, 89), (174, 177), (192, 195), (76, 157), (82, 88), (59, 68), (174, 201), (229, 238), (32, 59), (3, 84), (211, 238), (19, 25), (113, 194), (94, 95)}
Obj: 35904

