Log for instance aco_tuning_out/inst18.txt.

Used ({'tau_0': 5.420704371762057e-06, 'xi': 0.09688583805471983, 'q0': 0.31023948946680013, 'alpha': 0.7611440380801126, 'beta': 1.2418611307887504, 'rho': 0.4656758616586811, 'ants': 22}) and found best instance after 35.84375 seconds.
E1: {(64, 66), (193, 201), (58, 59), (3, 7), (5, 7), (150, 151), (5, 13), (192, 224), (85, 213), (192, 193), (197, 213), (209, 213), (238, 254), (110, 126), (59, 63), (13, 29), (193, 197), (26, 90), (64, 80), (147, 151), (31, 95), (57, 59), (31, 159), (39, 47), (9, 13), (46, 62), (213, 215), (6, 7), (110, 238), (151, 215), (160, 224), (47, 63), (64, 192), (54, 62), (107, 111), (213, 245), (99, 107), (46, 110), (7, 39), (26, 58), (252, 254), (45, 47), (62, 63), (31, 63), (151, 159), (47, 111)}
E2: {(64, 66), (168, 172), (24, 88), (210, 242), (160, 168), (26, 30), (108, 109), (168, 184), (72, 88), (206, 238), (150, 151), (215, 247), (101, 109), (108, 124), (40, 41), (40, 56), (114, 118), (220, 252), (5, 37), (54, 55), (168, 232), (240, 242), (9, 41), (110, 126), (220, 221), (51, 55), (64, 80), (147, 151), (26, 154), (245, 247), (24, 56), (22, 86), (121, 123), (40, 168), (22, 150), (80, 88), (114, 242), (54, 118), (88, 89), (110, 238), (151, 215), (56, 60), (89, 121), (108, 110), (60, 124), (131, 163), (124, 252), (118, 126), (142, 206), (78, 206), (22, 30), (113, 121), (37, 101), (131, 147), (86, 118)}
Obj: 30063

