Log for instance aco_tuning_out/inst21.txt.

Used ({'tau_0': 8.037069826251222e-06, 'xi': 0.09645020294268639, 'q0': 0.6378636958577493, 'alpha': 1.5874523603304216, 'beta': 1.117749324798499, 'rho': 0.3122873583242921, 'ants': 22}) and found best instance after 9.890625 seconds.
E1: {(166, 175), (179, 206), (226, 229), (55, 136), (175, 202), (66, 228), (179, 233), (185, 212), (176, 185), (217, 226), (20, 47), (142, 223), (152, 233), (200, 206), (136, 142), (66, 68), (55, 217), (64, 226), (50, 212), (175, 176), (197, 206), (197, 215), (177, 179), (14, 176), (41, 50), (32, 50), (135, 136), (41, 68), (202, 229), (45, 47), (212, 215), (20, 182), (47, 50)}
E2: {(111, 120), (226, 229), (226, 235), (54, 135), (20, 23), (84, 87), (151, 232), (0, 54), (87, 89), (194, 212), (124, 205), (66, 69), (39, 48), (84, 111), (67, 229), (199, 226), (151, 152), (39, 66), (223, 232), (72, 75), (3, 21), (43, 124), (66, 68), (48, 50), (64, 226), (50, 212), (21, 48), (19, 20), (235, 236), (196, 205), (32, 194), (45, 48), (109, 118), (151, 160), (21, 75), (91, 118), (54, 72), (229, 232), (21, 23), (59, 68), (205, 232), (229, 238), (199, 200), (69, 78), (3, 84), (211, 238), (66, 67), (19, 25), (195, 196), (118, 199), (157, 160), (20, 182)}
Obj: 32695

