Log for instance aco_tuning_out/inst30.txt.

Used ({'tau0': 8.990632486830376e-06, 'xi': 0.09595706500151588, 'q0': 0.4417965567940394, 'alpha': 1.6457162341639056, 'beta': 1.8792939670585154, 'rho': 0.14228615039412212, 'ants': 30}) and found best instance after 275.109375 seconds.
E1: {(123, 204), (119, 200), (118, 119), (125, 134), (64, 145), (210, 211), (204, 213), (125, 152), (227, 236), (195, 213), (186, 213), (177, 186), (21, 24), (3, 21), (200, 227), (210, 213), (118, 145), (109, 118), (24, 25), (119, 125), (91, 118), (3, 5), (5, 14), (0, 3), (24, 186), (21, 102), (123, 125), (5, 32), (120, 123)}
E2: {(154, 155), (101, 155), (119, 200), (55, 136), (118, 119), (125, 134), (64, 145), (1, 55), (101, 182), (125, 152), (54, 55), (154, 157), (136, 145), (136, 154), (7, 25), (0, 1), (118, 145), (198, 199), (4, 166), (109, 118), (174, 177), (192, 195), (119, 125), (192, 201), (91, 118), (54, 72), (4, 7), (45, 72), (174, 201), (135, 136), (1, 4), (174, 228), (118, 199), (198, 201), (155, 236)}
Obj: 28113

