Log for instance aco_tuning_out/inst27.txt.

Used ({'tau_0': 5.498217034018323e-06, 'xi': 0.07476910638285614, 'q0': 0.4717218972346363, 'alpha': 1.947841791710605, 'beta': 1.831830451033867, 'rho': 0.12093333427234658, 'ants': 15}) and found best instance after 19.859375 seconds.
E1: {(154, 158), (196, 228), (146, 154), (155, 187), (147, 155), (52, 116), (43, 107), (0, 2), (28, 30), (186, 250), (142, 174), (30, 158), (249, 251), (36, 52), (16, 144), (128, 132), (174, 190), (146, 147), (209, 213), (52, 54), (147, 151), (28, 60), (46, 47), (52, 60), (144, 146), (49, 113), (142, 158), (39, 47), (46, 62), (0, 16), (28, 29), (27, 155), (132, 196), (213, 215), (213, 221), (174, 238), (151, 215), (2, 34), (43, 47), (107, 111), (48, 49), (16, 48), (23, 151), (154, 186), (0, 128), (2, 3), (196, 204), (62, 63), (250, 251), (54, 62)}
E2: {(247, 255), (58, 59), (154, 158), (98, 226), (216, 218), (113, 117), (176, 240), (141, 157), (114, 115), (147, 179), (48, 176), (186, 250), (142, 174), (30, 158), (166, 174), (6, 14), (243, 247), (58, 186), (220, 221), (202, 218), (216, 220), (14, 15), (101, 117), (49, 113), (57, 59), (142, 158), (14, 30), (10, 14), (115, 119), (117, 125), (144, 176), (218, 250), (59, 123), (107, 111), (113, 115), (48, 49), (98, 114), (107, 123), (154, 186), (179, 243), (49, 57), (115, 243), (157, 221)}
Obj: 27025

