Log for instance aco_tuning_out/inst27.txt.

Used ({'tau_0': 5.7232384546733595e-06, 'xi': 0.1429672685027304, 'q0': 0.57445047410033, 'alpha': 1.4195433954167913, 'beta': 1.4047255855017542, 'rho': 0.4106053256096564, 'ants': 31}) and found best instance after 137.59375 seconds.
E1: {(204, 220), (60, 62), (0, 2), (87, 95), (186, 250), (34, 98), (221, 223), (27, 31), (224, 228), (110, 111), (215, 223), (128, 132), (62, 190), (96, 112), (220, 221), (128, 144), (29, 31), (31, 95), (14, 30), (39, 47), (95, 223), (217, 249), (110, 238), (96, 224), (209, 217), (2, 34), (54, 62), (43, 47), (38, 39), (30, 62), (23, 87), (112, 113), (217, 221), (14, 142), (38, 54), (0, 128), (112, 116), (154, 186), (2, 3), (34, 38), (186, 190), (186, 187), (36, 38), (62, 63), (30, 31), (96, 98), (47, 111)}
E2: {(247, 255), (58, 62), (91, 123), (12, 13), (125, 253), (216, 218), (101, 109), (176, 240), (202, 234), (187, 191), (57, 185), (48, 176), (78, 110), (91, 95), (253, 255), (110, 111), (185, 187), (109, 125), (6, 14), (243, 247), (226, 234), (12, 76), (202, 218), (221, 253), (14, 15), (191, 255), (31, 95), (14, 30), (234, 238), (167, 175), (10, 14), (76, 78), (166, 167), (144, 176), (110, 238), (13, 141), (119, 247), (153, 185), (175, 191), (218, 250), (145, 153), (145, 147), (144, 145), (14, 78), (30, 62), (109, 111), (30, 31)}
Obj: 28105

