Log for instance aco_tuning_out/inst24.txt.

Used ({'tau_0': 8.613914963906393e-06, 'xi': 0.14574697859969848, 'q0': 0.4568549694035073, 'alpha': 1.0997466880204505, 'beta': 1.26467494952901, 'rho': 0.20648622793681415, 'ants': 10}) and found best instance after 11.96875 seconds.
E1: {(76, 92), (42, 106), (15, 79), (58, 59), (154, 158), (15, 143), (146, 154), (107, 235), (43, 107), (13, 45), (12, 13), (0, 2), (242, 243), (146, 178), (252, 253), (2, 130), (157, 159), (122, 250), (240, 242), (160, 176), (12, 76), (221, 253), (144, 146), (57, 59), (178, 242), (143, 159), (106, 107), (106, 122), (144, 176), (13, 141), (71, 79), (139, 143), (2, 34), (76, 108), (158, 190), (141, 143), (42, 58), (40, 42), (90, 122), (242, 250), (130, 146), (157, 221), (158, 159)}
E2: {(90, 91), (154, 158), (146, 154), (156, 158), (60, 62), (237, 253), (146, 178), (11, 75), (1, 3), (156, 188), (122, 250), (253, 255), (158, 222), (53, 181), (120, 122), (85, 213), (231, 239), (146, 147), (180, 188), (181, 183), (221, 253), (89, 91), (144, 146), (165, 181), (10, 11), (178, 242), (114, 242), (1, 5), (239, 255), (2, 10), (106, 122), (230, 231), (213, 221), (199, 231), (226, 230), (180, 181), (2, 34), (228, 230), (3, 11), (62, 63), (226, 242), (60, 188), (171, 175), (171, 187), (90, 122), (195, 199), (242, 250), (166, 230), (75, 91), (175, 239)}
Obj: 26529

