Log for instance aco_tuning_out/inst03.txt.

Used ({'tau_0': 1.6998009274389792e-06, 'xi': 0.07574288908876978, 'q0': 0.3437997878588728, 'alpha': 0.9960324515524092, 'beta': 0.6033193519507508, 'rho': 0.22849098583736227, 'ants': 30}) and found best instance after 154.890625 seconds.
E1: {(204, 220), (211, 219), (210, 211), (49, 53), (36, 37), (4, 36), (1, 9), (187, 191), (37, 39), (54, 55), (143, 175), (220, 221), (164, 228), (147, 151), (202, 218), (20, 28), (208, 210), (4, 20), (49, 113), (0, 1), (135, 143), (0, 4), (149, 151), (53, 55), (36, 164), (208, 240), (200, 202), (24, 28), (37, 53), (55, 119), (175, 191), (147, 211), (4, 68), (200, 232), (143, 207), (1, 65), (210, 218), (49, 57), (135, 151), (37, 101), (28, 92), (92, 220), (195, 211), (200, 204)}
E2: {(193, 201), (132, 164), (154, 158), (44, 45), (107, 235), (98, 226), (134, 198), (43, 107), (197, 229), (216, 218), (40, 44), (1, 9), (48, 176), (34, 98), (158, 222), (192, 193), (160, 164), (128, 132), (193, 197), (1, 33), (160, 176), (44, 172), (15, 47), (229, 245), (0, 1), (1, 5), (134, 166), (1, 17), (36, 164), (128, 192), (47, 63), (98, 99), (107, 111), (99, 107), (164, 172), (107, 123), (176, 177), (150, 158), (98, 114), (218, 222), (0, 128), (176, 180), (134, 150), (210, 218), (132, 134), (45, 47), (158, 159), (47, 111)}
Obj: 27984

