Log for instance aco_tuning_out/inst30.txt.

Used ({'tau0': 6.895901444357542e-06, 'xi': 0.11930677293557751, 'q0': 0.7766820476791325, 'alpha': 1.762448247826621, 'beta': 0.8740652131662537, 'rho': 0.21713520092331218, 'ants': 13}) and found best instance after 8.015625 seconds.
E1: {(145, 146), (226, 232), (226, 229), (162, 171), (162, 168), (175, 202), (118, 119), (171, 177), (6, 33), (29, 32), (50, 131), (84, 102), (171, 198), (109, 110), (131, 134), (201, 202), (209, 212), (171, 173), (7, 25), (3, 6), (120, 201), (209, 236), (64, 226), (118, 145), (50, 212), (29, 110), (173, 200), (205, 214), (175, 176), (6, 7), (110, 119), (14, 176), (91, 118), (205, 232), (193, 202), (0, 162), (146, 152), (193, 211), (145, 226), (6, 168), (3, 84), (202, 229), (33, 195), (214, 215), (212, 215), (198, 201)}
E2: {(166, 175), (226, 232), (39, 201), (162, 171), (226, 229), (19, 46), (66, 228), (50, 131), (49, 50), (171, 198), (46, 127), (135, 153), (131, 134), (67, 229), (39, 66), (98, 152), (154, 157), (171, 173), (209, 215), (173, 176), (58, 67), (36, 198), (95, 98), (118, 127), (209, 236), (173, 182), (64, 226), (31, 49), (50, 212), (173, 200), (31, 58), (175, 176), (196, 205), (127, 154), (27, 36), (109, 118), (174, 177), (27, 45), (91, 118), (205, 232), (0, 162), (174, 201), (46, 49), (153, 154), (66, 67), (95, 176), (19, 25), (195, 196), (212, 215), (198, 201)}
Obj: 36635

