Log for instance aco_tuning_out/inst27.txt.

Used ({'tau_0': 7.271888129177242e-06, 'xi': 0.05984220487362216, 'q0': 0.5127813632941683, 'alpha': 0.28049908432308224, 'beta': 1.9767044196304102, 'rho': 0.05712818954691315, 'ants': 28}) and found best instance after 280.8125 seconds.
E1: {(116, 244), (176, 240), (28, 30), (147, 151), (28, 60), (14, 15), (240, 244), (2, 34), (158, 190), (209, 241), (154, 186), (209, 213), (132, 164), (147, 155), (186, 250), (62, 190), (164, 228), (14, 30), (132, 196), (213, 215), (240, 241), (36, 164), (249, 253), (186, 190), (54, 62), (47, 111), (155, 187), (228, 244), (221, 253), (15, 47), (10, 14), (2, 10), (28, 29), (213, 221), (144, 176), (110, 238), (43, 47), (46, 110), (23, 151), (2, 3), (62, 63), (154, 155), (30, 158), (142, 158), (39, 47), (113, 241), (46, 62), (27, 155), (151, 215), (196, 204)}
E2: {(243, 251), (246, 247), (125, 253), (215, 247), (216, 218), (101, 109), (176, 240), (244, 246), (251, 255), (48, 176), (253, 255), (109, 125), (6, 14), (56, 58), (243, 247), (147, 151), (202, 218), (221, 253), (14, 15), (15, 47), (14, 30), (48, 56), (10, 14), (123, 251), (144, 176), (151, 215), (13, 141), (119, 247), (240, 244), (226, 230), (56, 57), (230, 246), (218, 250), (109, 111), (166, 230), (13, 15), (250, 251), (47, 111)}
Obj: 24989

