Log for instance aco_tuning_out/inst12.txt.

Used ({'tau_0': 5.572049615801917e-06, 'xi': 0.06325004225542018, 'q0': 0.8461092587771804, 'alpha': 1.389681207393384, 'beta': 0.3366413033928038, 'rho': 0.4612946765120627, 'ants': 22}) and found best instance after 6.71875 seconds.
E1: {(81, 82), (3, 4), (4, 58), (84, 87), (118, 119), (87, 89), (208, 211), (190, 199), (127, 128), (29, 32), (84, 102), (171, 198), (46, 127), (190, 208), (0, 81), (45, 46), (120, 122), (83, 164), (171, 173), (82, 83), (81, 84), (28, 109), (164, 173), (118, 124), (36, 198), (43, 124), (31, 34), (86, 95), (164, 182), (38, 119), (28, 29), (27, 33), (31, 58), (95, 122), (4, 166), (27, 36), (128, 134), (82, 91), (3, 84), (118, 199), (33, 195), (36, 38), (83, 86), (127, 208), (28, 34)}
E2: {(43, 205), (81, 82), (166, 175), (226, 232), (106, 133), (3, 4), (4, 58), (38, 200), (58, 59), (84, 87), (118, 119), (175, 202), (87, 89), (190, 199), (208, 214), (84, 102), (171, 198), (20, 47), (100, 101), (190, 208), (45, 46), (83, 164), (171, 173), (82, 83), (81, 84), (51, 52), (164, 173), (133, 134), (46, 47), (36, 198), (58, 76), (135, 137), (20, 101), (64, 226), (52, 133), (38, 119), (50, 212), (155, 236), (205, 214), (196, 205), (100, 106), (175, 178), (76, 157), (196, 223), (137, 146), (146, 155), (202, 205), (205, 232), (211, 214), (146, 152), (25, 106), (32, 50), (119, 146), (82, 109), (3, 84), (51, 78), (118, 199), (36, 38), (214, 215), (212, 215), (177, 178), (52, 214)}
Obj: 38353

