Log for instance aco_tuning_out/inst30.txt.

Used ({'tau_0': 4.498936448740942e-06, 'xi': 0.13853729626942535, 'q0': 0.527822666374638, 'alpha': 1.6196713237028468, 'beta': 0.6656100225587412, 'rho': 0.18622598889901743, 'ants': 24}) and found best instance after 25.5 seconds.
E1: {(162, 171), (171, 177), (105, 186), (64, 145), (29, 191), (29, 38), (29, 32), (171, 198), (11, 14), (149, 152), (198, 200), (189, 191), (121, 148), (145, 148), (11, 38), (177, 186), (209, 215), (189, 195), (211, 212), (24, 105), (209, 236), (191, 209), (134, 215), (118, 145), (198, 199), (102, 105), (148, 149), (109, 118), (24, 25), (120, 121), (91, 118), (0, 162), (118, 199), (212, 215), (189, 198)}
E2: {(45, 126), (162, 171), (166, 193), (118, 119), (171, 177), (64, 145), (190, 199), (190, 193), (171, 198), (198, 200), (151, 152), (19, 100), (136, 145), (162, 164), (154, 157), (145, 151), (136, 154), (228, 231), (126, 128), (164, 182), (118, 145), (198, 199), (109, 118), (177, 231), (128, 134), (91, 118), (119, 128), (0, 162), (182, 236), (135, 136), (100, 154), (19, 25), (118, 199), (189, 195), (189, 198)}
Obj: 30427

