Log for instance aco_tuning_out/inst18.txt.

Used ({'tau_0': 9.767241690470751e-06, 'xi': 0.11665997591227979, 'q0': 0.8943962543294219, 'alpha': 1.1523918797969719, 'beta': 1.0104719425759585, 'rho': 0.28187790444783706, 'ants': 10}) and found best instance after 10.515625 seconds.
E1: {(128, 136), (136, 137), (105, 107), (26, 30), (193, 201), (243, 251), (70, 198), (86, 87), (0, 2), (87, 95), (97, 105), (252, 253), (114, 118), (1, 3), (148, 150), (132, 148), (85, 213), (62, 126), (249, 251), (215, 223), (6, 14), (96, 97), (209, 213), (193, 197), (10, 42), (45, 61), (26, 90), (151, 159), (147, 151), (193, 209), (29, 31), (46, 47), (31, 95), (39, 47), (17, 81), (31, 159), (46, 62), (10, 14), (95, 223), (1, 5), (2, 10), (132, 196), (97, 113), (213, 215), (54, 118), (29, 61), (1, 17), (110, 238), (249, 253), (32, 96), (32, 160), (42, 46), (107, 111), (213, 245), (99, 107), (46, 110), (42, 58), (113, 115), (98, 114), (80, 81), (0, 128), (9, 137), (66, 70), (81, 113), (70, 86), (196, 198), (115, 243), (57, 61), (62, 63), (30, 31), (6, 70), (96, 98), (47, 111)}
E2: {(8, 9), (114, 118), (96, 97), (105, 109), (82, 86), (147, 151), (88, 120), (31, 95), (31, 159), (97, 113), (240, 244), (32, 96), (153, 185), (32, 160), (59, 123), (118, 126), (80, 81), (0, 128), (6, 70), (151, 159), (136, 137), (243, 251), (108, 109), (124, 126), (0, 2), (1, 3), (121, 249), (62, 126), (249, 251), (82, 83), (10, 42), (142, 143), (97, 101), (1, 5), (249, 253), (145, 153), (76, 108), (98, 114), (66, 70), (9, 137), (70, 86), (30, 31), (96, 98), (200, 201), (146, 154), (72, 88), (86, 87), (163, 179), (87, 95), (97, 105), (8, 24), (91, 95), (244, 252), (174, 175), (146, 147), (221, 253), (143, 159), (10, 14), (172, 174), (244, 245), (2, 10), (76, 78), (120, 121), (110, 238), (105, 233), (82, 210), (51, 179), (46, 110), (42, 58), (200, 232), (81, 113), (2, 3), (128, 136), (58, 59), (32, 40), (150, 151), (201, 233), (252, 253), (143, 175), (6, 14), (105, 121), (89, 91), (17, 81), (46, 62), (17, 145), (54, 118), (184, 185), (81, 83), (60, 124), (179, 243)}
Obj: 41154

