Log for instance aco_tuning_out/inst09.txt.

Used ({'tau_0': 5.498217034018323e-06, 'xi': 0.07476910638285614, 'q0': 0.4717218972346363, 'alpha': 1.947841791710605, 'beta': 1.831830451033867, 'rho': 0.12093333427234658, 'ants': 15}) and found best instance after 14.265625 seconds.
E1: {(3, 4), (166, 184), (51, 53), (84, 87), (42, 51), (170, 224), (185, 212), (176, 185), (53, 215), (39, 42), (87, 168), (22, 184), (81, 84), (209, 215), (168, 177), (103, 157), (209, 236), (103, 184), (39, 120), (102, 103), (89, 170), (184, 185), (81, 135), (168, 170), (42, 43), (14, 176), (4, 22), (0, 3), (3, 84), (51, 78), (212, 215), (223, 224)}
E2: {(120, 129), (76, 238), (107, 134), (3, 165), (71, 80), (107, 161), (195, 222), (165, 166), (16, 25), (168, 177), (89, 143), (77, 80), (48, 50), (48, 129), (80, 161), (45, 48), (168, 222), (16, 70), (76, 157), (71, 152), (141, 143), (70, 71), (165, 168), (222, 223), (32, 50), (50, 77), (59, 77), (0, 3), (211, 238), (143, 161), (141, 222), (76, 77)}
Obj: 27877

