Log for instance aco_tuning_out/inst09.txt.

Used ({'tau0': 6.544509853368331e-06, 'xi': 0.05105112966369988, 'q0': 0.3218040775925436, 'alpha': 1.317829237345747, 'beta': 0.4388545186115663, 'rho': 0.34888292737798793, 'ants': 30}) and found best instance after 14.296875 seconds.
E1: {(93, 102), (162, 168), (93, 120), (0, 54), (139, 157), (43, 70), (236, 239), (11, 14), (2, 11), (223, 232), (162, 164), (72, 78), (168, 177), (220, 221), (90, 93), (81, 90), (167, 221), (164, 167), (139, 220), (166, 167), (2, 83), (81, 135), (81, 83), (54, 72), (0, 162), (220, 223), (81, 162), (83, 89), (221, 239), (70, 232)}
E2: {(162, 171), (162, 168), (93, 120), (84, 93), (59, 140), (171, 198), (130, 133), (121, 130), (5, 86), (149, 152), (140, 149), (81, 84), (130, 157), (168, 177), (133, 134), (84, 86), (86, 89), (168, 195), (25, 52), (45, 207), (52, 133), (121, 202), (120, 121), (0, 162), (202, 211), (86, 140), (81, 162), (169, 223), (5, 32), (166, 169), (198, 207), (168, 169)}
Obj: 27702

