Log for instance aco_tuning_out/inst21.txt.

Used ({'tau_0': 4.822265207889503e-06, 'xi': 0.13540262306958187, 'q0': 0.6138627392147109, 'alpha': 1.667403283011879, 'beta': 1.0113699636281308, 'rho': 0.16684714562074338, 'ants': 26}) and found best instance after 23.546875 seconds.
E1: {(81, 82), (163, 164), (198, 225), (171, 177), (217, 223), (171, 198), (5, 86), (198, 200), (38, 65), (64, 65), (83, 164), (171, 173), (82, 83), (163, 166), (164, 173), (36, 198), (164, 182), (36, 45), (81, 135), (163, 217), (71, 152), (5, 14), (225, 228), (5, 32), (65, 71), (83, 86), (36, 38)}
E2: {(81, 82), (5, 59), (171, 180), (181, 184), (184, 211), (83, 137), (171, 198), (61, 79), (5, 86), (76, 79), (34, 43), (0, 81), (198, 200), (34, 61), (82, 83), (181, 235), (189, 195), (180, 182), (120, 201), (86, 89), (78, 79), (235, 236), (18, 180), (73, 235), (25, 79), (81, 135), (76, 157), (137, 146), (180, 181), (82, 91), (73, 79), (64, 73), (146, 152), (82, 109), (18, 45), (5, 32), (83, 86), (0, 18), (198, 201), (189, 198), (61, 223)}
Obj: 27860

