Log for instance aco_tuning_out/inst12.txt.

Used ({'tau_0': 5.984400518709856e-06, 'xi': 0.13241385165248287, 'q0': 0.4542903648549634, 'alpha': 0.4898957854025313, 'beta': 0.29966337375676566, 'rho': 0.06680927871977722, 'ants': 9}) and found best instance after 297.75 seconds.
E1: {(111, 120), (18, 20), (166, 193), (118, 119), (32, 113), (84, 102), (84, 111), (20, 47), (192, 193), (47, 128), (111, 192), (84, 86), (118, 124), (86, 89), (43, 124), (86, 113), (109, 118), (110, 113), (110, 119), (192, 195), (128, 134), (91, 118), (110, 128), (193, 211), (45, 47), (0, 18), (20, 182)}
E2: {(166, 184), (54, 135), (125, 134), (184, 211), (89, 98), (98, 125), (25, 187), (236, 242), (152, 233), (63, 64), (97, 178), (200, 206), (223, 232), (72, 78), (103, 157), (118, 124), (43, 124), (68, 230), (97, 98), (66, 68), (125, 206), (233, 242), (178, 187), (103, 184), (102, 103), (63, 66), (54, 63), (109, 118), (54, 72), (59, 68), (206, 233), (45, 72), (178, 232), (32, 59), (230, 233), (97, 124), (177, 178), (184, 187)}
Obj: 28478

