Log for instance aco_tuning_out/inst03.txt.

Used ({'tau_0': 8.613914963906393e-06, 'xi': 0.14574697859969848, 'q0': 0.4568549694035073, 'alpha': 1.0997466880204505, 'beta': 1.26467494952901, 'rho': 0.20648622793681415, 'ants': 10}) and found best instance after 47.1875 seconds.
E1: {(76, 92), (137, 139), (219, 223), (211, 219), (133, 135), (113, 117), (210, 211), (65, 67), (100, 101), (36, 37), (221, 223), (53, 117), (37, 39), (206, 207), (76, 204), (224, 228), (143, 175), (202, 206), (224, 240), (52, 54), (20, 28), (67, 195), (101, 117), (135, 143), (49, 113), (133, 149), (204, 206), (207, 223), (117, 119), (20, 52), (100, 228), (24, 28), (37, 53), (139, 143), (147, 211), (171, 175), (52, 53), (171, 187), (143, 207), (9, 137), (49, 57), (28, 92), (195, 211), (68, 76), (224, 232)}
E2: {(177, 181), (193, 201), (32, 40), (32, 34), (99, 103), (44, 45), (98, 226), (171, 235), (13, 45), (181, 245), (5, 13), (216, 218), (43, 171), (40, 44), (17, 21), (210, 214), (34, 98), (148, 150), (132, 148), (192, 193), (128, 132), (0, 32), (32, 33), (193, 197), (32, 36), (59, 63), (154, 218), (148, 180), (44, 172), (198, 230), (32, 48), (150, 214), (5, 21), (103, 111), (9, 13), (31, 159), (214, 222), (128, 192), (32, 160), (226, 230), (180, 181), (98, 99), (59, 123), (15, 31), (98, 114), (43, 59), (218, 222), (0, 128), (166, 230), (13, 15), (31, 63)}
Obj: 29904

