Log for instance aco_tuning_out/inst12.txt.

Used ({'tau_0': 8.753936472387218e-06, 'xi': 0.09720016068128765, 'q0': 0.8231293796694477, 'alpha': 0.5431396504147108, 'beta': 1.6359800101718294, 'rho': 0.1536282766541045, 'ants': 15}) and found best instance after 117.203125 seconds.
E1: {(3, 4), (84, 87), (87, 89), (31, 32), (84, 102), (34, 43), (195, 213), (96, 97), (72, 75), (28, 109), (213, 240), (182, 188), (3, 21), (31, 34), (134, 215), (91, 97), (153, 234), (4, 166), (21, 75), (211, 214), (45, 72), (72, 153), (87, 96), (96, 123), (0, 3), (234, 240), (3, 84), (4, 31), (188, 215), (213, 214), (214, 215), (28, 34), (120, 123)}
E2: {(3, 4), (58, 59), (54, 135), (119, 200), (84, 87), (118, 119), (87, 89), (31, 32), (38, 41), (40, 41), (84, 102), (236, 242), (161, 242), (63, 64), (107, 161), (72, 78), (40, 202), (58, 76), (31, 40), (134, 215), (106, 107), (38, 119), (205, 214), (31, 58), (4, 166), (54, 63), (109, 118), (177, 178), (178, 205), (76, 157), (36, 63), (224, 242), (202, 205), (54, 72), (211, 214), (215, 242), (25, 106), (45, 72), (152, 161), (3, 84), (4, 31), (214, 215), (36, 38), (43, 205), (223, 224)}
Obj: 30685

