Log for instance aco_tuning_out/inst15.txt.

Used ({'tau_0': 4.822265207889503e-06, 'xi': 0.13540262306958187, 'q0': 0.6138627392147109, 'alpha': 1.667403283011879, 'beta': 1.0113699636281308, 'rho': 0.16684714562074338, 'ants': 26}) and found best instance after 33.515625 seconds.
E1: {(33, 42), (171, 177), (66, 228), (171, 198), (75, 78), (66, 75), (34, 43), (172, 181), (198, 200), (63, 64), (28, 109), (156, 157), (36, 198), (36, 42), (63, 66), (75, 156), (33, 34), (36, 63), (171, 172), (181, 182), (33, 195), (28, 34), (91, 172)}
E2: {(39, 201), (162, 171), (5, 59), (171, 177), (162, 168), (66, 228), (210, 211), (10, 64), (171, 198), (234, 236), (101, 182), (75, 78), (66, 75), (27, 28), (5, 86), (135, 153), (198, 200), (39, 66), (72, 75), (162, 164), (28, 109), (16, 25), (164, 167), (36, 198), (86, 89), (168, 195), (16, 43), (164, 182), (166, 167), (153, 234), (27, 36), (128, 134), (201, 210), (171, 172), (0, 162), (10, 172), (45, 72), (72, 153), (5, 14), (86, 167), (5, 32), (10, 16), (101, 128), (198, 201)}
Obj: 26053

