Log for instance aco_tuning_out/inst27.txt.

Used ({'tau0': 1.6998009274389792e-06, 'xi': 0.07574288908876978, 'q0': 0.3437997878588728, 'alpha': 0.9960324515524092, 'beta': 0.6033193519507508, 'rho': 0.22849098583736227, 'ants': 30}) and found best instance after 27.0625 seconds.
E1: {(154, 158), (188, 190), (156, 158), (116, 244), (228, 244), (3, 19), (156, 188), (27, 31), (19, 27), (132, 148), (148, 156), (30, 158), (249, 251), (212, 244), (29, 31), (142, 158), (113, 241), (39, 47), (212, 213), (19, 23), (236, 238), (187, 251), (213, 215), (213, 221), (47, 111), (241, 249), (47, 63), (204, 236), (43, 47), (60, 188), (228, 236), (38, 39), (144, 148), (38, 54), (209, 241), (34, 38), (36, 38), (148, 212), (30, 31), (31, 63), (250, 251), (209, 213)}
E2: {(119, 127), (58, 59), (243, 251), (101, 103), (216, 218), (176, 240), (38, 166), (141, 157), (157, 221), (48, 176), (251, 255), (147, 179), (123, 127), (253, 255), (240, 242), (6, 14), (125, 127), (202, 218), (221, 253), (14, 15), (6, 38), (127, 255), (14, 30), (57, 59), (10, 14), (144, 176), (226, 230), (111, 127), (218, 250), (59, 123), (226, 242), (103, 119), (179, 243), (242, 250), (166, 230), (250, 251)}
Obj: 24166

