Log for instance aco_tuning_out/inst18.txt.

Used ({'tau_0': 2.760703391532889e-06, 'xi': 0.11284095755067615, 'q0': 0.39431429333058177, 'alpha': 1.2851296972235255, 'beta': 1.3966465894197229, 'rho': 0.20591685095973755, 'ants': 13}) and found best instance after 16.15625 seconds.
E1: {(128, 136), (136, 137), (82, 90), (58, 62), (150, 151), (126, 254), (0, 2), (128, 160), (2, 66), (85, 213), (62, 126), (197, 213), (45, 61), (238, 254), (82, 86), (61, 63), (147, 151), (21, 85), (86, 118), (80, 82), (22, 86), (5, 21), (39, 47), (46, 62), (29, 61), (213, 215), (54, 118), (151, 215), (137, 201), (47, 63), (111, 127), (6, 22), (107, 111), (213, 245), (99, 107), (126, 127), (21, 29), (118, 126), (57, 61), (0, 128), (9, 137), (2, 3), (252, 254), (66, 82), (62, 63), (95, 127), (151, 159), (209, 213)}
E2: {(168, 172), (90, 91), (160, 168), (26, 30), (154, 158), (108, 109), (91, 123), (168, 184), (18, 26), (82, 90), (101, 109), (8, 9), (114, 118), (148, 150), (172, 236), (8, 24), (132, 133), (132, 148), (168, 232), (30, 158), (24, 26), (18, 19), (19, 51), (224, 240), (26, 90), (82, 86), (108, 236), (89, 91), (170, 171), (80, 82), (229, 245), (142, 158), (40, 168), (8, 72), (97, 101), (236, 238), (76, 78), (97, 113), (54, 118), (168, 170), (163, 171), (82, 210), (188, 252), (76, 108), (60, 188), (101, 229), (118, 126), (150, 158), (5, 133), (89, 93), (66, 82), (93, 221), (86, 118), (172, 188), (224, 232), (8, 40)}
Obj: 30896

