Log for instance aco_tuning_out/inst06.txt.

Used ({'tau0': 9.387858024888234e-06, 'xi': 0.14290215705758647, 'q0': 0.4917258290014144, 'alpha': 1.0227666505205433, 'beta': 1.168523363313268, 'rho': 0.2926263236671505, 'ants': 22}) and found best instance after 220.015625 seconds.
E1: {(128, 130), (47, 175), (220, 222), (232, 248), (84, 212), (180, 244), (206, 238), (237, 253), (82, 114), (121, 249), (2, 130), (212, 220), (206, 207), (128, 129), (174, 175), (166, 174), (23, 55), (6, 14), (143, 175), (174, 190), (82, 83), (24, 26), (206, 222), (220, 221), (212, 244), (192, 208), (105, 121), (221, 253), (248, 249), (208, 210), (135, 143), (39, 47), (10, 14), (172, 174), (2, 10), (10, 26), (53, 55), (249, 253), (240, 244), (128, 192), (89, 121), (82, 210), (84, 85), (46, 174), (208, 212), (78, 206), (143, 207), (2, 3), (39, 55), (45, 47)}
E2: {(90, 91), (193, 195), (193, 201), (162, 226), (32, 34), (32, 40), (101, 103), (180, 244), (103, 231), (193, 225), (196, 197), (89, 217), (2, 66), (1, 3), (187, 191), (157, 159), (34, 162), (193, 197), (32, 36), (156, 157), (212, 244), (201, 217), (162, 170), (180, 182), (157, 189), (89, 91), (1, 5), (244, 245), (132, 196), (230, 231), (68, 196), (1, 17), (32, 96), (226, 230), (175, 191), (166, 182), (162, 163), (2, 34), (182, 190), (190, 191), (129, 193), (103, 119), (2, 3), (1, 129), (2, 18), (166, 230), (159, 191)}
Obj: 29548

