Log for instance aco_tuning_out/inst24.txt.

Used ({'tau0': 9.375317187382458e-06, 'xi': 0.1262899054888864, 'q0': 0.7055217120426633, 'alpha': 1.8010444237149952, 'beta': 1.3070739401200755, 'rho': 0.0819059266997208, 'ants': 15}) and found best instance after 22.453125 seconds.
E1: {(76, 92), (15, 143), (243, 251), (146, 154), (12, 13), (13, 45), (0, 2), (242, 243), (40, 56), (2, 130), (186, 250), (252, 253), (122, 250), (56, 58), (7, 71), (240, 242), (249, 251), (10, 42), (12, 76), (221, 253), (14, 15), (144, 146), (143, 159), (10, 14), (2, 10), (106, 122), (235, 251), (249, 253), (130, 162), (13, 141), (56, 57), (42, 43), (7, 15), (139, 143), (2, 34), (76, 108), (141, 143), (42, 58), (90, 122), (154, 186), (186, 190), (242, 250), (130, 146), (160, 162)}
E2: {(90, 91), (183, 191), (196, 228), (98, 226), (155, 187), (147, 155), (60, 62), (237, 253), (187, 191), (34, 98), (178, 182), (253, 255), (53, 181), (120, 122), (224, 228), (62, 126), (180, 182), (21, 85), (181, 183), (221, 253), (176, 178), (191, 255), (89, 91), (165, 181), (5, 21), (198, 199), (2, 10), (106, 122), (214, 222), (63, 191), (199, 231), (144, 176), (198, 214), (175, 191), (180, 181), (2, 34), (166, 182), (98, 114), (90, 122), (122, 126), (195, 199), (196, 198), (114, 122), (62, 63), (21, 53), (224, 226)}
Obj: 26737

