Log for instance aco_tuning_out/inst21.txt.

Used ({'tau0': 9.701809206152345e-06, 'xi': 0.09407325991753526, 'q0': 0.3044948820351523, 'alpha': 1.8442079342859672, 'beta': 1.893720745386587, 'rho': 0.3120024078765271, 'ants': 29}) and found best instance after 23.53125 seconds.
E1: {(166, 175), (198, 225), (171, 177), (222, 231), (194, 221), (171, 198), (171, 173), (173, 176), (228, 231), (36, 198), (222, 224), (173, 182), (225, 226), (64, 226), (135, 216), (173, 200), (32, 194), (175, 176), (36, 45), (14, 176), (222, 223), (150, 152), (216, 225), (216, 222), (150, 231), (221, 224)}
E2: {(72, 73), (39, 201), (162, 171), (55, 136), (162, 168), (78, 80), (39, 42), (217, 223), (133, 214), (171, 198), (76, 79), (151, 152), (162, 216), (171, 173), (30, 39), (62, 80), (79, 160), (120, 201), (168, 195), (22, 25), (173, 182), (216, 217), (55, 217), (135, 216), (173, 200), (30, 32), (72, 74), (76, 157), (151, 160), (42, 43), (73, 76), (64, 73), (109, 136), (211, 214), (0, 162), (82, 91), (55, 73), (74, 236), (45, 72), (22, 76), (59, 62), (8, 62), (133, 160), (74, 80), (8, 89), (82, 136), (198, 201)}
Obj: 28808

