Log for instance aco_tuning_out/inst03.txt.

Used ({'tau_0': 5.572049615801917e-06, 'xi': 0.06325004225542018, 'q0': 0.8461092587771804, 'alpha': 1.389681207393384, 'beta': 0.3366413033928038, 'rho': 0.4612946765120627, 'ants': 22}) and found best instance after 12.96875 seconds.
E1: {(204, 220), (105, 107), (244, 246), (105, 109), (147, 151), (31, 159), (106, 107), (29, 61), (149, 151), (240, 244), (24, 28), (0, 64), (0, 128), (122, 126), (151, 159), (136, 137), (108, 109), (147, 155), (99, 115), (0, 2), (39, 103), (210, 211), (92, 94), (4, 36), (64, 68), (10, 42), (142, 143), (198, 230), (4, 20), (97, 101), (106, 122), (56, 57), (37, 53), (128, 192), (73, 201), (76, 108), (9, 137), (135, 151), (30, 31), (200, 201), (119, 127), (193, 195), (99, 103), (155, 187), (4, 6), (211, 219), (228, 244), (97, 105), (73, 105), (187, 191), (37, 39), (76, 204), (45, 61), (136, 200), (143, 159), (10, 14), (2, 10), (28, 29), (76, 78), (42, 58), (200, 232), (126, 127), (78, 206), (143, 207), (19, 83), (19, 147), (192, 194), (128, 136), (193, 201), (65, 73), (198, 206), (37, 45), (30, 94), (56, 58), (6, 14), (194, 202), (220, 221), (52, 54), (20, 52), (175, 191), (230, 246), (99, 107), (142, 206), (113, 115), (83, 211)}
E2: {(177, 181), (105, 107), (181, 245), (17, 21), (196, 197), (244, 246), (148, 150), (94, 222), (105, 109), (90, 218), (147, 151), (5, 21), (31, 159), (48, 56), (32, 96), (32, 160), (2, 34), (33, 49), (48, 49), (0, 128), (151, 159), (136, 137), (90, 94), (132, 164), (108, 109), (147, 155), (180, 244), (216, 218), (0, 2), (210, 211), (132, 148), (10, 42), (32, 48), (132, 196), (36, 164), (53, 61), (128, 192), (76, 108), (98, 114), (9, 137), (132, 134), (30, 31), (96, 98), (155, 187), (58, 62), (43, 171), (45, 61), (128, 132), (193, 197), (49, 177), (244, 245), (2, 10), (76, 78), (134, 166), (15, 31), (42, 58), (107, 123), (78, 206), (196, 198), (62, 63), (154, 155), (128, 136), (193, 201), (171, 235), (32, 40), (198, 206), (30, 94), (53, 181), (56, 58), (206, 222), (17, 81), (226, 230), (81, 83), (230, 246), (107, 111), (99, 107), (164, 172), (171, 187), (83, 211), (21, 53)}
Obj: 44268

