Log for instance aco_tuning_out/inst12.txt.

Used ({'tau_0': 1.944733890460195e-06, 'xi': 0.10406489729971813, 'q0': 0.5015133780289627, 'alpha': 0.48372224880231074, 'beta': 1.7691019222478264, 'rho': 0.4010581607160818, 'ants': 21}) and found best instance after 66.8125 seconds.
E1: {(166, 175), (90, 91), (175, 202), (38, 41), (116, 134), (40, 41), (84, 102), (180, 207), (109, 110), (0, 81), (117, 120), (89, 116), (81, 84), (40, 202), (81, 90), (198, 207), (180, 182), (90, 117), (45, 207), (40, 43), (38, 119), (117, 119), (110, 119), (110, 116), (117, 198), (202, 211), (32, 41), (189, 195), (189, 198)}
E2: {(166, 184), (28, 55), (105, 186), (76, 238), (153, 159), (135, 153), (78, 159), (236, 242), (134, 161), (161, 242), (205, 206), (223, 232), (200, 206), (22, 184), (28, 109), (232, 241), (177, 186), (89, 143), (22, 25), (35, 62), (102, 105), (238, 241), (45, 51), (76, 157), (55, 61), (32, 35), (55, 64), (205, 232), (59, 62), (62, 143), (61, 62), (22, 76), (159, 161), (152, 161), (211, 238), (143, 161), (51, 78), (43, 205), (241, 242), (105, 159)}
Obj: 30238

