Log for instance aco_tuning_out/inst21.txt.

Used ({'tau_0': 1.3763468429827451e-06, 'xi': 0.13059886401904963, 'q0': 0.7970081104032578, 'alpha': 0.9961946895439933, 'beta': 0.8455334921092874, 'rho': 0.2687684260652423, 'ants': 32}) and found best instance after 280.921875 seconds.
E1: {(166, 175), (203, 206), (37, 64), (175, 202), (64, 145), (40, 41), (20, 47), (142, 223), (125, 152), (45, 46), (174, 175), (200, 206), (136, 145), (136, 142), (202, 203), (46, 47), (125, 206), (41, 203), (174, 177), (32, 41), (135, 136), (174, 228), (37, 40), (14, 41), (20, 182), (37, 46)}
E2: {(226, 232), (58, 59), (171, 174), (162, 171), (20, 23), (162, 168), (23, 77), (31, 32), (75, 78), (20, 47), (142, 223), (152, 233), (45, 46), (200, 206), (83, 164), (136, 145), (171, 173), (209, 215), (136, 142), (120, 201), (164, 173), (46, 47), (168, 195), (58, 76), (209, 236), (75, 77), (164, 182), (64, 226), (19, 20), (31, 58), (205, 214), (76, 157), (206, 215), (109, 136), (211, 214), (205, 232), (0, 162), (206, 233), (145, 226), (174, 201), (135, 136), (91, 145), (47, 209), (83, 89), (76, 77), (19, 25), (214, 215), (43, 205), (20, 182)}
Obj: 29067

