Log for instance aco_tuning_out/inst15.txt.

Used ({'tau_0': 5.888779735025123e-06, 'xi': 0.14210673593322504, 'q0': 0.5532221197439141, 'alpha': 1.4492226579119356, 'beta': 1.732090480737235, 'rho': 0.42744550361996797, 'ants': 10}) and found best instance after 3.890625 seconds.
E1: {(81, 82), (162, 171), (139, 148), (162, 168), (162, 180), (171, 177), (139, 157), (64, 145), (112, 115), (171, 198), (75, 78), (36, 37), (198, 200), (145, 148), (72, 75), (85, 112), (180, 182), (36, 198), (168, 195), (85, 139), (109, 115), (27, 36), (82, 85), (27, 54), (54, 72), (81, 162), (201, 228), (91, 145), (37, 43), (198, 201)}
E2: {(166, 175), (188, 242), (185, 188), (226, 232), (3, 4), (4, 58), (162, 171), (108, 109), (58, 59), (84, 87), (162, 168), (226, 235), (66, 228), (43, 52), (84, 93), (176, 185), (171, 198), (222, 240), (236, 242), (93, 147), (0, 81), (39, 66), (240, 242), (6, 8), (186, 213), (81, 84), (171, 173), (72, 75), (30, 39), (213, 240), (177, 186), (181, 235), (6, 87), (72, 78), (214, 241), (195, 222), (36, 198), (39, 41), (25, 52), (81, 108), (20, 101), (64, 226), (135, 216), (173, 200), (19, 20), (238, 241), (205, 214), (175, 176), (30, 32), (168, 222), (36, 45), (66, 147), (128, 134), (21, 75), (18, 21), (108, 110), (205, 232), (110, 128), (19, 181), (6, 168), (3, 84), (216, 222), (211, 238), (9, 18), (101, 128), (8, 89), (14, 41), (20, 182), (9, 36), (52, 214)}
Obj: 35005

