Log for instance aco_tuning_out/inst12.txt.

Used ({'tau_0': 4.426929263156353e-06, 'xi': 0.06025838234537617, 'q0': 0.705001489203017, 'alpha': 1.7379886783859488, 'beta': 1.7095931918554976, 'rho': 0.10716913974093385, 'ants': 23}) and found best instance after 39.109375 seconds.
E1: {(33, 42), (166, 184), (108, 109), (21, 22), (29, 32), (184, 211), (39, 42), (171, 198), (66, 75), (39, 66), (83, 164), (171, 173), (82, 83), (22, 184), (164, 173), (36, 198), (164, 182), (117, 119), (39, 120), (36, 42), (27, 36), (27, 45), (128, 134), (21, 75), (117, 198), (119, 128), (42, 43), (82, 91), (21, 102), (83, 89), (33, 195), (27, 29), (0, 27), (27, 108)}
E2: {(145, 146), (58, 59), (166, 184), (98, 107), (64, 145), (190, 199), (29, 32), (184, 211), (89, 98), (234, 236), (16, 178), (102, 104), (97, 178), (107, 161), (72, 78), (16, 25), (103, 157), (16, 43), (58, 76), (153, 155), (97, 98), (104, 107), (135, 216), (118, 145), (103, 184), (155, 161), (153, 234), (109, 118), (76, 157), (128, 134), (146, 155), (45, 72), (222, 223), (72, 153), (128, 155), (190, 191), (199, 200), (103, 104), (152, 161), (216, 222), (118, 199), (216, 234), (29, 191), (177, 178)}
Obj: 32242

