Log for instance aco_tuning_out/inst03.txt.

Used ({'tau_0': 3.023061298280671e-06, 'xi': 0.05271286661722294, 'q0': 0.5077385132207571, 'alpha': 0.4440555976676415, 'beta': 1.176945645340894, 'rho': 0.3517258170055353, 'ants': 22}) and found best instance after 174.25 seconds.
E1: {(64, 72), (210, 242), (155, 187), (101, 103), (147, 155), (211, 219), (68, 100), (8, 9), (39, 103), (210, 211), (49, 53), (100, 101), (8, 24), (205, 221), (64, 65), (240, 242), (143, 175), (64, 68), (72, 200), (52, 54), (147, 151), (20, 28), (135, 143), (49, 113), (8, 72), (20, 52), (149, 151), (36, 100), (100, 228), (200, 202), (24, 28), (147, 211), (52, 53), (200, 232), (143, 207), (103, 119), (49, 57), (205, 207), (204, 205), (135, 151), (28, 92), (195, 211), (200, 204)}
E2: {(177, 181), (193, 201), (132, 164), (154, 158), (107, 235), (98, 226), (16, 17), (43, 107), (134, 198), (181, 245), (164, 180), (216, 218), (8, 9), (0, 8), (36, 37), (34, 98), (5, 37), (37, 45), (158, 222), (160, 164), (192, 193), (128, 132), (193, 197), (15, 47), (0, 16), (134, 166), (36, 164), (33, 37), (128, 192), (47, 63), (180, 181), (98, 99), (107, 111), (99, 107), (164, 172), (98, 114), (150, 158), (16, 48), (107, 123), (218, 222), (0, 128), (134, 150), (210, 218), (132, 134), (45, 47), (158, 159), (47, 111), (8, 40)}
Obj: 28235

