Log for instance aco_tuning_out/inst27.txt.

Used ({'tau0': 5.726334506587264e-06, 'xi': 0.09378720394945064, 'q0': 0.4650245999867171, 'alpha': 1.6109205787989367, 'beta': 0.9785683305047798, 'rho': 0.3960780669283891, 'ants': 24}) and found best instance after 12.25 seconds.
E1: {(16, 20), (58, 59), (196, 228), (27, 59), (52, 116), (22, 23), (28, 30), (186, 250), (78, 110), (249, 251), (36, 52), (62, 190), (16, 144), (209, 213), (81, 209), (59, 63), (58, 186), (52, 54), (28, 60), (20, 22), (221, 253), (20, 28), (14, 30), (39, 47), (204, 206), (10, 14), (187, 251), (20, 52), (28, 29), (2, 10), (47, 111), (213, 221), (213, 215), (132, 196), (249, 253), (110, 238), (47, 63), (2, 34), (59, 187), (14, 78), (43, 59), (14, 142), (78, 206), (154, 186), (81, 113), (2, 3), (196, 204), (62, 63), (54, 62)}
E2: {(128, 130), (119, 127), (136, 137), (128, 136), (105, 107), (162, 226), (243, 251), (200, 216), (248, 250), (97, 105), (123, 127), (251, 255), (186, 250), (122, 250), (221, 223), (240, 248), (6, 14), (216, 248), (136, 200), (137, 141), (16, 144), (58, 186), (125, 127), (147, 151), (151, 159), (159, 223), (14, 30), (31, 159), (97, 101), (0, 16), (10, 14), (200, 202), (130, 162), (162, 166), (111, 127), (15, 31), (107, 111), (223, 255), (16, 48), (48, 49), (0, 128), (49, 57), (122, 123), (30, 31), (250, 251)}
Obj: 28174

