Log for instance aco_tuning_out/inst21.txt.

Used ({'tau0': 1.6998009274389792e-06, 'xi': 0.07574288908876978, 'q0': 0.3437997878588728, 'alpha': 0.9960324515524092, 'beta': 0.6033193519507508, 'rho': 0.22849098583736227, 'ants': 30}) and found best instance after 23.3125 seconds.
E1: {(163, 164), (54, 135), (63, 144), (66, 228), (29, 32), (63, 64), (163, 169), (144, 146), (191, 200), (164, 182), (169, 178), (164, 191), (63, 66), (54, 63), (27, 45), (27, 54), (146, 152), (32, 41), (169, 223), (27, 29), (166, 169), (14, 41), (29, 191), (177, 178)}
E2: {(154, 155), (108, 109), (52, 214), (162, 180), (78, 80), (43, 52), (29, 32), (64, 145), (162, 189), (89, 98), (117, 120), (189, 191), (98, 152), (154, 157), (223, 241), (214, 241), (145, 154), (51, 52), (117, 144), (108, 117), (180, 182), (25, 52), (191, 200), (108, 135), (45, 51), (155, 161), (80, 161), (211, 214), (0, 162), (144, 145), (32, 59), (108, 189), (152, 161), (91, 145), (51, 78), (189, 195), (29, 191), (155, 236)}
Obj: 27527

