Log for instance aco_tuning_out/inst24.txt.

Used ({'tau_0': 5.420704371762057e-06, 'xi': 0.09688583805471983, 'q0': 0.31023948946680013, 'alpha': 0.7611440380801126, 'beta': 1.2418611307887504, 'rho': 0.4656758616586811, 'ants': 22}) and found best instance after 25.28125 seconds.
E1: {(76, 92), (42, 106), (15, 143), (107, 235), (67, 71), (43, 107), (0, 2), (104, 108), (176, 240), (40, 41), (242, 243), (252, 253), (186, 250), (2, 130), (122, 250), (240, 242), (160, 176), (108, 236), (12, 76), (41, 57), (221, 253), (15, 47), (40, 104), (143, 159), (106, 107), (34, 42), (106, 122), (144, 176), (139, 143), (2, 34), (76, 108), (43, 47), (141, 143), (99, 107), (42, 58), (104, 106), (90, 122), (154, 186), (186, 190), (67, 99), (242, 250), (45, 47), (236, 252)}
E2: {(183, 191), (42, 106), (98, 226), (155, 187), (147, 155), (237, 253), (187, 191), (34, 98), (142, 174), (253, 255), (133, 165), (53, 181), (56, 58), (174, 175), (166, 174), (85, 213), (88, 90), (10, 42), (206, 222), (181, 183), (221, 253), (176, 178), (191, 255), (88, 120), (165, 181), (34, 42), (230, 231), (213, 221), (63, 191), (199, 231), (144, 176), (88, 89), (226, 230), (56, 60), (175, 191), (180, 181), (228, 230), (42, 58), (142, 206), (98, 114), (5, 133), (176, 180), (195, 199), (166, 230), (56, 120)}
Obj: 26300

