Log for instance aco_tuning_out/inst30.txt.

Used ({'tau0': 6.544509853368331e-06, 'xi': 0.05105112966369988, 'q0': 0.3218040775925436, 'alpha': 1.317829237345747, 'beta': 0.4388545186115663, 'rho': 0.34888292737798793, 'ants': 30}) and found best instance after 27.734375 seconds.
E1: {(90, 91), (189, 216), (162, 171), (171, 177), (50, 131), (70, 79), (234, 236), (9, 11), (11, 14), (121, 130), (130, 133), (131, 134), (9, 90), (63, 64), (65, 146), (121, 148), (162, 216), (102, 104), (171, 173), (11, 65), (173, 200), (109, 115), (148, 149), (25, 79), (130, 211), (104, 131), (120, 121), (146, 149), (9, 171), (71, 152), (70, 71), (32, 50), (130, 131), (0, 9), (65, 71), (216, 234), (189, 195), (63, 65), (115, 133)}
E2: {(166, 175), (39, 201), (63, 65), (119, 200), (118, 119), (9, 11), (16, 178), (0, 81), (11, 20), (63, 64), (65, 146), (16, 25), (11, 65), (36, 39), (196, 205), (148, 149), (36, 45), (16, 70), (109, 118), (81, 135), (177, 178), (128, 134), (146, 149), (119, 128), (91, 118), (205, 232), (182, 236), (71, 152), (70, 71), (119, 146), (201, 228), (0, 9), (65, 71), (195, 196), (175, 178), (148, 157), (20, 182), (9, 36), (70, 232)}
Obj: 33170

