Log for instance aco_tuning_out/inst03.txt.

Used ({'tau0': 2.760703391532889e-06, 'xi': 0.11284095755067615, 'q0': 0.39431429333058177, 'alpha': 1.2851296972235255, 'beta': 1.3966465894197229, 'rho': 0.20591685095973755, 'ants': 13}) and found best instance after 15.0 seconds.
E1: {(204, 220), (24, 88), (196, 228), (211, 219), (116, 244), (228, 244), (113, 117), (210, 211), (135, 199), (65, 73), (53, 117), (198, 206), (53, 181), (206, 207), (207, 239), (36, 52), (202, 206), (65, 97), (220, 221), (52, 54), (101, 117), (49, 113), (57, 59), (97, 101), (117, 119), (198, 199), (20, 52), (68, 196), (200, 202), (240, 244), (88, 92), (55, 119), (116, 117), (147, 211), (149, 181), (59, 187), (52, 53), (200, 232), (9, 73), (49, 57), (195, 199), (196, 198), (196, 204), (39, 55), (92, 220), (195, 211), (175, 239)}
E2: {(210, 242), (193, 201), (99, 103), (132, 164), (162, 226), (154, 158), (44, 45), (180, 244), (40, 44), (114, 115), (210, 214), (1, 9), (48, 176), (115, 123), (34, 162), (158, 222), (160, 164), (192, 193), (193, 197), (1, 33), (160, 176), (192, 208), (99, 227), (44, 172), (208, 210), (208, 216), (0, 1), (103, 111), (31, 159), (0, 16), (1, 5), (114, 242), (244, 245), (227, 235), (214, 222), (36, 164), (226, 227), (198, 214), (162, 166), (42, 43), (15, 31), (226, 242), (164, 172), (40, 42), (176, 177), (16, 48), (150, 158), (176, 180), (158, 159), (31, 63), (160, 162), (16, 17)}
Obj: 31077

