Log for instance aco_tuning_out/inst21.txt.

Used ({'tau0': 3.023061298280671e-06, 'xi': 0.05271286661722294, 'q0': 0.5077385132207571, 'alpha': 0.4440555976676415, 'beta': 1.176945645340894, 'rho': 0.3517258170055353, 'ants': 22}) and found best instance after 65.171875 seconds.
E1: {(166, 175), (66, 228), (181, 187), (218, 227), (39, 48), (217, 235), (142, 223), (151, 152), (39, 66), (136, 142), (181, 235), (39, 41), (13, 175), (200, 227), (178, 187), (45, 48), (64, 67), (32, 41), (181, 182), (136, 217), (217, 218), (135, 136), (142, 151), (66, 67), (13, 67), (175, 178), (14, 41), (177, 178)}
E2: {(226, 229), (5, 59), (55, 136), (0, 54), (150, 151), (120, 147), (0, 2), (2, 5), (5, 86), (142, 223), (227, 236), (151, 152), (54, 55), (157, 160), (136, 145), (136, 142), (72, 78), (79, 160), (86, 89), (200, 227), (64, 226), (196, 205), (25, 79), (226, 227), (151, 160), (109, 136), (202, 205), (54, 72), (147, 150), (182, 236), (202, 211), (45, 72), (145, 226), (135, 136), (142, 151), (202, 229), (91, 145), (5, 32), (195, 196), (43, 205)}
Obj: 28432

