Log for instance aco_tuning_out/inst15.txt.

Used ({'tau_0': 2.924453704862743e-06, 'xi': 0.10102715591656777, 'q0': 0.8483785554218048, 'alpha': 1.0515532863745962, 'beta': 0.39867352753450425, 'rho': 0.28727195311451986, 'ants': 26}) and found best instance after 14.65625 seconds.
E1: {(33, 42), (4, 58), (36, 117), (3, 4), (171, 177), (66, 228), (171, 198), (75, 78), (34, 43), (171, 173), (12, 21), (3, 12), (58, 76), (173, 182), (31, 34), (64, 226), (118, 145), (173, 200), (36, 42), (31, 58), (109, 118), (76, 157), (33, 34), (117, 198), (21, 75), (12, 66), (91, 118), (145, 226), (33, 195), (117, 118)}
E2: {(166, 175), (145, 146), (39, 201), (162, 171), (226, 229), (162, 168), (175, 202), (66, 228), (31, 32), (64, 145), (83, 101), (171, 198), (75, 78), (34, 43), (39, 66), (48, 75), (83, 164), (171, 173), (30, 39), (28, 109), (168, 177), (30, 48), (173, 176), (164, 173), (168, 195), (173, 182), (135, 137), (31, 34), (66, 68), (20, 101), (173, 200), (19, 20), (175, 176), (45, 48), (128, 134), (14, 176), (137, 146), (146, 155), (0, 162), (59, 68), (202, 211), (145, 226), (128, 155), (202, 229), (83, 89), (19, 25), (28, 34), (30, 31), (198, 201), (155, 236)}
Obj: 29834

