Log for instance aco_tuning_out/inst15.txt.

Used ({'tau0': 6.2578016549988135e-06, 'xi': 0.07695855038194482, 'q0': 0.6338595363337294, 'alpha': 1.3781099098119947, 'beta': 1.0918136498914073, 'rho': 0.20985761634934252, 'ants': 15}) and found best instance after 11.40625 seconds.
E1: {(33, 42), (37, 64), (171, 177), (66, 228), (39, 42), (171, 198), (101, 182), (100, 101), (36, 37), (198, 200), (195, 213), (39, 66), (37, 118), (213, 240), (42, 44), (103, 157), (36, 198), (100, 103), (36, 42), (109, 118), (91, 100), (78, 240), (91, 118), (43, 44), (33, 195)}
E2: {(43, 205), (72, 73), (163, 164), (28, 46), (181, 187), (66, 228), (96, 177), (181, 184), (184, 211), (19, 73), (144, 147), (135, 144), (66, 75), (5, 86), (189, 198), (198, 200), (45, 46), (24, 78), (117, 123), (117, 126), (72, 75), (83, 164), (28, 109), (163, 169), (117, 144), (126, 128), (21, 24), (86, 89), (166, 169), (0, 1), (164, 182), (169, 187), (196, 205), (66, 147), (72, 74), (128, 134), (169, 196), (21, 75), (117, 198), (64, 73), (74, 236), (19, 181), (96, 123), (32, 59), (5, 14), (5, 32), (19, 25), (83, 86), (46, 73), (189, 195), (1, 19)}
Obj: 30187

