Log for instance aco_tuning_out/inst12.txt.

Used ({'tau_0': 7.271888129177242e-06, 'xi': 0.05984220487362216, 'q0': 0.5127813632941683, 'alpha': 0.28049908432308224, 'beta': 1.9767044196304102, 'rho': 0.05712818954691315, 'ants': 28}) and found best instance after 296.375 seconds.
E1: {(83, 110), (29, 32), (116, 134), (199, 205), (182, 209), (166, 167), (27, 36), (27, 45), (110, 116), (81, 82), (118, 119), (84, 102), (81, 84), (82, 83), (36, 198), (91, 118), (86, 167), (118, 199), (214, 215), (0, 27), (195, 204), (34, 43), (34, 52), (209, 215), (86, 89), (110, 119), (117, 198), (211, 214), (83, 86), (198, 204), (117, 120), (198, 199), (29, 110), (205, 214), (82, 109), (52, 214)}
E2: {(226, 232), (105, 107), (199, 205), (234, 236), (131, 134), (89, 107), (72, 75), (67, 70), (30, 48), (214, 241), (225, 226), (139, 220), (31, 58), (177, 178), (58, 220), (115, 196), (223, 232), (105, 106), (36, 198), (144, 225), (4, 166), (240, 241), (36, 45), (64, 70), (202, 205), (146, 152), (25, 106), (208, 209), (198, 207), (34, 196), (139, 157), (208, 211), (43, 70), (40, 202), (135, 137), (127, 133), (169, 178), (196, 205), (153, 234), (40, 67), (137, 146), (225, 234), (106, 133), (4, 58), (58, 59), (153, 156), (199, 208), (102, 156), (48, 75), (200, 209), (127, 130), (144, 146), (31, 34), (198, 199), (205, 214), (30, 32), (169, 196), (109, 127), (78, 240), (72, 153), (130, 131), (207, 234), (115, 133)}
Obj: 37263

