Log for instance aco_tuning_out/inst03.txt.

Used ({'tau_0': 9.387858024888234e-06, 'xi': 0.14290215705758647, 'q0': 0.4917258290014144, 'alpha': 1.0227666505205433, 'beta': 1.168523363313268, 'rho': 0.2926263236671505, 'ants': 22}) and found best instance after 37.296875 seconds.
E1: {(76, 92), (219, 223), (68, 100), (151, 183), (65, 67), (135, 199), (49, 53), (36, 37), (100, 101), (221, 223), (179, 187), (37, 39), (224, 228), (76, 204), (224, 240), (194, 202), (52, 54), (147, 151), (67, 195), (199, 207), (49, 113), (179, 183), (207, 223), (20, 52), (149, 151), (9, 25), (53, 55), (100, 228), (24, 25), (55, 183), (37, 53), (55, 119), (194, 195), (171, 175), (52, 53), (194, 210), (171, 187), (25, 57), (195, 199), (49, 57), (135, 151), (37, 101), (68, 76), (224, 232)}
E2: {(177, 181), (192, 200), (200, 201), (32, 34), (132, 164), (154, 158), (32, 40), (98, 226), (107, 235), (200, 216), (43, 107), (181, 245), (196, 197), (49, 53), (210, 214), (36, 37), (34, 98), (5, 37), (53, 181), (37, 45), (158, 222), (160, 164), (192, 196), (0, 32), (32, 36), (32, 48), (15, 47), (132, 196), (214, 222), (198, 214), (37, 53), (32, 160), (137, 201), (47, 63), (180, 181), (164, 166), (33, 49), (107, 111), (99, 107), (164, 172), (98, 114), (150, 158), (107, 123), (9, 137), (196, 198), (45, 47), (158, 159), (47, 111), (17, 49)}
Obj: 28417

