Log for instance aco_tuning_out/inst06.txt.

Used ({'tau_0': 9.563421643378381e-06, 'xi': 0.09724359984230846, 'q0': 0.3832373282206037, 'alpha': 0.33412689971093434, 'beta': 0.5388896399688413, 'rho': 0.11521783790776492, 'ants': 25}) and found best instance after 227.03125 seconds.
E1: {(192, 200), (16, 20), (81, 85), (166, 174), (105, 109), (112, 114), (0, 16), (24, 28), (81, 89), (158, 190), (134, 135), (218, 222), (80, 81), (0, 128), (210, 218), (6, 134), (3, 19), (158, 222), (7, 135), (20, 28), (95, 223), (80, 112), (249, 253), (128, 192), (52, 53), (7, 39), (128, 130), (221, 223), (91, 95), (174, 175), (221, 253), (212, 213), (172, 174), (213, 221), (45, 109), (134, 166), (110, 238), (222, 223), (46, 110), (200, 232), (78, 206), (130, 134), (19, 83), (206, 238), (52, 180), (237, 253), (112, 240), (128, 129), (174, 190), (206, 222), (89, 91), (207, 223), (19, 23), (20, 52), (109, 237), (81, 83)}
E2: {(81, 85), (113, 117), (2, 66), (100, 101), (117, 245), (166, 174), (117, 119), (226, 227), (32, 96), (81, 89), (2, 34), (0, 128), (68, 100), (0, 2), (193, 225), (1, 3), (69, 101), (189, 191), (132, 148), (69, 85), (1, 5), (69, 197), (129, 193), (159, 191), (90, 91), (193, 195), (187, 191), (174, 175), (148, 156), (128, 132), (193, 197), (32, 36), (81, 113), (2, 3), (227, 231), (193, 201), (163, 167), (32, 40), (167, 231), (225, 227), (128, 129), (174, 190), (96, 100), (148, 180), (89, 91), (170, 174), (17, 81), (163, 171), (190, 191), (171, 187), (2, 18), (148, 212)}
Obj: 32011

