Log for instance aco_tuning_out/inst06.txt.

Used ({'tau_0': 1.774794369235601e-06, 'xi': 0.05178086251934671, 'q0': 0.765199417754037, 'alpha': 1.7110920267750438, 'beta': 1.3090193389783644, 'rho': 0.2964096563219366, 'ants': 12}) and found best instance after 6.9375 seconds.
E1: {(232, 236), (229, 237), (129, 137), (105, 109), (212, 244), (182, 246), (31, 95), (112, 114), (31, 159), (29, 61), (240, 244), (24, 28), (228, 236), (55, 63), (136, 137), (108, 109), (228, 229), (5, 7), (210, 211), (1, 3), (7, 135), (180, 182), (29, 31), (165, 181), (95, 223), (1, 5), (249, 253), (130, 162), (76, 108), (165, 229), (14, 78), (39, 55), (128, 130), (102, 230), (162, 226), (228, 244), (87, 95), (172, 236), (91, 95), (78, 110), (45, 61), (221, 253), (143, 159), (114, 242), (172, 174), (28, 29), (76, 78), (213, 221), (110, 238), (166, 182), (222, 223), (226, 242), (46, 110), (23, 87), (78, 206), (196, 198), (62, 63), (128, 136), (210, 242), (237, 253), (112, 240), (198, 206), (53, 181), (102, 110), (85, 213), (192, 196), (6, 14), (174, 190), (206, 222), (89, 91), (135, 143), (207, 223), (46, 62), (226, 230), (230, 246), (237, 239), (83, 211), (175, 239)}
E2: {(64, 96), (2, 66), (156, 188), (129, 137), (105, 109), (188, 189), (170, 171), (31, 95), (31, 159), (63, 191), (32, 96), (2, 34), (158, 190), (0, 64), (0, 128), (97, 225), (136, 137), (132, 164), (108, 109), (156, 158), (70, 198), (0, 2), (1, 3), (62, 126), (197, 213), (64, 68), (44, 108), (164, 228), (97, 101), (1, 5), (129, 145), (132, 196), (230, 231), (10, 26), (164, 166), (76, 108), (66, 70), (119, 127), (193, 195), (228, 244), (40, 44), (97, 105), (187, 191), (91, 95), (193, 197), (32, 36), (180, 188), (143, 159), (212, 213), (244, 245), (2, 10), (76, 78), (199, 231), (137, 201), (139, 143), (3, 11), (126, 127), (78, 206), (196, 198), (62, 63), (137, 139), (128, 136), (193, 201), (198, 206), (143, 175), (26, 90), (89, 91), (10, 11), (17, 145), (198, 199), (226, 230), (175, 191), (163, 171), (171, 187), (2, 18), (158, 159)}
Obj: 43232

