Log for instance aco_tuning_out/inst12.txt.

Used ({'tau0': 5.7232384546733595e-06, 'xi': 0.1429672685027304, 'q0': 0.57445047410033, 'alpha': 1.4195433954167913, 'beta': 1.4047255855017542, 'rho': 0.4106053256096564, 'ants': 31}) and found best instance after 19.90625 seconds.
E1: {(111, 120), (81, 82), (166, 175), (111, 129), (175, 202), (29, 32), (84, 102), (162, 189), (84, 111), (83, 164), (162, 164), (82, 83), (81, 84), (189, 195), (173, 176), (164, 173), (27, 189), (164, 182), (175, 176), (27, 36), (36, 45), (82, 91), (202, 205), (0, 162), (202, 211), (82, 109), (129, 132), (83, 89), (132, 134), (27, 29), (43, 205)}
E2: {(81, 82), (226, 232), (6, 15), (4, 58), (226, 229), (58, 59), (87, 89), (15, 42), (92, 146), (75, 78), (100, 101), (67, 229), (199, 226), (223, 232), (72, 75), (81, 87), (42, 44), (6, 87), (35, 44), (58, 67), (22, 25), (58, 76), (100, 103), (102, 103), (4, 166), (72, 74), (81, 135), (76, 157), (128, 134), (32, 35), (42, 43), (64, 67), (146, 152), (202, 211), (74, 236), (45, 72), (199, 200), (82, 100), (4, 22), (82, 109), (15, 177), (202, 229), (75, 76), (22, 103), (101, 128), (92, 101)}
Obj: 31484

