Log for instance aco_tuning_out/inst09.txt.

Used ({'tau0': 7.905277958202082e-06, 'xi': 0.07780203477312476, 'q0': 0.5400401332579152, 'alpha': 1.238650111364569, 'beta': 1.1701509091931812, 'rho': 0.3657463607855648, 'ants': 16}) and found best instance after 6.921875 seconds.
E1: {(166, 175), (39, 201), (84, 87), (12, 13), (87, 89), (39, 42), (84, 102), (66, 75), (135, 153), (13, 14), (6, 60), (39, 66), (72, 75), (168, 177), (156, 157), (6, 87), (120, 201), (3, 12), (13, 175), (12, 39), (60, 222), (72, 74), (75, 156), (42, 43), (74, 236), (222, 223), (72, 153), (0, 3), (60, 78), (3, 84), (6, 168)}
E2: {(166, 175), (84, 87), (150, 151), (207, 209), (29, 32), (69, 150), (29, 56), (2, 8), (0, 81), (6, 60), (6, 8), (81, 84), (2, 29), (223, 241), (157, 238), (209, 215), (168, 177), (214, 241), (6, 87), (168, 195), (25, 52), (45, 207), (134, 215), (94, 148), (238, 241), (123, 150), (94, 175), (150, 152), (120, 123), (60, 69), (211, 238), (6, 168), (56, 59), (8, 89), (214, 215), (148, 151), (148, 157), (52, 214)}
Obj: 28387

