Log for instance aco_tuning_out/inst09.txt.

Used ({'tau_0': 5.572049615801917e-06, 'xi': 0.06325004225542018, 'q0': 0.8461092587771804, 'alpha': 1.389681207393384, 'beta': 0.3366413033928038, 'rho': 0.4612946765120627, 'ants': 22}) and found best instance after 9.90625 seconds.
E1: {(166, 175), (81, 82), (3, 4), (4, 58), (0, 54), (159, 160), (217, 223), (84, 102), (234, 236), (102, 104), (97, 178), (96, 97), (81, 84), (82, 83), (72, 78), (58, 76), (153, 155), (43, 124), (55, 217), (155, 158), (175, 176), (153, 234), (55, 58), (81, 135), (76, 157), (151, 160), (14, 176), (54, 72), (104, 158), (72, 153), (96, 123), (234, 240), (3, 84), (159, 240), (124, 151), (83, 89), (175, 178), (97, 124), (177, 178), (120, 123)}
E2: {(166, 175), (81, 82), (28, 46), (106, 133), (6, 15), (3, 4), (4, 58), (162, 171), (33, 42), (171, 177), (105, 107), (151, 232), (58, 59), (15, 42), (159, 160), (175, 202), (29, 32), (107, 134), (20, 47), (100, 101), (161, 242), (151, 152), (45, 46), (89, 107), (39, 66), (240, 242), (223, 232), (105, 106), (83, 164), (171, 173), (82, 83), (81, 84), (107, 161), (72, 75), (3, 6), (164, 173), (46, 47), (25, 52), (58, 76), (31, 34), (20, 101), (52, 133), (28, 29), (39, 120), (31, 58), (100, 106), (153, 234), (75, 156), (66, 147), (76, 157), (151, 160), (229, 232), (0, 162), (202, 211), (72, 153), (3, 84), (234, 240), (202, 229), (159, 240), (33, 195), (138, 147), (28, 34), (138, 156)}
Obj: 36250

