Log for instance aco_tuning_out/inst03.txt.

Used ({'tau0': 3.5413625395276035e-06, 'xi': 0.13677021617214064, 'q0': 0.40454797157881806, 'alpha': 1.9054287973649844, 'beta': 1.2761266989533575, 'rho': 0.43117638553854254, 'ants': 24}) and found best instance after 12.78125 seconds.
E1: {(177, 181), (193, 195), (220, 222), (211, 219), (84, 212), (86, 87), (20, 84), (210, 211), (210, 214), (196, 197), (187, 191), (36, 37), (206, 207), (53, 181), (37, 39), (196, 212), (68, 84), (87, 119), (202, 206), (193, 197), (206, 222), (220, 221), (52, 54), (147, 151), (164, 228), (84, 92), (86, 214), (49, 113), (49, 177), (204, 206), (20, 52), (149, 151), (9, 25), (214, 222), (208, 240), (36, 164), (200, 202), (24, 25), (37, 53), (175, 191), (147, 211), (52, 53), (200, 232), (208, 212), (25, 57), (65, 193), (49, 57), (135, 151), (196, 204), (37, 101), (159, 191), (151, 159)}
E2: {(128, 136), (136, 137), (177, 181), (154, 155), (132, 164), (44, 45), (155, 187), (107, 235), (52, 180), (216, 218), (0, 2), (40, 44), (164, 180), (181, 245), (197, 229), (17, 21), (210, 214), (155, 159), (36, 37), (198, 206), (37, 45), (53, 181), (160, 164), (128, 132), (206, 222), (154, 218), (180, 182), (164, 228), (198, 230), (44, 172), (150, 214), (15, 47), (229, 245), (5, 21), (48, 50), (187, 251), (123, 251), (235, 251), (214, 222), (36, 164), (33, 37), (226, 230), (128, 192), (166, 182), (180, 181), (2, 34), (228, 230), (137, 201), (43, 47), (47, 63), (107, 111), (99, 107), (50, 114), (218, 222), (0, 128), (9, 137), (48, 52), (45, 47), (21, 53)}
Obj: 32858

