Log for instance aco_tuning_out/inst21.txt.

Used ({'tau_0': 5.341643627837584e-06, 'xi': 0.12828902895224037, 'q0': 0.5825040751853071, 'alpha': 1.680352012001748, 'beta': 1.7927432976473112, 'rho': 0.24781837895583786, 'ants': 32}) and found best instance after 25.03125 seconds.
E1: {(166, 175), (55, 136), (175, 202), (199, 202), (190, 199), (217, 223), (46, 127), (190, 217), (199, 226), (45, 46), (151, 152), (174, 175), (209, 212), (118, 124), (118, 127), (191, 200), (191, 209), (55, 217), (64, 226), (50, 212), (182, 209), (175, 176), (174, 177), (14, 176), (32, 50), (190, 191), (135, 136), (124, 151), (174, 228), (118, 199)}
E2: {(28, 46), (58, 59), (39, 201), (162, 171), (28, 55), (55, 136), (147, 149), (217, 223), (210, 211), (171, 198), (66, 69), (5, 86), (149, 152), (34, 43), (195, 204), (198, 200), (45, 46), (39, 66), (218, 236), (83, 164), (162, 164), (136, 145), (28, 109), (7, 25), (86, 89), (7, 34), (58, 76), (164, 182), (55, 217), (39, 120), (201, 204), (66, 147), (55, 58), (76, 157), (164, 218), (201, 210), (55, 64), (0, 162), (217, 218), (135, 136), (69, 78), (91, 145), (5, 32), (83, 86), (28, 34), (198, 201)}
Obj: 30156

