Log for instance aco_tuning_out/inst03.txt.

Used ({'tau_0': 7.812894719628246e-06, 'xi': 0.0766649900567211, 'q0': 0.3937027431240757, 'alpha': 1.3517471324904988, 'beta': 1.9563494025351882, 'rho': 0.17338412974172868, 'ants': 20}) and found best instance after 29.171875 seconds.
E1: {(136, 137), (128, 136), (132, 164), (101, 103), (211, 219), (20, 148), (228, 244), (39, 103), (210, 211), (39, 167), (57, 121), (187, 191), (132, 148), (205, 221), (168, 232), (128, 132), (65, 97), (202, 203), (52, 54), (164, 228), (20, 28), (97, 101), (167, 175), (132, 196), (20, 52), (97, 113), (68, 196), (148, 149), (36, 164), (135, 167), (240, 244), (24, 28), (175, 191), (203, 207), (147, 211), (52, 53), (203, 219), (38, 39), (38, 54), (9, 137), (136, 168), (103, 119), (113, 121), (205, 207), (196, 204), (28, 92), (204, 205), (195, 211)}
E2: {(128, 136), (136, 137), (193, 195), (193, 201), (241, 245), (132, 164), (136, 152), (107, 235), (32, 34), (154, 158), (162, 226), (43, 107), (32, 40), (13, 45), (5, 13), (152, 154), (164, 180), (210, 211), (193, 225), (97, 99), (82, 114), (123, 127), (158, 222), (192, 193), (160, 164), (128, 132), (82, 83), (193, 197), (177, 241), (32, 48), (17, 81), (9, 13), (132, 196), (225, 241), (63, 127), (36, 164), (13, 15), (128, 192), (32, 160), (81, 83), (111, 127), (162, 166), (107, 111), (33, 97), (99, 107), (164, 172), (150, 158), (152, 216), (9, 137), (0, 128), (196, 198), (97, 225), (83, 211), (195, 211), (158, 159), (160, 162)}
Obj: 30614

