Log for instance aco_tuning_out/inst12.txt.

Used ({'tau0': 6.937615535889433e-06, 'xi': 0.07000322226687372, 'q0': 0.8259328344322499, 'alpha': 1.4144702071977722, 'beta': 1.897582215362626, 'rho': 0.08176475094706645, 'ants': 18}) and found best instance after 60.328125 seconds.
E1: {(81, 82), (3, 4), (93, 120), (118, 119), (31, 32), (208, 211), (84, 93), (208, 214), (84, 102), (20, 47), (0, 81), (45, 46), (81, 84), (83, 164), (82, 83), (47, 128), (46, 47), (191, 197), (20, 101), (195, 197), (164, 191), (205, 214), (4, 166), (109, 118), (46, 208), (128, 134), (119, 128), (91, 118), (3, 84), (4, 31), (83, 89), (43, 205), (83, 101), (20, 182)}
E2: {(81, 82), (226, 232), (3, 4), (4, 58), (18, 20), (58, 59), (31, 32), (84, 102), (153, 159), (75, 78), (135, 153), (152, 233), (186, 213), (223, 232), (72, 75), (81, 84), (82, 83), (83, 164), (177, 186), (213, 240), (28, 109), (214, 241), (157, 238), (3, 21), (153, 155), (191, 200), (64, 226), (164, 191), (19, 20), (238, 241), (205, 214), (31, 58), (4, 166), (240, 241), (128, 134), (21, 75), (18, 21), (205, 232), (45, 72), (72, 153), (128, 155), (3, 84), (211, 238), (159, 240), (19, 25), (83, 89), (28, 31), (43, 205), (232, 233), (155, 236)}
Obj: 31935

