Log for instance aco_tuning_out/inst18.txt.

Used ({'tau_0': 5.471123269221564e-06, 'xi': 0.0880541662185767, 'q0': 0.30146902385350893, 'alpha': 1.0903620529266727, 'beta': 0.772236865018257, 'rho': 0.4288390189950044, 'ants': 23}) and found best instance after 20.015625 seconds.
E1: {(193, 201), (81, 85), (99, 103), (90, 94), (58, 59), (181, 245), (86, 87), (150, 151), (39, 103), (128, 160), (87, 95), (1, 3), (1, 9), (5, 37), (37, 39), (53, 181), (30, 94), (30, 158), (110, 111), (45, 61), (128, 132), (110, 126), (81, 209), (193, 197), (59, 63), (52, 54), (147, 151), (21, 85), (193, 209), (61, 63), (52, 60), (1, 5), (29, 61), (85, 87), (151, 215), (110, 238), (37, 53), (188, 252), (52, 53), (60, 188), (46, 110), (21, 29), (94, 126), (86, 94), (150, 158), (80, 81), (57, 61), (66, 70), (134, 150), (70, 86), (132, 134), (21, 53), (158, 159), (6, 70)}
E2: {(177, 181), (154, 158), (24, 152), (72, 76), (181, 245), (86, 87), (152, 154), (176, 240), (40, 44), (44, 60), (40, 41), (80, 208), (69, 101), (30, 94), (30, 158), (85, 213), (152, 184), (50, 51), (110, 126), (238, 254), (50, 54), (160, 176), (9, 41), (44, 108), (44, 172), (208, 210), (142, 158), (176, 184), (234, 238), (69, 85), (76, 78), (85, 87), (213, 221), (232, 234), (208, 240), (110, 238), (108, 110), (162, 163), (50, 114), (81, 89), (76, 108), (94, 126), (5, 69), (176, 177), (150, 158), (86, 94), (80, 81), (66, 70), (81, 113), (70, 86), (122, 126), (114, 122), (122, 123), (252, 254), (160, 162)}
Obj: 31294

