Log for instance aco_tuning_out/inst12.txt.

Used ({'tau0': 2.3890526897386258e-06, 'xi': 0.09728269253474063, 'q0': 0.5264084644635578, 'alpha': 0.34480659763074994, 'beta': 1.2781748892293714, 'rho': 0.12380145068388254, 'ants': 25}) and found best instance after 254.984375 seconds.
E1: {(83, 110), (18, 99), (30, 192), (192, 193), (99, 102), (90, 99), (192, 195), (83, 89), (45, 126), (93, 120), (109, 110), (51, 52), (32, 194), (110, 113), (99, 101), (193, 211), (132, 134), (113, 194), (0, 18), (90, 91), (33, 51), (43, 52), (126, 132), (30, 33), (99, 126), (192, 194), (166, 193), (101, 182), (90, 93), (83, 101)}
E2: {(83, 110), (37, 64), (52, 214), (135, 138), (138, 140), (142, 223), (125, 152), (132, 133), (198, 200), (102, 104), (89, 143), (86, 104), (155, 158), (36, 42), (166, 167), (5, 167), (110, 119), (21, 75), (211, 214), (159, 161), (5, 23), (143, 161), (5, 32), (83, 86), (105, 159), (106, 133), (118, 119), (42, 51), (179, 233), (59, 140), (51, 132), (75, 78), (140, 143), (5, 86), (161, 242), (37, 118), (51, 52), (142, 143), (36, 198), (233, 242), (155, 161), (205, 214), (157, 158), (45, 51), (109, 118), (119, 125), (177, 179), (21, 23), (25, 106), (104, 158), (105, 132), (132, 134), (43, 205), (155, 236)}
Obj: 33142

