Log for instance aco_tuning_out/inst09.txt.

Used ({'tau_0': 7.35696843598511e-06, 'xi': 0.13099405837312028, 'q0': 0.39430175087041053, 'alpha': 1.838983583452214, 'beta': 0.7213281426644318, 'rho': 0.11968092308615733, 'ants': 31}) and found best instance after 29.359375 seconds.
E1: {(154, 155), (3, 4), (93, 120), (84, 93), (84, 102), (135, 153), (6, 8), (81, 84), (154, 157), (72, 78), (168, 177), (3, 6), (153, 155), (40, 43), (31, 40), (8, 17), (4, 166), (81, 135), (72, 153), (169, 223), (14, 17), (0, 3), (6, 168), (4, 31), (3, 84), (8, 89), (168, 169), (155, 236)}
E2: {(111, 120), (4, 58), (3, 4), (58, 59), (139, 142), (84, 87), (87, 89), (31, 32), (139, 157), (84, 111), (87, 168), (142, 223), (134, 161), (168, 177), (49, 211), (142, 143), (22, 25), (168, 195), (31, 49), (4, 166), (58, 139), (4, 22), (0, 3), (152, 161), (18, 45), (3, 84), (4, 31), (143, 161), (0, 18)}
Obj: 25616

