Log for instance aco_tuning_out/inst09.txt.

Used ({'tau_0': 9.563421643378381e-06, 'xi': 0.09724359984230846, 'q0': 0.3832373282206037, 'alpha': 0.33412689971093434, 'beta': 0.5388896399688413, 'rho': 0.11521783790776492, 'ants': 25}) and found best instance after 254.015625 seconds.
E1: {(93, 120), (84, 87), (87, 89), (139, 157), (84, 93), (4, 85), (84, 102), (234, 236), (222, 240), (87, 168), (13, 14), (0, 81), (81, 87), (168, 177), (40, 43), (85, 139), (168, 222), (81, 135), (78, 240), (85, 166), (13, 40), (84, 85), (222, 223), (4, 13), (234, 240)}
E2: {(120, 129), (162, 168), (32, 113), (139, 157), (59, 140), (129, 131), (25, 187), (140, 143), (131, 134), (168, 177), (89, 143), (168, 195), (139, 220), (169, 187), (48, 129), (238, 241), (113, 131), (45, 48), (113, 140), (139, 140), (0, 162), (169, 223), (220, 238), (143, 152), (187, 241), (211, 238), (166, 169), (168, 169)}
Obj: 24102

