Log for instance aco_tuning_out/inst09.txt.

Used ({'tau_0': 5.726334506587264e-06, 'xi': 0.09378720394945064, 'q0': 0.4650245999867171, 'alpha': 1.6109205787989367, 'beta': 0.9785683305047798, 'rho': 0.3960780669283891, 'ants': 24}) and found best instance after 8.15625 seconds.
E1: {(231, 240), (165, 219), (219, 220), (162, 165), (162, 171), (36, 117), (33, 42), (39, 201), (42, 51), (14, 68), (171, 177), (139, 157), (84, 102), (171, 198), (236, 242), (0, 81), (39, 66), (89, 116), (33, 35), (240, 242), (81, 84), (223, 241), (204, 231), (165, 166), (120, 201), (139, 220), (84, 165), (66, 68), (36, 39), (36, 42), (240, 241), (201, 204), (81, 135), (117, 198), (35, 116), (51, 78), (204, 205), (43, 205)}
E2: {(111, 120), (171, 177), (166, 193), (139, 157), (29, 32), (59, 140), (178, 179), (84, 111), (140, 143), (131, 134), (0, 81), (45, 46), (140, 158), (81, 84), (2, 29), (171, 173), (131, 158), (84, 86), (86, 89), (173, 179), (25, 52), (139, 220), (85, 139), (196, 205), (205, 214), (2, 83), (130, 211), (193, 196), (178, 205), (196, 223), (84, 85), (86, 140), (193, 220), (46, 52), (130, 131), (143, 152), (195, 196), (83, 86), (52, 214)}
Obj: 31392

