Log for instance aco_tuning_out/inst09.txt.

Used ({'tau_0': 9.493726088905091e-06, 'xi': 0.11484843759454823, 'q0': 0.6111218433796399, 'alpha': 1.5748339874818995, 'beta': 1.6004495863491173, 'rho': 0.40117280761880736, 'ants': 26}) and found best instance after 10.3125 seconds.
E1: {(166, 175), (4, 58), (3, 4), (226, 229), (84, 87), (96, 177), (87, 89), (217, 223), (153, 156), (217, 226), (234, 236), (84, 102), (75, 78), (135, 153), (175, 229), (13, 14), (67, 229), (58, 67), (58, 76), (40, 43), (153, 234), (75, 156), (40, 67), (76, 157), (13, 40), (87, 96), (96, 123), (0, 3), (3, 84), (75, 76), (120, 123)}
E2: {(81, 82), (123, 204), (3, 4), (4, 58), (84, 87), (87, 89), (125, 134), (40, 41), (83, 137), (87, 168), (45, 46), (81, 84), (82, 83), (168, 177), (49, 211), (7, 25), (58, 67), (168, 195), (58, 76), (40, 49), (57, 59), (125, 206), (204, 206), (40, 67), (76, 157), (137, 146), (4, 7), (32, 41), (146, 152), (46, 49), (169, 223), (87, 96), (57, 58), (96, 123), (0, 3), (3, 84), (166, 169), (168, 169), (120, 123)}
Obj: 27373

