Log for instance aco_tuning_out/inst27.txt.

Used ({'tau0': 5.886189817315941e-06, 'xi': 0.08222368157872886, 'q0': 0.5177131034654385, 'alpha': 1.8715621976373542, 'beta': 1.496250370264296, 'rho': 0.33920762188241993, 'ants': 22}) and found best instance after 10.109375 seconds.
E1: {(55, 63), (232, 236), (154, 158), (155, 187), (156, 158), (4, 6), (206, 238), (87, 95), (155, 159), (28, 30), (186, 250), (4, 36), (54, 55), (132, 148), (148, 156), (23, 55), (249, 251), (6, 14), (83, 115), (220, 221), (116, 118), (60, 61), (31, 95), (142, 158), (39, 47), (31, 159), (234, 238), (204, 206), (83, 87), (10, 14), (27, 155), (28, 29), (29, 61), (234, 250), (54, 118), (232, 234), (2, 10), (209, 211), (111, 127), (2, 34), (43, 47), (158, 190), (158, 159), (156, 220), (228, 236), (113, 115), (14, 142), (144, 148), (87, 215), (186, 187), (2, 3), (39, 55), (83, 211), (30, 31), (95, 127), (250, 251), (47, 111)}
E2: {(102, 230), (119, 127), (15, 79), (26, 30), (243, 251), (12, 13), (216, 218), (176, 240), (97, 105), (57, 121), (48, 176), (121, 249), (186, 250), (211, 243), (75, 203), (184, 186), (102, 110), (249, 251), (6, 14), (220, 221), (58, 186), (202, 203), (125, 127), (12, 76), (105, 121), (216, 220), (79, 111), (78, 79), (127, 255), (176, 184), (97, 101), (10, 14), (76, 78), (123, 251), (10, 26), (144, 176), (13, 141), (226, 230), (111, 127), (218, 250), (108, 110), (147, 211), (12, 14), (76, 108), (121, 125), (75, 79), (166, 230), (250, 251)}
Obj: 31180

