Log for instance aco_tuning_out/inst24.txt.

Used ({'tau0': 5.498217034018323e-06, 'xi': 0.07476910638285614, 'q0': 0.4717218972346363, 'alpha': 1.947841791710605, 'beta': 1.831830451033867, 'rho': 0.12093333427234658, 'ants': 15}) and found best instance after 17.5625 seconds.
E1: {(128, 130), (42, 106), (15, 79), (58, 59), (171, 235), (15, 143), (108, 109), (220, 222), (43, 171), (242, 243), (178, 182), (220, 252), (34, 162), (240, 242), (206, 222), (220, 221), (26, 90), (128, 144), (26, 154), (12, 76), (78, 79), (57, 59), (139, 171), (178, 242), (143, 159), (34, 42), (76, 78), (45, 109), (130, 162), (71, 79), (139, 143), (76, 108), (141, 143), (162, 178), (42, 58), (182, 190), (43, 59), (40, 42), (78, 206), (26, 58), (0, 128), (242, 250), (92, 220), (160, 162)}
E2: {(183, 191), (42, 106), (93, 221), (164, 165), (50, 58), (5, 7), (178, 179), (147, 179), (187, 191), (53, 117), (120, 122), (7, 71), (71, 199), (58, 122), (10, 42), (206, 222), (116, 124), (164, 228), (176, 178), (78, 79), (191, 255), (179, 183), (74, 78), (230, 231), (74, 90), (120, 124), (144, 176), (199, 231), (85, 93), (63, 191), (71, 79), (226, 230), (175, 191), (116, 117), (50, 114), (228, 230), (85, 117), (60, 124), (50, 178), (42, 58), (228, 236), (78, 206), (176, 180), (236, 237), (89, 93), (195, 199), (10, 74), (166, 230), (34, 50)}
Obj: 27763

