Log for instance aco_tuning_out/inst27.txt.

Used ({'tau0': 2.2570844960363238e-06, 'xi': 0.1499824051273781, 'q0': 0.6397024715024884, 'alpha': 1.3177960201993473, 'beta': 1.7274258641979925, 'rho': 0.06839890232135862, 'ants': 10}) and found best instance after 21.09375 seconds.
E1: {(250, 254), (154, 158), (52, 116), (190, 254), (23, 31), (27, 31), (30, 158), (249, 251), (36, 52), (209, 213), (145, 209), (238, 254), (81, 209), (52, 54), (29, 31), (221, 253), (52, 60), (142, 158), (39, 47), (236, 238), (187, 251), (132, 196), (213, 215), (213, 221), (249, 253), (47, 63), (2, 34), (250, 251), (54, 62), (43, 47), (3, 11), (158, 190), (204, 236), (228, 236), (144, 145), (81, 113), (2, 3), (196, 204), (62, 63), (30, 31), (31, 63), (11, 27), (47, 111)}
E2: {(15, 143), (99, 103), (101, 103), (180, 244), (125, 253), (216, 218), (57, 121), (252, 253), (253, 255), (244, 252), (56, 58), (6, 14), (10, 42), (194, 202), (180, 182), (147, 151), (99, 227), (202, 218), (221, 253), (14, 15), (14, 30), (48, 56), (121, 123), (143, 159), (194, 226), (10, 14), (56, 57), (240, 244), (226, 227), (145, 147), (166, 182), (218, 250), (107, 111), (141, 143), (99, 107), (144, 145), (42, 58), (107, 123), (121, 125), (103, 119), (227, 243), (151, 159)}
Obj: 26034

