Log for instance aco_tuning_out/inst18.txt.

Used ({'tau0': 6.293660666238772e-06, 'xi': 0.0765998967889499, 'q0': 0.6265340995784354, 'alpha': 0.31196112568590606, 'beta': 0.6324794380700602, 'rho': 0.3069899243645694, 'ants': 19}) and found best instance after 289.359375 seconds.
E1: {(136, 137), (128, 136), (193, 201), (81, 85), (99, 103), (58, 62), (150, 151), (128, 160), (39, 103), (2, 66), (1, 3), (1, 9), (244, 252), (85, 213), (110, 111), (197, 213), (45, 61), (110, 126), (193, 197), (26, 90), (61, 63), (147, 151), (31, 95), (31, 159), (103, 111), (1, 5), (236, 238), (244, 245), (29, 61), (213, 215), (151, 215), (110, 238), (137, 201), (54, 62), (213, 245), (46, 110), (80, 81), (9, 137), (26, 58), (2, 3), (57, 61), (2, 6), (62, 63), (31, 63), (236, 252), (151, 159), (209, 213)}
E2: {(136, 137), (128, 136), (232, 236), (154, 158), (91, 123), (35, 51), (128, 160), (172, 188), (82, 114), (252, 253), (28, 30), (1, 9), (114, 118), (8, 24), (78, 110), (244, 252), (30, 158), (110, 126), (82, 86), (35, 163), (28, 60), (221, 253), (80, 82), (89, 91), (49, 113), (142, 158), (112, 114), (8, 72), (97, 101), (8, 136), (236, 238), (244, 245), (1, 5), (97, 113), (54, 118), (184, 188), (240, 244), (24, 28), (110, 238), (108, 110), (82, 210), (188, 252), (60, 188), (118, 126), (150, 158), (112, 113), (9, 137), (49, 51), (122, 126), (122, 123), (66, 82), (236, 252), (8, 40)}
Obj: 28502

