Log for instance aco_tuning_out/inst12.txt.

Used ({'tau0': 6.2578016549988135e-06, 'xi': 0.07695855038194482, 'q0': 0.6338595363337294, 'alpha': 1.3781099098119947, 'beta': 1.0918136498914073, 'rho': 0.20985761634934252, 'ants': 15}) and found best instance after 11.359375 seconds.
E1: {(81, 82), (163, 164), (90, 91), (99, 100), (127, 128), (46, 127), (5, 86), (0, 81), (45, 46), (83, 164), (82, 83), (90, 96), (99, 102), (81, 90), (163, 166), (164, 182), (114, 123), (205, 214), (128, 134), (100, 127), (211, 214), (82, 100), (120, 123), (96, 123), (46, 52), (82, 109), (83, 89), (5, 32), (83, 86), (43, 205), (114, 195), (52, 214)}
E2: {(81, 82), (226, 232), (179, 206), (3, 4), (4, 58), (226, 229), (58, 59), (20, 26), (78, 80), (137, 218), (29, 32), (217, 223), (83, 137), (29, 47), (217, 226), (84, 102), (20, 47), (218, 236), (200, 206), (81, 84), (82, 83), (47, 128), (77, 80), (58, 76), (64, 226), (4, 166), (81, 135), (76, 157), (128, 134), (177, 179), (146, 155), (137, 146), (146, 152), (205, 232), (202, 211), (206, 233), (128, 155), (217, 218), (82, 109), (3, 84), (202, 229), (83, 89), (76, 77), (45, 47), (43, 205), (232, 233), (25, 26)}
Obj: 31619

