Log for instance aco_tuning_out/inst06.txt.

Used ({'tau_0': 7.812894719628246e-06, 'xi': 0.0766649900567211, 'q0': 0.3937027431240757, 'alpha': 1.3517471324904988, 'beta': 1.9563494025351882, 'rho': 0.17338412974172868, 'ants': 20}) and found best instance after 69.140625 seconds.
E1: {(162, 226), (188, 190), (98, 226), (86, 87), (237, 253), (192, 224), (129, 131), (210, 214), (252, 253), (212, 214), (37, 39), (37, 45), (174, 175), (14, 46), (143, 175), (6, 14), (174, 190), (105, 109), (224, 240), (180, 188), (28, 60), (3, 131), (221, 253), (86, 214), (135, 143), (83, 87), (172, 174), (85, 87), (45, 109), (214, 222), (174, 238), (109, 237), (249, 253), (130, 162), (24, 28), (37, 53), (162, 166), (85, 93), (188, 252), (60, 188), (46, 174), (14, 78), (98, 114), (130, 131), (143, 207), (23, 87), (89, 93), (131, 135), (93, 221), (224, 226), (224, 232)}
E2: {(193, 195), (193, 201), (32, 40), (32, 34), (132, 164), (82, 90), (162, 226), (188, 190), (84, 212), (86, 87), (164, 180), (167, 231), (129, 131), (193, 225), (87, 95), (89, 217), (1, 3), (156, 188), (68, 84), (87, 119), (197, 213), (96, 97), (193, 197), (32, 36), (82, 86), (201, 217), (162, 170), (180, 188), (188, 189), (84, 86), (3, 131), (170, 171), (31, 95), (97, 101), (31, 159), (212, 213), (1, 5), (166, 167), (1, 17), (36, 164), (32, 96), (18, 82), (162, 166), (163, 171), (213, 245), (131, 163), (171, 175), (171, 187), (129, 193), (97, 225), (66, 82)}
Obj: 30258

