Log for instance aco_tuning_out/inst15.txt.

Used ({'tau_0': 7.814861621349648e-06, 'xi': 0.138307434456488, 'q0': 0.43841983460807055, 'alpha': 1.339632899369741, 'beta': 1.2581696145841696, 'rho': 0.4518495513690369, 'ants': 15}) and found best instance after 5.28125 seconds.
E1: {(162, 171), (37, 64), (162, 168), (171, 177), (66, 228), (171, 180), (171, 198), (198, 200), (39, 66), (37, 118), (145, 151), (79, 160), (180, 182), (36, 198), (168, 195), (78, 79), (118, 145), (36, 39), (37, 38), (109, 118), (151, 160), (91, 145), (36, 38), (157, 160), (37, 43)}
E2: {(166, 175), (188, 242), (185, 188), (179, 206), (226, 232), (47, 53), (226, 229), (162, 168), (228, 229), (185, 212), (176, 185), (43, 70), (178, 179), (78, 159), (236, 242), (26, 188), (240, 242), (200, 206), (83, 164), (136, 145), (211, 212), (182, 185), (164, 170), (168, 195), (35, 53), (64, 226), (26, 53), (35, 62), (135, 216), (175, 176), (168, 170), (177, 179), (32, 35), (53, 134), (14, 176), (216, 234), (109, 136), (59, 62), (0, 162), (145, 226), (178, 232), (234, 240), (159, 240), (179, 188), (83, 89), (45, 47), (170, 188), (25, 26), (70, 232)}
Obj: 28848

