Log for instance aco_tuning_out/inst27.txt.

Used ({'tau0': 6.651390889237055e-06, 'xi': 0.11158156951036152, 'q0': 0.3891327832249725, 'alpha': 0.5704086329673803, 'beta': 0.45022269695520334, 'rho': 0.05657845121910911, 'ants': 23}) and found best instance after 290.59375 seconds.
E1: {(154, 158), (155, 187), (147, 155), (52, 116), (23, 31), (28, 30), (27, 31), (205, 221), (30, 158), (249, 251), (36, 52), (28, 60), (52, 54), (29, 31), (134, 142), (52, 60), (142, 158), (113, 241), (39, 47), (236, 238), (27, 155), (187, 251), (28, 29), (217, 249), (145, 147), (209, 217), (47, 63), (43, 47), (35, 43), (158, 190), (144, 145), (23, 87), (204, 236), (217, 221), (87, 215), (228, 236), (209, 241), (34, 35), (3, 35), (132, 134), (204, 205), (31, 63), (250, 251), (47, 111)}
E2: {(119, 127), (58, 59), (243, 251), (50, 58), (216, 218), (202, 234), (251, 255), (123, 127), (205, 221), (249, 251), (216, 248), (145, 209), (240, 248), (6, 14), (125, 127), (226, 234), (202, 218), (141, 205), (14, 15), (101, 117), (57, 59), (14, 30), (48, 50), (10, 14), (117, 119), (123, 251), (134, 166), (217, 249), (145, 147), (218, 250), (59, 123), (209, 217), (107, 111), (144, 145), (107, 123), (217, 221), (10, 74), (74, 202), (250, 251), (6, 134)}
Obj: 24713

