Log for instance aco_tuning_out/inst24.txt.

Used ({'tau_0': 1.7311092028219667e-06, 'xi': 0.08252852050291277, 'q0': 0.30102382451999166, 'alpha': 1.4307200972470873, 'beta': 1.366990204180299, 'rho': 0.3910589486840866, 'ants': 12}) and found best instance after 4.4375 seconds.
E1: {(76, 92), (128, 136), (136, 137), (58, 59), (99, 103), (171, 235), (163, 179), (151, 183), (0, 2), (128, 160), (108, 124), (40, 56), (186, 250), (11, 139), (252, 253), (56, 58), (45, 61), (137, 141), (10, 42), (26, 90), (58, 186), (128, 144), (60, 61), (92, 124), (12, 76), (221, 253), (14, 15), (40, 104), (10, 11), (179, 183), (10, 14), (2, 10), (130, 138), (240, 241), (56, 57), (241, 243), (56, 60), (163, 171), (2, 34), (59, 123), (59, 187), (60, 124), (99, 107), (71, 103), (124, 252), (42, 58), (171, 187), (43, 59), (107, 123), (104, 106), (0, 128), (26, 58), (154, 186), (179, 243), (186, 190), (10, 138), (151, 159)}
E2: {(204, 220), (183, 191), (193, 195), (58, 59), (91, 123), (165, 167), (228, 229), (229, 237), (220, 222), (197, 229), (167, 231), (178, 179), (187, 191), (123, 127), (147, 179), (53, 181), (120, 122), (205, 221), (193, 197), (58, 122), (59, 63), (125, 127), (124, 125), (181, 183), (176, 178), (89, 91), (127, 255), (69, 85), (179, 183), (167, 175), (34, 42), (2, 10), (106, 122), (166, 167), (144, 176), (226, 227), (175, 191), (180, 181), (2, 34), (59, 123), (59, 187), (60, 124), (195, 227), (42, 58), (5, 69), (69, 197), (90, 122), (114, 122), (227, 231), (204, 205), (197, 205)}
Obj: 31896

