Log for instance aco_tuning_out/inst06.txt.

Used ({'tau0': 3.1489754854725666e-06, 'xi': 0.09233871711137026, 'q0': 0.6750093896651443, 'alpha': 1.4767667958454729, 'beta': 1.3965639583348552, 'rho': 0.22070860434618855, 'ants': 29}) and found best instance after 30.140625 seconds.
E1: {(192, 194), (7, 23), (188, 190), (220, 222), (232, 248), (206, 238), (237, 253), (0, 2), (87, 95), (17, 21), (130, 194), (28, 30), (2, 130), (212, 220), (91, 95), (206, 207), (174, 175), (14, 46), (166, 174), (240, 248), (6, 14), (0, 32), (7, 135), (174, 190), (105, 109), (206, 222), (220, 221), (180, 188), (21, 85), (221, 253), (248, 249), (89, 91), (14, 30), (17, 145), (83, 87), (129, 145), (172, 174), (85, 87), (45, 109), (6, 7), (109, 237), (249, 253), (24, 28), (32, 96), (194, 210), (23, 87), (14, 78), (98, 114), (78, 206), (7, 39), (46, 174), (2, 3), (2, 6), (21, 53), (96, 98)}
E2: {(200, 201), (90, 91), (188, 190), (98, 226), (20, 148), (86, 87), (40, 44), (87, 95), (196, 197), (1, 3), (156, 188), (34, 98), (91, 95), (132, 148), (174, 175), (166, 174), (148, 156), (76, 204), (197, 213), (87, 119), (174, 190), (96, 97), (44, 108), (18, 22), (188, 189), (180, 188), (20, 22), (89, 91), (170, 171), (22, 86), (31, 95), (31, 159), (97, 101), (212, 213), (1, 5), (132, 196), (68, 196), (1, 17), (199, 231), (163, 171), (2, 34), (66, 98), (171, 175), (76, 108), (213, 245), (171, 187), (195, 199), (2, 3), (1, 129), (196, 204), (97, 225), (197, 199), (2, 18), (36, 44), (96, 98), (200, 204)}
Obj: 32320

