Log for instance aco_tuning_out/inst24.txt.

Used ({'tau_0': 3.462877209278076e-06, 'xi': 0.0658154748162855, 'q0': 0.6970370798529836, 'alpha': 1.3037173239481683, 'beta': 0.3291761938293081, 'rho': 0.413035014315252, 'ants': 16}) and found best instance after 7.171875 seconds.
E1: {(76, 92), (128, 136), (136, 137), (42, 106), (154, 155), (41, 43), (56, 184), (243, 251), (156, 158), (0, 2), (128, 160), (155, 159), (252, 253), (186, 250), (156, 188), (122, 250), (34, 162), (158, 222), (184, 186), (102, 110), (249, 251), (240, 248), (137, 141), (9, 41), (62, 190), (10, 42), (41, 45), (206, 222), (26, 90), (128, 144), (12, 76), (221, 253), (248, 249), (14, 15), (46, 62), (10, 14), (2, 10), (106, 122), (102, 103), (76, 78), (235, 251), (10, 26), (249, 253), (130, 162), (56, 57), (42, 46), (2, 34), (188, 252), (76, 108), (46, 110), (71, 103), (42, 58), (139, 155), (40, 42), (78, 206), (0, 128), (9, 137), (158, 159), (184, 248)}
E2: {(55, 63), (42, 106), (132, 164), (243, 251), (156, 158), (164, 165), (237, 253), (178, 179), (48, 112), (252, 253), (156, 188), (121, 249), (2, 130), (48, 176), (1, 3), (253, 255), (158, 222), (53, 181), (85, 213), (249, 251), (231, 239), (10, 42), (180, 182), (180, 188), (90, 218), (164, 228), (198, 230), (221, 253), (165, 181), (112, 114), (179, 183), (112, 120), (1, 5), (198, 199), (187, 251), (132, 196), (2, 10), (213, 221), (199, 231), (144, 176), (55, 183), (249, 253), (89, 121), (226, 230), (166, 182), (180, 181), (147, 211), (2, 34), (188, 252), (60, 188), (113, 115), (112, 113), (218, 222), (130, 134), (179, 243), (195, 199), (132, 134), (115, 243), (196, 198), (2, 3), (195, 211), (175, 239)}
Obj: 34684

