Log for instance aco_tuning_out/inst30.txt.

Used ({'tau0': 9.84719681858141e-06, 'xi': 0.07010842379960239, 'q0': 0.6134461647846249, 'alpha': 1.8618032848172066, 'beta': 0.8495777604552623, 'rho': 0.35523900559656113, 'ants': 21}) and found best instance after 8.609375 seconds.
E1: {(145, 146), (39, 201), (99, 100), (55, 136), (40, 121), (14, 68), (184, 211), (40, 41), (100, 101), (134, 161), (189, 191), (39, 66), (218, 236), (83, 164), (136, 145), (18, 19), (189, 195), (99, 102), (120, 201), (164, 173), (118, 121), (20, 101), (66, 68), (55, 217), (100, 103), (164, 191), (19, 20), (103, 184), (173, 200), (118, 145), (191, 218), (174, 177), (55, 64), (91, 118), (109, 136), (146, 152), (32, 41), (174, 201), (217, 218), (41, 68), (152, 161), (19, 25), (0, 18), (83, 101)}
E2: {(166, 175), (39, 201), (162, 171), (119, 200), (171, 177), (118, 119), (47, 74), (106, 160), (171, 198), (20, 47), (100, 101), (109, 110), (174, 175), (157, 160), (160, 161), (189, 195), (47, 128), (36, 198), (20, 101), (64, 226), (20, 182), (135, 216), (118, 145), (38, 119), (36, 39), (100, 106), (153, 234), (91, 100), (110, 119), (72, 74), (128, 134), (0, 162), (110, 128), (25, 106), (74, 236), (145, 226), (174, 201), (72, 153), (152, 161), (174, 228), (36, 38), (216, 234), (45, 47), (189, 198)}
Obj: 36555

