Log for instance aco_tuning_out/inst27.txt.

Used ({'tau0': 4.5971794894411765e-06, 'xi': 0.07935886436067696, 'q0': 0.6133148179425765, 'alpha': 0.959591163017489, 'beta': 1.7442602148622774, 'rho': 0.32248764047634604, 'ants': 29}) and found best instance after 20.5 seconds.
E1: {(55, 63), (132, 164), (154, 158), (206, 238), (0, 2), (87, 95), (28, 30), (186, 250), (114, 118), (121, 249), (27, 31), (158, 222), (54, 55), (30, 158), (209, 213), (128, 132), (206, 222), (128, 144), (164, 228), (28, 60), (31, 95), (142, 158), (39, 47), (112, 114), (204, 206), (132, 196), (28, 29), (213, 215), (213, 221), (54, 118), (36, 164), (47, 63), (2, 34), (158, 190), (43, 47), (23, 87), (87, 215), (112, 113), (186, 187), (0, 128), (154, 186), (112, 116), (2, 3), (113, 121), (196, 204), (30, 31), (31, 63), (47, 111)}
E2: {(128, 136), (136, 137), (119, 127), (58, 59), (162, 226), (243, 251), (216, 218), (0, 2), (176, 240), (101, 109), (123, 127), (48, 176), (251, 255), (253, 255), (109, 125), (6, 14), (137, 141), (146, 147), (10, 42), (128, 144), (125, 127), (202, 218), (221, 253), (14, 15), (144, 146), (127, 255), (14, 30), (57, 59), (10, 14), (2, 10), (144, 176), (130, 162), (162, 166), (111, 127), (218, 250), (59, 123), (42, 58), (0, 128), (130, 146), (250, 251)}
Obj: 26573

