Log for instance aco_tuning_out/inst09.txt.

Used ({'tau_0': 3.151708497185101e-06, 'xi': 0.05632693656731169, 'q0': 0.5279577748463967, 'alpha': 0.47226881213046684, 'beta': 1.430973702133798, 'rho': 0.06294574331706608, 'ants': 24}) and found best instance after 289.234375 seconds.
E1: {(96, 177), (87, 89), (42, 123), (42, 43), (87, 141), (236, 239), (78, 159), (185, 239), (3, 21), (4, 166), (14, 23), (21, 102), (141, 142), (142, 223), (238, 239), (96, 123), (120, 123), (3, 4), (84, 87), (135, 141), (157, 238), (141, 159), (23, 185), (21, 23), (87, 96), (0, 3), (3, 84)}
E2: {(162, 171), (194, 221), (217, 223), (217, 220), (166, 220), (238, 239), (192, 193), (107, 161), (89, 143), (173, 179), (195, 197), (106, 107), (197, 224), (18, 45), (211, 238), (143, 161), (221, 224), (192, 194), (111, 120), (18, 20), (171, 177), (20, 26), (179, 233), (107, 134), (161, 242), (151, 152), (160, 161), (171, 173), (111, 192), (32, 194), (59, 221), (224, 233), (151, 160), (224, 242), (0, 162), (25, 106), (239, 242), (193, 220), (26, 107), (157, 160)}
Obj: 27729

