Log for instance aco_tuning_out/inst30.txt.

Used ({'tau0': 3.151708497185101e-06, 'xi': 0.05632693656731169, 'q0': 0.5279577748463967, 'alpha': 0.47226881213046684, 'beta': 1.430973702133798, 'rho': 0.06294574331706608, 'ants': 24}) and found best instance after 297.625 seconds.
E1: {(119, 200), (208, 211), (120, 122), (98, 152), (7, 25), (97, 98), (9, 10), (86, 95), (134, 215), (195, 197), (91, 97), (5, 14), (0, 9), (5, 32), (10, 16), (93, 102), (118, 119), (208, 214), (10, 64), (122, 125), (5, 86), (93, 95), (7, 16), (4, 5), (95, 98), (177, 204), (209, 236), (125, 206), (204, 206), (95, 122), (197, 206), (109, 118), (197, 215), (119, 125), (4, 7), (208, 209), (214, 215)}
E2: {(198, 225), (162, 171), (171, 174), (37, 64), (162, 168), (146, 227), (171, 198), (218, 227), (131, 134), (122, 131), (195, 204), (198, 200), (98, 152), (97, 98), (38, 119), (81, 135), (100, 127), (16, 97), (81, 162), (174, 228), (166, 169), (198, 204), (171, 177), (118, 119), (122, 125), (218, 236), (37, 118), (171, 173), (16, 25), (36, 198), (95, 98), (118, 127), (144, 146), (173, 182), (95, 122), (157, 158), (144, 225), (36, 45), (91, 100), (104, 131), (109, 127), (119, 125), (0, 162), (104, 158), (36, 38), (168, 169)}
Obj: 34058

