Log for instance aco_tuning_out/inst18.txt.

Used ({'tau0': 9.387858024888234e-06, 'xi': 0.14290215705758647, 'q0': 0.4917258290014144, 'alpha': 1.0227666505205433, 'beta': 1.168523363313268, 'rho': 0.2926263236671505, 'ants': 22}) and found best instance after 196.890625 seconds.
E1: {(64, 66), (193, 201), (90, 94), (99, 103), (58, 62), (150, 151), (128, 160), (39, 103), (1, 3), (1, 9), (244, 252), (85, 213), (62, 126), (110, 111), (45, 61), (6, 70), (197, 213), (110, 126), (193, 197), (61, 63), (147, 151), (64, 80), (31, 95), (0, 1), (31, 159), (103, 111), (46, 62), (1, 5), (244, 245), (29, 61), (213, 215), (151, 215), (110, 238), (54, 62), (213, 245), (94, 126), (86, 94), (0, 64), (57, 61), (66, 70), (70, 86), (0, 128), (62, 63), (31, 63), (151, 159), (209, 213)}
E2: {(168, 172), (160, 168), (24, 152), (146, 154), (168, 184), (72, 88), (35, 51), (152, 154), (8, 9), (112, 240), (28, 30), (114, 118), (252, 253), (1, 9), (8, 24), (1, 3), (100, 101), (244, 252), (168, 232), (152, 184), (146, 150), (110, 126), (35, 163), (28, 60), (221, 253), (70, 78), (112, 114), (14, 30), (8, 72), (80, 88), (1, 5), (244, 245), (54, 118), (80, 112), (88, 89), (240, 244), (24, 28), (110, 238), (146, 210), (108, 110), (118, 126), (112, 113), (14, 142), (66, 70), (70, 86), (122, 126), (3, 35), (122, 123), (100, 108), (86, 118), (8, 40)}
Obj: 28298

