Log for instance aco_tuning_out/inst03.txt.

Used ({'tau0': 6.293660666238772e-06, 'xi': 0.0765998967889499, 'q0': 0.6265340995784354, 'alpha': 0.31196112568590606, 'beta': 0.6324794380700602, 'rho': 0.3069899243645694, 'ants': 19}) and found best instance after 240.484375 seconds.
E1: {(210, 242), (232, 236), (193, 195), (132, 164), (155, 187), (211, 219), (147, 155), (20, 148), (210, 211), (135, 199), (157, 221), (196, 197), (187, 191), (206, 207), (37, 39), (132, 148), (240, 242), (193, 197), (83, 115), (202, 206), (52, 54), (20, 28), (199, 207), (115, 119), (132, 196), (20, 52), (148, 149), (149, 157), (9, 25), (68, 196), (24, 25), (36, 164), (24, 28), (37, 53), (175, 191), (147, 211), (204, 236), (52, 53), (228, 236), (113, 115), (25, 57), (195, 199), (65, 193), (196, 204), (37, 101), (28, 92), (83, 211), (195, 211)}
E2: {(177, 181), (32, 34), (32, 40), (132, 164), (193, 201), (107, 235), (98, 226), (154, 158), (43, 107), (181, 245), (216, 218), (196, 197), (1, 9), (34, 98), (148, 150), (158, 222), (132, 148), (192, 193), (0, 32), (193, 197), (32, 36), (1, 33), (148, 180), (32, 48), (15, 47), (0, 1), (1, 5), (132, 196), (1, 17), (36, 164), (32, 160), (47, 63), (98, 99), (180, 181), (164, 166), (107, 111), (99, 107), (164, 172), (107, 123), (98, 114), (150, 158), (218, 222), (210, 218), (196, 198), (45, 47), (158, 159), (47, 111)}
Obj: 28315

