Log for instance aco_tuning_out/inst06.txt.

Used ({'tau_0': 2.693231228771534e-06, 'xi': 0.06741045013783678, 'q0': 0.34341334065428447, 'alpha': 1.6251653731737596, 'beta': 0.8948148014172467, 'rho': 0.1267448319977672, 'ants': 32}) and found best instance after 282.9375 seconds.
E1: {(220, 222), (180, 244), (233, 237), (89, 217), (82, 114), (2, 66), (1, 3), (2, 130), (233, 249), (212, 220), (174, 175), (14, 46), (166, 174), (23, 55), (6, 14), (7, 135), (174, 190), (82, 83), (45, 61), (220, 221), (212, 244), (192, 208), (78, 79), (208, 210), (83, 87), (172, 174), (85, 87), (53, 55), (174, 238), (6, 7), (53, 61), (240, 244), (217, 249), (24, 28), (105, 233), (82, 210), (156, 220), (46, 174), (14, 78), (23, 87), (208, 212), (7, 39), (217, 221), (2, 3), (1, 129), (2, 6), (66, 82), (28, 156), (232, 233), (79, 207)}
E2: {(193, 195), (193, 201), (42, 170), (162, 226), (188, 190), (82, 90), (101, 103), (197, 229), (193, 225), (103, 231), (2, 66), (1, 3), (156, 188), (100, 101), (174, 175), (166, 174), (192, 193), (143, 175), (174, 190), (193, 197), (96, 100), (4, 5), (192, 208), (188, 189), (162, 170), (180, 188), (73, 89), (229, 245), (170, 171), (143, 159), (34, 42), (1, 5), (36, 100), (1, 17), (163, 171), (2, 34), (73, 201), (171, 175), (4, 68), (101, 229), (4, 132), (40, 42), (171, 187), (208, 212), (129, 193), (103, 119), (2, 3), (1, 129), (2, 18), (66, 82)}
Obj: 29253

