Log for instance aco_tuning_out/inst12.txt.

Used ({'tau0': 1.8744203829802787e-06, 'xi': 0.06974601013646063, 'q0': 0.6646227429685135, 'alpha': 0.837812461347453, 'beta': 0.9110718814664547, 'rho': 0.3627109167529502, 'ants': 14}) and found best instance after 8.546875 seconds.
E1: {(166, 175), (81, 82), (226, 229), (175, 202), (84, 87), (6, 33), (87, 89), (208, 211), (84, 102), (101, 182), (5, 86), (0, 81), (45, 46), (81, 84), (136, 145), (82, 83), (37, 118), (6, 87), (118, 121), (118, 145), (120, 121), (46, 208), (128, 134), (91, 118), (109, 136), (145, 226), (202, 229), (5, 32), (83, 86), (101, 128), (33, 195), (37, 43), (82, 136), (83, 101), (37, 46)}
E2: {(81, 82), (145, 146), (226, 232), (3, 4), (58, 59), (4, 58), (84, 87), (171, 177), (21, 22), (87, 89), (208, 211), (190, 199), (217, 223), (84, 102), (75, 78), (190, 208), (227, 236), (81, 84), (83, 164), (82, 83), (171, 173), (136, 145), (164, 173), (22, 25), (58, 76), (200, 227), (135, 137), (64, 226), (118, 145), (4, 166), (76, 157), (128, 134), (21, 75), (18, 21), (137, 146), (146, 155), (109, 136), (205, 232), (173, 227), (146, 152), (22, 76), (136, 217), (145, 226), (128, 155), (32, 59), (18, 45), (3, 84), (118, 199), (43, 205), (82, 136)}
Obj: 32781

