Log for instance aco_tuning_out/inst03.txt.

Used ({'tau0': 8.908613414444593e-06, 'xi': 0.1316659796537964, 'q0': 0.44184378094598165, 'alpha': 1.5856828467501214, 'beta': 0.9751219636880748, 'rho': 0.2735558699054583, 'ants': 18}) and found best instance after 22.375 seconds.
E1: {(232, 236), (128, 136), (136, 137), (25, 29), (177, 181), (211, 219), (29, 93), (176, 240), (210, 211), (36, 37), (187, 191), (37, 39), (53, 181), (128, 132), (143, 175), (52, 54), (147, 151), (135, 143), (49, 113), (49, 177), (143, 159), (132, 196), (92, 93), (115, 119), (9, 25), (68, 196), (20, 52), (65, 81), (24, 25), (149, 151), (136, 138), (37, 53), (175, 191), (147, 211), (204, 236), (149, 181), (52, 53), (228, 236), (113, 115), (176, 177), (25, 57), (143, 207), (9, 137), (138, 202), (81, 113), (49, 57), (196, 204), (37, 101), (195, 211), (93, 221), (151, 159)}
E2: {(128, 136), (136, 137), (41, 43), (32, 40), (136, 152), (107, 235), (98, 226), (43, 107), (197, 229), (152, 154), (40, 41), (9, 11), (210, 214), (196, 197), (34, 98), (158, 222), (128, 132), (9, 41), (1, 33), (59, 63), (32, 36), (41, 45), (180, 182), (180, 188), (32, 48), (229, 245), (0, 1), (1, 5), (17, 145), (132, 196), (1, 17), (214, 222), (198, 214), (128, 192), (137, 201), (32, 160), (166, 182), (59, 123), (98, 99), (107, 111), (99, 107), (43, 59), (150, 158), (152, 216), (98, 114), (0, 128), (9, 137), (145, 177), (196, 198), (11, 15), (158, 159), (150, 182), (172, 188)}
Obj: 31336

