Log for instance aco_tuning_out/inst03.txt.

Used ({'tau0': 7.905277958202082e-06, 'xi': 0.07780203477312476, 'q0': 0.5400401332579152, 'alpha': 1.238650111364569, 'beta': 1.1701509091931812, 'rho': 0.3657463607855648, 'ants': 16}) and found best instance after 10.796875 seconds.
E1: {(177, 181), (24, 152), (211, 219), (176, 240), (210, 211), (77, 93), (57, 185), (187, 191), (65, 73), (4, 36), (53, 181), (54, 55), (224, 228), (76, 204), (185, 187), (73, 77), (202, 206), (224, 240), (137, 153), (147, 151), (20, 22), (78, 79), (152, 153), (49, 113), (49, 177), (97, 101), (92, 93), (97, 113), (149, 151), (76, 78), (68, 76), (53, 55), (55, 119), (153, 185), (175, 191), (147, 211), (149, 181), (4, 68), (176, 177), (9, 73), (78, 206), (9, 137), (49, 57), (135, 151), (76, 77), (39, 55), (195, 211), (93, 221), (22, 54), (224, 232), (79, 207)}
E2: {(132, 164), (107, 235), (146, 154), (43, 107), (180, 244), (164, 180), (0, 2), (40, 41), (196, 197), (210, 214), (48, 176), (114, 118), (198, 206), (160, 164), (102, 110), (128, 132), (192, 196), (9, 41), (10, 42), (206, 222), (1, 33), (33, 41), (41, 45), (201, 217), (150, 214), (14, 15), (216, 217), (31, 159), (10, 14), (1, 5), (244, 245), (132, 196), (2, 10), (214, 222), (36, 164), (1, 17), (42, 43), (226, 230), (146, 210), (137, 201), (2, 34), (164, 166), (42, 46), (107, 111), (15, 31), (102, 118), (99, 107), (46, 110), (164, 172), (107, 123), (176, 177), (40, 42), (176, 180), (0, 128), (9, 137), (196, 198), (166, 230), (31, 63)}
Obj: 33615

