Log for instance aco_tuning_out/inst09.txt.

Used ({'tau0': 1.3887935962446564e-06, 'xi': 0.06336511258122715, 'q0': 0.5149941610044446, 'alpha': 1.5531450358806447, 'beta': 0.41875271579630713, 'rho': 0.16981098283759344, 'ants': 13}) and found best instance after 5.078125 seconds.
E1: {(101, 155), (4, 58), (3, 4), (84, 87), (87, 89), (84, 102), (100, 101), (76, 79), (87, 168), (166, 220), (13, 14), (58, 220), (81, 84), (168, 177), (16, 43), (78, 79), (58, 76), (100, 103), (39, 120), (13, 16), (102, 103), (81, 135), (76, 157), (220, 223), (13, 40), (4, 13), (39, 40), (0, 3), (3, 84), (155, 236)}
E2: {(33, 42), (3, 4), (4, 58), (162, 165), (162, 171), (84, 87), (171, 177), (20, 23), (87, 89), (20, 26), (39, 42), (40, 41), (69, 150), (66, 69), (66, 75), (58, 220), (39, 66), (81, 84), (165, 166), (40, 202), (126, 128), (58, 76), (81, 108), (108, 126), (66, 68), (39, 120), (76, 157), (128, 134), (21, 75), (18, 21), (220, 223), (202, 211), (13, 40), (21, 23), (59, 68), (150, 152), (32, 41), (81, 162), (4, 13), (39, 40), (0, 3), (18, 45), (3, 84), (33, 195), (25, 26)}
Obj: 28313

