Log for instance aco_tuning_out/inst03.txt.

Used ({'tau0': 7.199516623553175e-06, 'xi': 0.11757684122784635, 'q0': 0.8950304976400971, 'alpha': 1.7862372914817117, 'beta': 1.3396042945590478, 'rho': 0.08070539620138223, 'ants': 25}) and found best instance after 160.671875 seconds.
E1: {(177, 181), (183, 191), (128, 136), (136, 137), (196, 228), (211, 219), (20, 148), (228, 244), (210, 211), (252, 253), (187, 191), (244, 252), (53, 181), (54, 55), (132, 148), (64, 65), (206, 207), (64, 68), (128, 132), (0, 32), (136, 200), (83, 115), (65, 97), (32, 36), (202, 206), (147, 151), (181, 183), (20, 28), (221, 253), (49, 113), (49, 177), (97, 101), (115, 119), (132, 196), (149, 151), (97, 113), (200, 202), (55, 183), (24, 28), (240, 244), (175, 191), (147, 211), (200, 232), (113, 115), (0, 64), (0, 128), (9, 137), (49, 57), (135, 151), (196, 204), (28, 92), (39, 55), (83, 211), (195, 211)}
E2: {(177, 181), (55, 63), (128, 136), (32, 34), (171, 235), (32, 40), (136, 137), (98, 226), (196, 228), (43, 107), (13, 45), (43, 171), (150, 151), (216, 218), (5, 13), (181, 245), (210, 211), (114, 115), (196, 197), (115, 123), (172, 236), (32, 33), (0, 32), (128, 132), (83, 115), (32, 36), (154, 218), (180, 182), (147, 151), (181, 183), (32, 48), (49, 113), (49, 177), (9, 13), (132, 196), (55, 183), (32, 160), (128, 192), (166, 182), (147, 211), (180, 181), (137, 201), (33, 49), (107, 111), (99, 107), (228, 236), (107, 123), (113, 115), (98, 114), (218, 222), (0, 128), (9, 137), (210, 218), (196, 198), (83, 211), (13, 15), (151, 159), (17, 49)}
Obj: 30591

