Log for instance aco_tuning_out/inst27.txt.

Used ({'tau_0': 8.908613414444593e-06, 'xi': 0.1316659796537964, 'q0': 0.44184378094598165, 'alpha': 1.5856828467501214, 'beta': 0.9751219636880748, 'rho': 0.2735558699054583, 'ants': 18}) and found best instance after 11.328125 seconds.
E1: {(105, 107), (4, 6), (43, 107), (60, 62), (152, 154), (3, 19), (186, 250), (4, 36), (121, 249), (27, 31), (19, 27), (209, 213), (62, 190), (6, 14), (174, 190), (116, 118), (29, 31), (105, 121), (6, 38), (144, 152), (14, 30), (39, 47), (19, 23), (236, 238), (213, 215), (213, 221), (54, 118), (174, 238), (47, 63), (43, 47), (107, 111), (204, 236), (228, 236), (23, 87), (4, 132), (14, 142), (87, 215), (186, 187), (154, 186), (38, 54), (186, 190), (34, 38), (113, 121), (62, 63), (31, 63), (54, 62)}
E2: {(58, 59), (243, 251), (101, 103), (152, 154), (176, 240), (38, 166), (186, 250), (251, 255), (48, 176), (6, 14), (220, 221), (14, 15), (216, 220), (6, 38), (144, 152), (152, 153), (57, 59), (121, 123), (14, 30), (103, 111), (10, 14), (115, 119), (140, 142), (123, 251), (138, 154), (144, 176), (226, 227), (145, 147), (145, 153), (59, 123), (14, 142), (152, 216), (121, 125), (154, 186), (103, 119), (138, 202), (115, 243), (140, 141), (10, 138), (227, 243), (250, 251)}
Obj: 25658

