Log for instance aco_tuning_out/inst03.txt.

Used ({'tau0': 3.151708497185101e-06, 'xi': 0.05632693656731169, 'q0': 0.5279577748463967, 'alpha': 0.47226881213046684, 'beta': 1.430973702133798, 'rho': 0.06294574331706608, 'ants': 24}) and found best instance after 233.921875 seconds.
E1: {(128, 136), (136, 137), (196, 228), (219, 223), (211, 219), (20, 148), (210, 211), (49, 53), (36, 37), (187, 191), (221, 223), (37, 39), (132, 148), (128, 132), (143, 175), (83, 115), (202, 203), (52, 54), (20, 28), (208, 210), (135, 143), (49, 113), (132, 196), (20, 52), (115, 119), (148, 149), (68, 196), (65, 81), (208, 240), (200, 202), (24, 28), (37, 53), (81, 83), (203, 207), (175, 191), (147, 211), (52, 53), (203, 219), (200, 232), (113, 115), (143, 207), (9, 137), (49, 57), (196, 204), (37, 101), (28, 92), (83, 211), (195, 211)}
E2: {(128, 136), (136, 137), (32, 34), (32, 40), (132, 164), (98, 226), (146, 154), (107, 235), (180, 244), (210, 214), (196, 197), (48, 176), (34, 98), (158, 222), (128, 132), (0, 32), (146, 150), (32, 36), (1, 33), (160, 176), (59, 63), (192, 208), (15, 47), (208, 210), (208, 216), (0, 1), (137, 201), (1, 5), (244, 245), (132, 196), (47, 111), (214, 222), (1, 17), (128, 192), (32, 160), (146, 210), (98, 99), (164, 166), (47, 63), (107, 111), (43, 47), (59, 123), (99, 107), (164, 172), (98, 114), (176, 177), (0, 128), (9, 137), (176, 180), (196, 198), (45, 47), (158, 159)}
Obj: 29801

