Log for instance aco_tuning_out/inst12.txt.

Used ({'tau0': 8.990632486830376e-06, 'xi': 0.09595706500151588, 'q0': 0.4417965567940394, 'alpha': 1.6457162341639056, 'beta': 1.8792939670585154, 'rho': 0.14228615039412212, 'ants': 30}) and found best instance after 156.578125 seconds.
E1: {(81, 82), (33, 42), (3, 4), (6, 33), (31, 32), (84, 102), (101, 182), (81, 84), (82, 83), (49, 211), (3, 6), (42, 123), (31, 49), (36, 42), (4, 166), (36, 45), (128, 134), (42, 43), (82, 91), (82, 109), (3, 84), (4, 31), (0, 6), (83, 89), (101, 128), (33, 195), (83, 101), (120, 123)}
E2: {(81, 82), (58, 59), (171, 177), (31, 32), (84, 102), (171, 198), (236, 242), (134, 161), (166, 220), (161, 242), (58, 220), (34, 43), (240, 242), (81, 84), (83, 164), (82, 83), (157, 238), (223, 241), (171, 173), (7, 25), (164, 173), (36, 198), (7, 34), (31, 34), (173, 200), (238, 241), (31, 58), (240, 241), (36, 45), (55, 58), (81, 135), (78, 240), (55, 64), (82, 88), (7, 88), (220, 238), (82, 109), (152, 161), (211, 238), (83, 89)}
Obj: 28283

