Log for instance aco_tuning_out/inst06.txt.

Used ({'tau0': 5.7232384546733595e-06, 'xi': 0.1429672685027304, 'q0': 0.57445047410033, 'alpha': 1.4195433954167913, 'beta': 1.4047255855017542, 'rho': 0.4106053256096564, 'ants': 31}) and found best instance after 29.625 seconds.
E1: {(220, 222), (165, 167), (84, 212), (206, 238), (3, 19), (210, 211), (39, 167), (104, 105), (82, 114), (1, 3), (2, 130), (83, 91), (121, 249), (212, 220), (8, 24), (206, 207), (53, 181), (166, 174), (174, 175), (14, 46), (128, 129), (6, 14), (174, 190), (82, 83), (206, 222), (220, 221), (173, 237), (105, 121), (165, 181), (89, 91), (104, 232), (10, 14), (172, 174), (19, 23), (2, 10), (166, 167), (240, 241), (174, 238), (135, 167), (45, 173), (241, 249), (89, 121), (128, 192), (180, 181), (84, 85), (173, 175), (14, 78), (78, 206), (8, 10), (2, 3), (1, 129), (19, 83), (83, 211)}
E2: {(193, 195), (193, 201), (132, 164), (42, 170), (188, 190), (18, 26), (101, 103), (103, 231), (193, 225), (97, 105), (196, 197), (2, 66), (1, 3), (156, 188), (187, 191), (189, 191), (166, 174), (174, 175), (197, 213), (96, 97), (174, 190), (193, 197), (26, 90), (163, 227), (188, 189), (180, 188), (105, 121), (97, 101), (170, 174), (212, 213), (1, 5), (132, 196), (68, 196), (1, 17), (36, 164), (226, 227), (89, 121), (2, 34), (164, 166), (213, 245), (195, 227), (40, 42), (129, 193), (103, 119), (1, 129), (2, 3), (97, 225), (2, 18), (159, 191)}
Obj: 30076

