Log for instance aco_tuning_out/inst24.txt.

Used ({'tau0': 3.462877209278076e-06, 'xi': 0.0658154748162855, 'q0': 0.6970370798529836, 'alpha': 1.3037173239481683, 'beta': 0.3291761938293081, 'rho': 0.413035014315252, 'ants': 16}) and found best instance after 9.328125 seconds.
E1: {(137, 139), (128, 136), (136, 137), (42, 106), (160, 168), (128, 130), (76, 92), (15, 143), (146, 154), (41, 43), (168, 184), (156, 158), (12, 13), (13, 45), (243, 251), (0, 2), (146, 178), (252, 253), (186, 250), (156, 188), (184, 186), (102, 110), (14, 46), (249, 251), (240, 248), (9, 41), (10, 42), (26, 90), (128, 144), (142, 143), (12, 76), (41, 57), (221, 253), (234, 235), (176, 184), (9, 13), (10, 14), (2, 10), (234, 250), (102, 103), (10, 26), (144, 176), (184, 188), (249, 253), (13, 141), (130, 162), (2, 34), (76, 108), (188, 252), (162, 178), (158, 190), (46, 110), (71, 103), (42, 58), (40, 42), (14, 142), (0, 128), (9, 137), (158, 159), (184, 248)}
E2: {(177, 181), (193, 195), (196, 228), (58, 59), (243, 251), (98, 226), (156, 158), (237, 253), (216, 218), (129, 131), (146, 178), (252, 253), (121, 249), (147, 179), (156, 188), (1, 3), (253, 255), (158, 222), (53, 181), (85, 213), (249, 251), (146, 147), (10, 42), (59, 63), (220, 221), (180, 182), (98, 106), (90, 218), (221, 253), (216, 220), (144, 146), (165, 181), (112, 114), (112, 120), (179, 183), (1, 5), (198, 199), (187, 251), (2, 10), (230, 231), (213, 221), (199, 231), (144, 176), (120, 121), (249, 253), (226, 230), (89, 121), (166, 182), (180, 181), (2, 34), (237, 239), (188, 252), (60, 188), (42, 58), (98, 114), (176, 177), (129, 193), (179, 243), (1, 129), (196, 198), (2, 3), (131, 147), (175, 239)}
Obj: 35022

