Log for instance aco_tuning_out/inst27.txt.

Used ({'tau0': 5.341643627837584e-06, 'xi': 0.12828902895224037, 'q0': 0.5825040751853071, 'alpha': 1.680352012001748, 'beta': 1.7927432976473112, 'rho': 0.24781837895583786, 'ants': 32}) and found best instance after 18.671875 seconds.
E1: {(140, 156), (55, 63), (250, 254), (58, 59), (26, 30), (188, 190), (26, 27), (132, 164), (50, 58), (190, 254), (28, 30), (156, 188), (140, 204), (121, 249), (54, 55), (132, 148), (148, 156), (23, 55), (110, 111), (238, 254), (59, 63), (220, 221), (26, 154), (28, 60), (164, 228), (116, 124), (28, 29), (140, 142), (213, 221), (213, 215), (120, 124), (36, 164), (120, 121), (110, 238), (2, 34), (60, 124), (59, 187), (156, 220), (43, 59), (144, 148), (26, 58), (113, 121), (2, 3), (39, 55), (28, 156), (34, 50), (209, 213)}
E2: {(119, 127), (250, 254), (162, 226), (15, 143), (220, 222), (50, 58), (101, 109), (0, 2), (242, 243), (123, 127), (147, 179), (34, 162), (240, 242), (109, 125), (6, 14), (202, 206), (206, 222), (220, 221), (125, 127), (128, 144), (216, 220), (14, 15), (127, 255), (48, 50), (14, 30), (10, 14), (2, 10), (222, 254), (162, 166), (111, 127), (2, 34), (226, 242), (141, 143), (254, 255), (48, 49), (0, 128), (179, 243), (49, 57), (242, 250), (34, 50)}
Obj: 26175

