Log for instance aco_tuning_out/inst21.txt.

Used ({'tau0': 7.151935564269642e-06, 'xi': 0.10184361707760894, 'q0': 0.5077701235510973, 'alpha': 0.5847895154504361, 'beta': 0.6413829753178264, 'rho': 0.2990121644546394, 'ants': 8}) and found best instance after 20.15625 seconds.
E1: {(101, 155), (162, 165), (162, 171), (171, 177), (171, 198), (101, 182), (11, 14), (135, 153), (152, 233), (198, 200), (223, 224), (65, 146), (35, 197), (64, 65), (231, 233), (204, 231), (165, 166), (228, 231), (36, 198), (153, 155), (11, 65), (36, 45), (224, 233), (32, 35), (146, 155), (146, 152), (197, 224), (198, 204)}
E2: {(83, 110), (81, 82), (101, 155), (33, 42), (52, 214), (33, 51), (29, 32), (39, 42), (101, 182), (109, 110), (142, 223), (0, 81), (198, 200), (39, 66), (157, 160), (82, 83), (51, 52), (142, 143), (89, 143), (25, 52), (66, 68), (29, 110), (39, 120), (27, 33), (45, 51), (81, 135), (42, 43), (64, 67), (82, 91), (211, 214), (59, 68), (143, 152), (142, 160), (66, 67), (83, 89), (51, 78), (33, 195), (27, 29), (42, 204), (198, 204), (83, 101), (155, 236)}
Obj: 29401

