Log for instance aco_tuning_out/inst12.txt.

Used ({'tau0': 7.905277958202082e-06, 'xi': 0.07780203477312476, 'q0': 0.5400401332579152, 'alpha': 1.238650111364569, 'beta': 1.1701509091931812, 'rho': 0.3657463607855648, 'ants': 16}) and found best instance after 9.03125 seconds.
E1: {(166, 175), (120, 129), (33, 42), (162, 171), (175, 202), (102, 129), (125, 134), (171, 198), (201, 202), (83, 164), (136, 145), (171, 173), (82, 83), (42, 44), (120, 201), (164, 173), (36, 198), (173, 182), (36, 42), (36, 45), (41, 44), (42, 43), (0, 162), (32, 41), (202, 211), (44, 125), (82, 109), (91, 145), (83, 89), (33, 195), (82, 136), (198, 201)}
E2: {(4, 58), (55, 136), (171, 177), (118, 119), (119, 200), (20, 26), (69, 71), (76, 238), (4, 85), (59, 140), (100, 101), (5, 86), (140, 143), (142, 223), (45, 46), (85, 103), (83, 164), (171, 173), (37, 118), (49, 211), (142, 143), (164, 173), (58, 67), (58, 76), (20, 101), (17, 26), (100, 103), (235, 236), (102, 103), (109, 118), (55, 58), (49, 76), (76, 157), (128, 134), (64, 67), (109, 136), (85, 166), (71, 152), (86, 140), (46, 49), (135, 136), (17, 71), (60, 69), (60, 78), (83, 89), (85, 86), (235, 238), (101, 128), (83, 86), (5, 32), (37, 43), (25, 26)}
Obj: 33767

