Log for instance aco_tuning_out/inst27.txt.

Used ({'tau_0': 2.0274933728523487e-06, 'xi': 0.13405703789383258, 'q0': 0.526091823657158, 'alpha': 1.6793374858698646, 'beta': 0.6970800710605479, 'rho': 0.13613590490376215, 'ants': 11}) and found best instance after 12.890625 seconds.
E1: {(132, 164), (220, 222), (43, 107), (60, 62), (206, 238), (23, 31), (186, 250), (27, 31), (83, 211), (132, 148), (110, 111), (62, 190), (83, 115), (206, 222), (220, 221), (116, 118), (164, 228), (29, 31), (38, 46), (204, 206), (46, 62), (83, 87), (54, 118), (36, 164), (217, 249), (209, 211), (110, 238), (218, 250), (2, 34), (107, 111), (46, 110), (38, 39), (142, 206), (23, 87), (144, 148), (217, 221), (87, 215), (218, 222), (154, 186), (186, 187), (113, 115), (2, 3), (34, 38), (36, 38), (62, 63), (30, 31), (31, 63), (54, 62)}
E2: {(119, 127), (243, 251), (205, 237), (216, 218), (101, 109), (0, 2), (228, 244), (123, 127), (100, 101), (251, 255), (122, 250), (11, 139), (56, 58), (205, 221), (224, 228), (109, 125), (6, 14), (58, 122), (206, 222), (125, 127), (128, 144), (202, 218), (141, 205), (134, 142), (14, 15), (127, 255), (14, 30), (48, 56), (10, 11), (10, 14), (2, 10), (131, 139), (134, 166), (109, 237), (100, 228), (56, 57), (240, 244), (111, 127), (218, 250), (142, 206), (14, 142), (218, 222), (0, 128), (122, 123), (131, 147), (224, 226)}
Obj: 28516

