Log for instance aco_tuning_out/inst09.txt.

Used ({'tau0': 1.774794369235601e-06, 'xi': 0.05178086251934671, 'q0': 0.765199417754037, 'alpha': 1.7110920267750438, 'beta': 1.3090193389783644, 'rho': 0.2964096563219366, 'ants': 12}) and found best instance after 4.265625 seconds.
E1: {(166, 175), (81, 82), (43, 205), (226, 232), (3, 4), (226, 229), (4, 58), (99, 100), (175, 202), (84, 87), (20, 23), (87, 89), (217, 226), (100, 101), (135, 153), (201, 202), (97, 178), (223, 232), (96, 97), (81, 84), (209, 215), (79, 160), (99, 102), (78, 79), (58, 76), (209, 236), (0, 1), (20, 101), (205, 214), (174, 177), (99, 153), (163, 217), (151, 160), (76, 157), (205, 232), (1, 163), (174, 201), (82, 100), (96, 123), (87, 96), (14, 23), (202, 229), (3, 84), (124, 151), (214, 215), (175, 178), (97, 124), (120, 123)}
E2: {(81, 82), (163, 164), (33, 42), (4, 58), (3, 4), (39, 201), (84, 87), (147, 149), (128, 209), (96, 177), (87, 89), (15, 42), (208, 211), (207, 209), (179, 233), (217, 223), (120, 147), (100, 101), (190, 208), (152, 233), (39, 66), (81, 84), (83, 164), (82, 83), (42, 44), (163, 166), (15, 96), (103, 157), (35, 44), (164, 173), (58, 67), (173, 179), (163, 190), (0, 1), (20, 101), (66, 68), (45, 207), (55, 217), (100, 103), (19, 20), (55, 58), (66, 147), (174, 177), (128, 134), (32, 35), (146, 149), (146, 155), (59, 68), (1, 163), (174, 201), (128, 155), (82, 100), (3, 84), (66, 67), (19, 25), (33, 195)}
Obj: 37801

