Log for instance aco_tuning_out/inst03.txt.

Used ({'tau_0': 8.753936472387218e-06, 'xi': 0.09720016068128765, 'q0': 0.8231293796694477, 'alpha': 0.5431396504147108, 'beta': 1.6359800101718294, 'rho': 0.1536282766541045, 'ants': 15}) and found best instance after 199.21875 seconds.
E1: {(76, 92), (177, 181), (155, 187), (147, 155), (211, 219), (118, 119), (181, 245), (210, 211), (39, 167), (187, 191), (53, 181), (224, 228), (76, 204), (143, 175), (96, 97), (83, 115), (32, 36), (65, 97), (194, 202), (224, 240), (245, 253), (20, 28), (221, 253), (135, 143), (49, 113), (49, 177), (97, 101), (155, 219), (115, 119), (97, 113), (9, 25), (54, 118), (135, 167), (24, 25), (32, 96), (24, 28), (96, 224), (175, 191), (149, 181), (194, 210), (113, 115), (143, 207), (25, 57), (49, 57), (28, 92), (83, 211), (195, 211), (68, 76), (224, 232)}
E2: {(154, 155), (177, 181), (32, 34), (15, 143), (32, 40), (193, 201), (98, 226), (155, 187), (107, 235), (211, 219), (43, 107), (5, 7), (181, 245), (216, 218), (128, 160), (210, 211), (114, 115), (187, 191), (34, 98), (148, 150), (115, 123), (132, 148), (192, 193), (143, 175), (128, 132), (166, 230), (193, 197), (83, 115), (32, 36), (198, 230), (32, 48), (49, 113), (49, 177), (17, 81), (143, 159), (155, 219), (63, 191), (45, 173), (226, 230), (32, 160), (81, 83), (175, 191), (180, 181), (7, 15), (33, 49), (128, 192), (98, 99), (137, 201), (99, 107), (107, 111), (173, 175), (113, 115), (98, 114), (218, 222), (0, 128), (9, 137), (218, 219), (172, 173), (83, 211)}
Obj: 30415

