Log for instance aco_tuning_out/inst18.txt.

Used ({'tau0': 9.767241690470751e-06, 'xi': 0.11665997591227979, 'q0': 0.8943962543294219, 'alpha': 1.1523918797969719, 'beta': 1.0104719425759585, 'rho': 0.28187790444783706, 'ants': 10}) and found best instance after 19.953125 seconds.
E1: {(55, 63), (25, 29), (193, 201), (243, 251), (211, 219), (20, 148), (86, 87), (70, 198), (87, 95), (1, 3), (114, 118), (129, 137), (148, 150), (147, 179), (252, 253), (132, 148), (85, 213), (14, 46), (110, 111), (45, 61), (145, 209), (6, 14), (110, 126), (193, 197), (10, 42), (249, 251), (25, 153), (90, 218), (147, 151), (151, 159), (20, 22), (22, 86), (179, 183), (17, 81), (39, 47), (19, 23), (17, 145), (129, 145), (132, 196), (1, 5), (29, 61), (213, 215), (54, 118), (10, 14), (1, 17), (47, 111), (110, 238), (32, 96), (151, 215), (249, 253), (32, 160), (55, 183), (81, 83), (145, 153), (98, 99), (6, 22), (213, 245), (46, 110), (42, 58), (23, 87), (98, 114), (25, 57), (80, 81), (66, 70), (129, 193), (218, 219), (9, 137), (179, 243), (196, 198), (19, 83), (83, 211), (22, 54), (96, 98), (209, 213)}
E2: {(133, 141), (114, 118), (148, 150), (243, 247), (25, 153), (20, 22), (112, 114), (179, 183), (234, 238), (83, 87), (97, 113), (240, 244), (32, 96), (153, 185), (32, 160), (5, 133), (80, 81), (122, 126), (55, 63), (136, 137), (243, 251), (12, 13), (70, 198), (210, 211), (132, 148), (62, 126), (249, 251), (96, 112), (154, 218), (245, 247), (97, 101), (132, 196), (24, 25), (249, 253), (145, 153), (76, 108), (66, 70), (9, 137), (54, 62), (8, 40), (211, 219), (163, 179), (86, 87), (87, 95), (8, 24), (91, 95), (12, 76), (221, 253), (8, 72), (8, 136), (172, 174), (244, 245), (76, 78), (232, 234), (110, 238), (55, 183), (108, 110), (51, 115), (46, 110), (78, 206), (218, 219), (196, 198), (115, 243), (122, 123), (62, 63), (20, 148), (108, 124), (252, 253), (83, 115), (89, 91), (22, 86), (17, 81), (46, 62), (17, 145), (54, 118), (174, 238), (184, 185), (13, 141), (81, 83), (60, 124), (142, 206), (30, 62), (113, 115), (179, 243), (83, 211)}
Obj: 41492

