Log for instance aco_tuning_out/inst30.txt.

Used ({'tau0': 7.199516623553175e-06, 'xi': 0.11757684122784635, 'q0': 0.8950304976400971, 'alpha': 1.7862372914817117, 'beta': 1.3396042945590478, 'rho': 0.08070539620138223, 'ants': 25}) and found best instance after 88.4375 seconds.
E1: {(145, 146), (81, 82), (226, 229), (39, 201), (171, 177), (84, 102), (171, 198), (198, 200), (0, 81), (201, 202), (81, 84), (30, 39), (171, 173), (173, 176), (120, 201), (25, 52), (64, 226), (155, 236), (205, 214), (196, 205), (30, 32), (128, 134), (14, 176), (146, 155), (82, 91), (202, 205), (146, 152), (202, 211), (145, 226), (128, 155), (82, 109), (202, 229), (91, 145), (195, 196), (198, 201), (52, 214)}
E2: {(166, 175), (226, 229), (39, 201), (162, 171), (55, 136), (175, 202), (171, 177), (125, 134), (171, 198), (39, 48), (100, 101), (125, 152), (201, 202), (200, 206), (136, 145), (162, 164), (20, 74), (191, 197), (58, 76), (20, 101), (164, 182), (64, 226), (125, 206), (195, 197), (164, 191), (19, 20), (197, 206), (45, 48), (55, 58), (76, 157), (0, 162), (74, 236), (145, 226), (201, 228), (135, 136), (82, 100), (82, 109), (202, 229), (91, 145), (19, 25), (82, 136), (198, 201)}
Obj: 32239

