Log for instance aco_tuning_out/inst18.txt.

Used ({'tau0': 4.060261844275314e-06, 'xi': 0.08488866370438058, 'q0': 0.7517708033130077, 'alpha': 0.7568921075953849, 'beta': 1.442677676309637, 'rho': 0.31238065733584786, 'ants': 26}) and found best instance after 60.375 seconds.
E1: {(90, 94), (81, 85), (58, 62), (150, 151), (0, 2), (128, 160), (2, 66), (1, 3), (1, 9), (110, 111), (62, 126), (14, 46), (45, 61), (6, 14), (209, 213), (238, 254), (85, 213), (197, 213), (61, 63), (147, 151), (6, 38), (31, 95), (0, 1), (31, 159), (46, 62), (10, 14), (1, 5), (2, 10), (29, 61), (213, 215), (110, 238), (151, 215), (137, 201), (107, 111), (213, 245), (99, 107), (46, 110), (94, 126), (38, 39), (80, 81), (57, 61), (0, 128), (9, 137), (252, 254), (62, 63), (31, 63), (151, 159), (54, 62)}
E2: {(168, 172), (160, 168), (72, 76), (146, 154), (108, 109), (168, 184), (163, 179), (0, 2), (128, 160), (101, 109), (112, 240), (2, 66), (82, 114), (28, 30), (252, 253), (1, 9), (115, 123), (168, 232), (14, 46), (62, 126), (146, 150), (238, 254), (82, 83), (83, 115), (82, 86), (28, 60), (245, 253), (221, 253), (0, 1), (14, 30), (40, 168), (46, 62), (10, 14), (1, 5), (2, 10), (76, 78), (110, 238), (24, 28), (146, 210), (81, 83), (81, 89), (82, 210), (108, 110), (51, 115), (76, 108), (51, 179), (46, 110), (113, 115), (112, 113), (14, 142), (80, 81), (0, 128), (252, 254), (66, 82), (54, 62)}
Obj: 28195

