Log for instance aco_tuning_out/inst21.txt.

Used ({'tau0': 4.060261844275314e-06, 'xi': 0.08488866370438058, 'q0': 0.7517708033130077, 'alpha': 0.7568921075953849, 'beta': 1.442677676309637, 'rho': 0.31238065733584786, 'ants': 26}) and found best instance after 38.828125 seconds.
E1: {(163, 164), (68, 149), (39, 201), (14, 68), (171, 177), (66, 228), (217, 223), (171, 198), (39, 66), (30, 39), (171, 173), (30, 48), (163, 166), (164, 173), (135, 137), (66, 68), (164, 182), (173, 200), (30, 32), (45, 48), (163, 217), (146, 149), (137, 146), (64, 67), (146, 152), (66, 67), (198, 201)}
E2: {(83, 110), (43, 205), (39, 201), (54, 135), (20, 23), (0, 54), (22, 23), (64, 145), (29, 32), (199, 205), (29, 47), (20, 47), (109, 110), (151, 152), (39, 66), (145, 151), (72, 78), (120, 201), (36, 198), (22, 25), (209, 236), (66, 68), (118, 145), (198, 199), (29, 110), (196, 205), (205, 214), (27, 36), (151, 160), (196, 223), (27, 54), (91, 118), (54, 72), (211, 214), (59, 68), (199, 200), (47, 209), (83, 89), (195, 196), (118, 199), (27, 29), (45, 47), (157, 160), (198, 201), (20, 182)}
Obj: 29075

