Log for instance aco_tuning_out/inst03.txt.

Used ({'tau0': 4.5971794894411765e-06, 'xi': 0.07935886436067696, 'q0': 0.6133148179425765, 'alpha': 0.959591163017489, 'beta': 1.7442602148622774, 'rho': 0.32248764047634604, 'ants': 29}) and found best instance after 142.15625 seconds.
E1: {(204, 220), (196, 228), (155, 187), (101, 103), (211, 219), (147, 155), (228, 244), (39, 103), (210, 211), (17, 21), (187, 191), (4, 36), (206, 207), (224, 228), (202, 206), (65, 97), (220, 221), (147, 151), (92, 220), (20, 22), (4, 20), (97, 101), (17, 81), (204, 206), (155, 219), (149, 151), (9, 25), (68, 196), (65, 81), (24, 25), (240, 244), (81, 83), (175, 191), (20, 21), (4, 68), (25, 57), (81, 113), (103, 119), (135, 151), (196, 204), (17, 25), (83, 211), (21, 53), (195, 211), (22, 54), (224, 232)}
E2: {(128, 136), (136, 137), (177, 181), (32, 34), (132, 164), (32, 40), (154, 158), (107, 235), (98, 226), (15, 143), (43, 107), (181, 245), (164, 180), (216, 218), (210, 211), (17, 21), (196, 197), (36, 37), (34, 98), (5, 37), (37, 45), (158, 222), (160, 164), (32, 33), (192, 196), (32, 36), (32, 48), (5, 21), (31, 159), (17, 81), (143, 159), (132, 196), (32, 160), (128, 192), (137, 201), (98, 99), (180, 181), (164, 166), (81, 83), (107, 111), (99, 107), (164, 172), (98, 114), (107, 123), (150, 158), (218, 222), (0, 128), (9, 137), (210, 218), (196, 198), (83, 211), (158, 159), (31, 63)}
Obj: 29830

