Log for instance aco_tuning_out/inst09.txt.

Used ({'tau0': 7.0057149642065636e-06, 'xi': 0.149252803480768, 'q0': 0.4567360890655719, 'alpha': 0.7950975145067807, 'beta': 0.7667552217352966, 'rho': 0.11974195928540937, 'ants': 28}) and found best instance after 298.921875 seconds.
E1: {(3, 4), (84, 87), (160, 241), (87, 89), (93, 120), (135, 138), (84, 93), (84, 102), (16, 178), (236, 242), (13, 14), (240, 242), (223, 241), (232, 241), (84, 138), (16, 43), (241, 242), (13, 16), (4, 166), (78, 240), (4, 13), (178, 232), (0, 3), (3, 84), (157, 160), (177, 178)}
E2: {(106, 133), (3, 4), (98, 107), (18, 20), (5, 59), (93, 120), (87, 89), (130, 133), (87, 168), (98, 152), (106, 187), (130, 157), (168, 177), (4, 5), (133, 134), (168, 195), (166, 169), (20, 101), (106, 107), (169, 187), (4, 166), (130, 211), (25, 106), (169, 223), (101, 107), (87, 96), (0, 3), (18, 45), (5, 32), (93, 96), (168, 169)}
Obj: 24871

