Log for instance aco_tuning_out/inst21.txt.

Used ({'tau0': 1.6439317200303233e-06, 'xi': 0.07746694961935612, 'q0': 0.6106338054732293, 'alpha': 1.8489351800014946, 'beta': 0.9702307798494468, 'rho': 0.2665529796010956, 'ants': 30}) and found best instance after 15.3125 seconds.
E1: {(38, 200), (39, 201), (54, 135), (14, 68), (66, 228), (38, 41), (40, 41), (38, 65), (39, 66), (64, 65), (58, 61), (182, 185), (58, 67), (66, 68), (85, 139), (27, 36), (174, 177), (40, 67), (27, 45), (23, 185), (27, 54), (85, 166), (41, 50), (32, 41), (71, 152), (174, 201), (58, 139), (65, 68), (65, 71), (36, 38), (23, 50), (61, 223)}
E2: {(72, 73), (38, 200), (101, 155), (18, 20), (5, 59), (118, 119), (208, 211), (190, 199), (38, 41), (199, 205), (40, 41), (101, 182), (100, 101), (190, 208), (5, 86), (152, 233), (72, 75), (72, 78), (103, 157), (86, 89), (118, 121), (135, 137), (20, 101), (31, 40), (31, 34), (100, 103), (19, 20), (196, 205), (27, 36), (109, 118), (120, 121), (27, 45), (37, 43), (196, 223), (21, 75), (18, 21), (137, 146), (119, 128), (146, 155), (205, 232), (33, 34), (91, 118), (64, 73), (32, 41), (182, 236), (128, 155), (37, 199), (19, 25), (118, 199), (37, 40), (36, 38), (83, 86), (0, 18), (33, 195), (83, 101), (232, 233)}
Obj: 33119

