Log for instance aco_tuning_out/inst18.txt.

Used ({'tau0': 7.812894719628246e-06, 'xi': 0.0766649900567211, 'q0': 0.3937027431240757, 'alpha': 1.3517471324904988, 'beta': 1.9563494025351882, 'rho': 0.17338412974172868, 'ants': 20}) and found best instance after 201.1875 seconds.
E1: {(136, 137), (25, 29), (128, 136), (81, 85), (99, 103), (82, 90), (58, 62), (150, 151), (39, 103), (128, 160), (252, 253), (1, 9), (1, 3), (85, 213), (62, 126), (197, 213), (6, 70), (82, 83), (147, 151), (245, 253), (29, 31), (31, 95), (31, 159), (39, 47), (46, 62), (1, 5), (213, 215), (9, 25), (47, 111), (151, 215), (110, 238), (137, 201), (47, 63), (81, 83), (54, 62), (213, 245), (46, 110), (25, 57), (80, 81), (66, 70), (9, 137), (66, 82), (62, 63), (45, 47), (31, 63), (151, 159), (209, 213)}
E2: {(168, 172), (160, 168), (154, 158), (168, 184), (60, 62), (72, 88), (163, 179), (112, 240), (28, 30), (252, 253), (1, 9), (172, 236), (78, 110), (115, 123), (30, 158), (62, 126), (168, 232), (110, 126), (82, 83), (25, 89), (83, 115), (82, 86), (28, 60), (245, 253), (221, 253), (112, 114), (97, 101), (142, 158), (40, 168), (1, 5), (236, 238), (97, 113), (9, 25), (24, 25), (88, 89), (110, 238), (24, 28), (81, 83), (108, 110), (81, 89), (82, 210), (51, 115), (51, 179), (113, 115), (112, 113), (150, 158), (80, 81), (66, 82), (236, 252), (54, 62)}
Obj: 27611

