Log for instance aco_tuning_out/inst24.txt.

Used ({'tau0': 1.6439317200303233e-06, 'xi': 0.07746694961935612, 'q0': 0.6106338054732293, 'alpha': 1.8489351800014946, 'beta': 0.9702307798494468, 'rho': 0.2665529796010956, 'ants': 30}) and found best instance after 17.9375 seconds.
E1: {(76, 92), (90, 91), (42, 106), (99, 103), (15, 143), (146, 154), (107, 235), (0, 2), (112, 240), (146, 178), (252, 253), (121, 249), (186, 250), (40, 56), (211, 243), (56, 58), (249, 251), (146, 147), (10, 42), (58, 186), (128, 144), (12, 76), (221, 253), (15, 47), (89, 91), (144, 146), (112, 120), (143, 159), (2, 10), (47, 111), (235, 251), (88, 89), (249, 253), (120, 121), (88, 92), (56, 57), (89, 121), (130, 162), (147, 211), (2, 34), (139, 143), (76, 108), (107, 111), (162, 178), (43, 47), (99, 107), (71, 103), (42, 58), (141, 143), (0, 128), (186, 190), (45, 47), (160, 162), (56, 120)}
E2: {(183, 191), (55, 63), (42, 106), (90, 94), (196, 228), (162, 226), (237, 253), (0, 2), (146, 178), (1, 3), (121, 249), (187, 191), (91, 95), (189, 191), (34, 162), (53, 181), (93, 95), (94, 222), (16, 144), (146, 147), (10, 42), (188, 189), (180, 188), (181, 183), (162, 170), (221, 253), (191, 255), (89, 91), (170, 171), (165, 181), (178, 242), (10, 11), (114, 242), (0, 16), (1, 5), (198, 199), (2, 10), (214, 222), (199, 231), (249, 253), (120, 121), (198, 214), (85, 93), (89, 121), (55, 183), (162, 166), (2, 34), (171, 175), (3, 11), (162, 178), (60, 188), (171, 187), (94, 95), (195, 199), (196, 198), (189, 253)}
Obj: 31108

