Log for instance aco_tuning_out/inst12.txt.

Used ({'tau0': 8.93751488559124e-06, 'xi': 0.07498280708831719, 'q0': 0.7003533283222684, 'alpha': 1.84655149702223, 'beta': 0.36999618301213544, 'rho': 0.353807119950786, 'ants': 24}) and found best instance after 9.265625 seconds.
E1: {(166, 175), (81, 82), (185, 188), (43, 205), (39, 201), (175, 202), (176, 185), (84, 102), (171, 198), (39, 48), (195, 204), (174, 175), (115, 196), (83, 164), (171, 173), (82, 83), (81, 84), (182, 185), (164, 173), (134, 215), (50, 212), (39, 120), (196, 205), (175, 176), (109, 115), (45, 48), (91, 100), (201, 204), (202, 211), (32, 50), (174, 201), (82, 100), (0, 3), (3, 84), (188, 215), (204, 205), (83, 89), (212, 215), (198, 201)}
E2: {(39, 201), (28, 55), (99, 100), (55, 136), (175, 202), (29, 32), (116, 134), (176, 185), (171, 198), (236, 239), (16, 178), (205, 206), (185, 239), (151, 152), (39, 66), (89, 116), (200, 206), (83, 164), (171, 173), (82, 83), (223, 241), (232, 241), (16, 25), (79, 160), (99, 102), (157, 238), (164, 173), (36, 198), (78, 79), (66, 68), (116, 197), (28, 29), (238, 241), (175, 176), (197, 206), (36, 45), (175, 178), (174, 177), (151, 160), (82, 85), (55, 64), (85, 166), (205, 232), (202, 205), (202, 211), (59, 68), (174, 201), (135, 136), (82, 100), (82, 109), (79, 241), (83, 89), (43, 205), (174, 176), (82, 136)}
Obj: 35580

