Log for instance aco_tuning_out/inst12.txt.

Used ({'tau0': 4.4510989038433445e-06, 'xi': 0.08945606202546638, 'q0': 0.47345622448593194, 'alpha': 1.2900775735272525, 'beta': 0.7464788134566036, 'rho': 0.4234734074527042, 'ants': 18}) and found best instance after 8.40625 seconds.
E1: {(81, 82), (33, 42), (39, 201), (45, 126), (99, 100), (184, 211), (29, 32), (101, 182), (100, 101), (0, 81), (85, 88), (117, 126), (136, 145), (99, 102), (126, 128), (81, 99), (36, 198), (99, 126), (100, 103), (103, 184), (36, 42), (39, 120), (27, 36), (88, 89), (128, 134), (42, 43), (117, 198), (82, 85), (85, 166), (82, 109), (91, 145), (33, 195), (27, 29), (82, 136), (198, 201)}
E2: {(43, 205), (81, 82), (212, 239), (39, 201), (212, 215), (166, 193), (78, 80), (84, 102), (236, 239), (198, 200), (39, 66), (71, 80), (223, 232), (81, 84), (30, 39), (156, 157), (21, 24), (36, 198), (177, 204), (3, 21), (66, 68), (3, 30), (134, 215), (68, 71), (205, 214), (196, 205), (213, 215), (30, 32), (36, 45), (88, 89), (66, 147), (24, 25), (81, 135), (193, 196), (64, 67), (82, 88), (59, 68), (205, 232), (71, 152), (193, 211), (147, 156), (82, 109), (3, 84), (66, 67), (204, 205), (213, 214), (198, 204), (198, 201)}
Obj: 33341

