Log for instance aco_tuning_out/inst12.txt.

Used ({'tau0': 1.7311092028219667e-06, 'xi': 0.08252852050291277, 'q0': 0.30102382451999166, 'alpha': 1.4307200972470873, 'beta': 1.366990204180299, 'rho': 0.3910589486840866, 'ants': 12}) and found best instance after 5.5625 seconds.
E1: {(111, 120), (81, 82), (166, 175), (84, 87), (175, 202), (87, 89), (125, 134), (101, 182), (84, 111), (100, 101), (205, 206), (172, 175), (0, 81), (30, 33), (81, 84), (30, 39), (125, 206), (100, 103), (36, 39), (30, 32), (102, 103), (36, 45), (82, 91), (109, 136), (30, 111), (193, 202), (202, 205), (193, 211), (82, 100), (33, 195), (43, 205), (82, 136), (91, 172)}
E2: {(43, 205), (166, 175), (231, 240), (58, 59), (54, 135), (55, 136), (20, 23), (237, 238), (31, 32), (73, 154), (116, 134), (50, 131), (176, 185), (100, 101), (236, 242), (152, 233), (198, 200), (89, 107), (103, 130), (240, 242), (154, 157), (136, 145), (73, 74), (102, 183), (204, 231), (183, 185), (20, 74), (145, 154), (237, 240), (58, 76), (20, 101), (113, 116), (100, 103), (19, 20), (31, 58), (175, 176), (113, 131), (109, 112), (177, 231), (130, 211), (72, 74), (224, 233), (73, 76), (23, 185), (224, 242), (54, 72), (55, 64), (220, 223), (78, 240), (74, 236), (45, 72), (101, 107), (220, 238), (19, 25), (204, 205), (31, 112), (198, 204), (23, 50)}
Obj: 35536

