Log for instance aco_tuning_out/inst03.txt.

Used ({'tau0': 4.854876741746394e-06, 'xi': 0.1452545140568255, 'q0': 0.42195591018398276, 'alpha': 0.3555439034289861, 'beta': 0.8668501148752592, 'rho': 0.11887721475075397, 'ants': 32}) and found best instance after 225.8125 seconds.
E1: {(113, 117), (100, 101), (57, 185), (185, 187), (147, 151), (101, 117), (115, 119), (149, 151), (65, 193), (68, 100), (210, 211), (224, 240), (202, 203), (217, 219), (24, 25), (37, 53), (52, 53), (217, 221), (76, 92), (200, 201), (193, 195), (211, 219), (135, 199), (187, 191), (37, 39), (224, 228), (76, 204), (9, 25), (100, 228), (147, 211), (200, 232), (143, 207), (195, 199), (224, 232), (193, 201), (36, 37), (53, 117), (143, 175), (201, 217), (52, 54), (20, 52), (200, 202), (175, 191), (203, 207), (113, 115), (25, 57), (200, 204)}
E2: {(177, 181), (181, 245), (210, 214), (5, 37), (63, 191), (32, 160), (0, 128), (16, 17), (136, 137), (98, 226), (0, 32), (32, 48), (214, 222), (33, 37), (37, 53), (128, 192), (198, 214), (98, 114), (9, 137), (132, 134), (159, 191), (32, 34), (136, 152), (107, 235), (134, 198), (43, 107), (43, 171), (187, 191), (34, 98), (128, 132), (193, 197), (32, 36), (134, 166), (136, 138), (137, 201), (180, 181), (107, 123), (16, 48), (136, 168), (134, 150), (128, 136), (168, 172), (193, 201), (32, 40), (13, 45), (36, 37), (53, 181), (9, 13), (138, 154), (98, 99), (107, 111), (99, 107), (171, 187), (152, 216), (13, 15)}
Obj: 30861

