Log for instance aco_tuning_out/inst27.txt.

Used ({'tau_0': 8.753936472387218e-06, 'xi': 0.09720016068128765, 'q0': 0.8231293796694477, 'alpha': 0.5431396504147108, 'beta': 1.6359800101718294, 'rho': 0.1536282766541045, 'ants': 15}) and found best instance after 18.25 seconds.
E1: {(154, 155), (196, 228), (243, 251), (146, 154), (155, 187), (52, 116), (23, 31), (155, 159), (2, 130), (132, 148), (110, 111), (249, 251), (209, 213), (62, 190), (36, 52), (52, 54), (142, 143), (29, 31), (221, 253), (52, 60), (144, 146), (39, 47), (31, 159), (143, 159), (27, 155), (187, 251), (213, 215), (213, 221), (47, 111), (132, 196), (110, 238), (249, 253), (47, 63), (2, 34), (43, 47), (113, 115), (144, 148), (2, 3), (115, 243), (196, 204), (130, 146), (62, 63), (30, 31), (31, 63), (250, 251), (54, 62)}
E2: {(58, 59), (132, 164), (243, 251), (125, 253), (216, 218), (101, 109), (253, 255), (56, 58), (132, 148), (249, 251), (240, 242), (6, 14), (109, 125), (146, 147), (10, 42), (147, 151), (202, 218), (221, 253), (14, 15), (144, 146), (14, 30), (31, 159), (48, 56), (10, 14), (115, 119), (123, 251), (13, 15), (56, 57), (249, 253), (13, 141), (218, 250), (59, 123), (250, 251), (164, 166), (226, 242), (42, 58), (144, 148), (115, 243), (242, 250), (109, 111), (30, 31), (151, 159)}
Obj: 25021

