Log for instance aco_tuning_out/inst27.txt.

Used ({'tau_0': 5.449825531692064e-06, 'xi': 0.10463551100918586, 'q0': 0.3791032022582517, 'alpha': 1.5968901194470106, 'beta': 0.6682022659911173, 'rho': 0.3643260630360847, 'ants': 18}) and found best instance after 8.53125 seconds.
E1: {(204, 220), (35, 39), (116, 244), (215, 247), (152, 154), (228, 244), (23, 31), (252, 253), (186, 250), (220, 252), (221, 223), (34, 98), (27, 31), (184, 186), (102, 110), (110, 111), (152, 184), (116, 118), (116, 124), (142, 143), (245, 247), (245, 253), (221, 253), (29, 31), (248, 249), (248, 252), (31, 95), (113, 241), (176, 184), (95, 223), (31, 159), (143, 159), (39, 47), (244, 245), (132, 196), (54, 118), (36, 100), (144, 176), (47, 111), (110, 238), (241, 249), (102, 118), (60, 124), (98, 102), (35, 43), (186, 187), (209, 241), (186, 190), (3, 35), (196, 204), (100, 102), (30, 31), (31, 63), (184, 248)}
E2: {(111, 239), (243, 251), (58, 62), (12, 13), (99, 115), (125, 253), (101, 109), (176, 240), (202, 234), (48, 176), (238, 239), (110, 111), (14, 46), (109, 125), (6, 14), (220, 221), (180, 182), (142, 143), (147, 151), (99, 227), (221, 253), (14, 15), (216, 220), (49, 113), (234, 238), (143, 159), (46, 62), (10, 14), (239, 255), (115, 119), (234, 250), (123, 251), (144, 176), (226, 227), (13, 141), (166, 182), (12, 14), (107, 111), (99, 107), (46, 110), (30, 62), (113, 115), (14, 142), (48, 49), (176, 180), (49, 57), (109, 111), (227, 243), (151, 159)}
Obj: 31183

