Log for instance aco_tuning_out/inst15.txt.

Used ({'tau_0': 3.986574795084688e-06, 'xi': 0.12869898263116974, 'q0': 0.7324104580466773, 'alpha': 0.38736117587741714, 'beta': 0.6247624947394189, 'rho': 0.4525392981526261, 'ants': 9}) and found best instance after 6.953125 seconds.
E1: {(43, 205), (226, 229), (175, 202), (180, 186), (228, 229), (199, 205), (195, 213), (186, 213), (157, 238), (213, 240), (180, 182), (64, 226), (205, 214), (78, 240), (91, 118), (82, 91), (202, 205), (229, 238), (199, 200), (82, 109), (202, 229), (213, 214), (118, 199), (175, 178), (177, 178)}
E2: {(43, 205), (166, 175), (33, 42), (226, 229), (39, 201), (14, 68), (175, 202), (66, 228), (116, 134), (75, 78), (66, 75), (135, 153), (109, 110), (198, 200), (30, 33), (39, 66), (201, 202), (89, 116), (72, 75), (209, 215), (21, 24), (209, 236), (66, 68), (64, 226), (134, 215), (182, 209), (205, 214), (30, 32), (24, 25), (174, 177), (110, 116), (21, 75), (18, 21), (42, 43), (202, 205), (211, 214), (59, 68), (45, 72), (72, 153), (174, 201), (202, 229), (33, 195), (214, 215), (0, 18), (198, 201)}
Obj: 28155

