Log for instance aco_tuning_out/inst03.txt.

Used ({'tau0': 6.916816029978271e-06, 'xi': 0.13109583259981678, 'q0': 0.7096508529113955, 'alpha': 0.8294099029859726, 'beta': 1.23731470593669, 'rho': 0.12314043168046776, 'ants': 23}) and found best instance after 128.875 seconds.
E1: {(76, 92), (211, 219), (12, 13), (4, 12), (133, 135), (210, 211), (187, 191), (4, 36), (36, 37), (37, 39), (54, 55), (205, 221), (76, 204), (224, 228), (143, 175), (65, 97), (224, 240), (202, 203), (12, 76), (4, 20), (135, 143), (133, 149), (97, 101), (9, 13), (97, 113), (9, 25), (53, 55), (24, 25), (200, 202), (37, 53), (55, 119), (175, 191), (203, 207), (147, 211), (4, 68), (203, 219), (200, 232), (143, 207), (25, 57), (205, 207), (204, 205), (37, 101), (195, 211), (224, 232)}
E2: {(210, 242), (193, 201), (15, 143), (154, 158), (32, 34), (107, 235), (32, 40), (43, 107), (180, 244), (216, 218), (36, 37), (1, 9), (148, 150), (5, 37), (158, 222), (37, 45), (132, 148), (174, 175), (166, 174), (192, 193), (160, 161), (143, 175), (128, 132), (193, 197), (59, 63), (32, 36), (1, 33), (148, 180), (32, 48), (0, 1), (143, 159), (114, 242), (1, 5), (172, 174), (244, 245), (132, 196), (161, 177), (1, 17), (63, 191), (128, 192), (32, 160), (175, 191), (59, 123), (107, 111), (226, 242), (99, 107), (43, 59), (150, 158), (218, 222), (0, 128), (210, 218), (196, 198), (158, 159)}
Obj: 29579

