Log for instance aco_tuning_out/inst21.txt.

Used ({'tau0': 6.013615341921658e-06, 'xi': 0.14211938125893342, 'q0': 0.3248975661404837, 'alpha': 1.1289454136305503, 'beta': 1.4285276537384943, 'rho': 0.3107997616316016, 'ants': 20}) and found best instance after 23.90625 seconds.
E1: {(166, 175), (162, 171), (171, 177), (203, 230), (176, 185), (171, 198), (152, 233), (63, 64), (176, 203), (162, 216), (223, 232), (200, 203), (171, 173), (173, 176), (182, 185), (36, 198), (135, 216), (41, 203), (175, 176), (36, 45), (14, 176), (36, 63), (228, 230), (32, 41), (230, 233), (232, 233)}
E2: {(43, 205), (145, 146), (18, 72), (63, 144), (18, 20), (20, 26), (135, 144), (89, 98), (63, 64), (121, 148), (98, 152), (115, 196), (145, 148), (200, 203), (72, 78), (202, 203), (144, 146), (41, 203), (121, 202), (196, 205), (109, 115), (120, 121), (196, 223), (63, 72), (202, 205), (146, 152), (32, 41), (202, 211), (182, 236), (45, 72), (32, 59), (91, 145), (195, 196), (0, 18), (148, 157), (20, 182), (25, 26)}
Obj: 27362

