Log for instance aco_tuning_out/inst30.txt.

Used ({'tau0': 2.760703391532889e-06, 'xi': 0.11284095755067615, 'q0': 0.39431429333058177, 'alpha': 1.2851296972235255, 'beta': 1.3966465894197229, 'rho': 0.20591685095973755, 'ants': 13}) and found best instance after 11.234375 seconds.
E1: {(123, 204), (162, 171), (226, 235), (175, 202), (162, 168), (171, 177), (199, 202), (171, 198), (14, 95), (199, 226), (35, 197), (200, 206), (102, 183), (168, 186), (168, 195), (25, 52), (35, 53), (64, 226), (204, 206), (35, 62), (198, 199), (235, 236), (197, 206), (109, 118), (183, 186), (32, 35), (53, 134), (91, 118), (94, 175), (202, 211), (0, 162), (62, 143), (52, 53), (143, 152), (118, 199), (198, 204), (94, 95), (120, 123)}
E2: {(72, 73), (54, 135), (73, 154), (179, 233), (167, 176), (19, 73), (162, 189), (227, 233), (134, 161), (152, 233), (227, 236), (157, 160), (160, 161), (10, 91), (154, 160), (189, 195), (136, 154), (176, 230), (27, 189), (200, 227), (19, 20), (166, 167), (27, 45), (177, 179), (27, 54), (64, 73), (54, 72), (228, 230), (109, 136), (0, 162), (152, 161), (19, 25), (10, 19), (230, 233), (20, 182)}
Obj: 32969

