Log for instance aco_tuning_out/inst15.txt.

Used ({'tau_0': 1.6439317200303233e-06, 'xi': 0.07746694961935612, 'q0': 0.6106338054732293, 'alpha': 1.8489351800014946, 'beta': 0.9702307798494468, 'rho': 0.2665529796010956, 'ants': 30}) and found best instance after 14.390625 seconds.
E1: {(226, 229), (119, 200), (171, 177), (118, 119), (228, 229), (171, 180), (153, 156), (153, 159), (171, 225), (213, 240), (156, 157), (180, 182), (225, 226), (64, 226), (118, 145), (205, 214), (196, 205), (109, 118), (78, 240), (91, 118), (202, 205), (145, 226), (202, 229), (159, 240), (213, 214), (195, 196), (43, 205)}
E2: {(83, 110), (81, 82), (166, 175), (226, 229), (14, 68), (119, 200), (175, 202), (118, 119), (66, 228), (78, 80), (38, 41), (199, 226), (0, 81), (83, 164), (82, 83), (164, 173), (77, 80), (177, 204), (173, 182), (66, 68), (64, 226), (38, 119), (196, 205), (68, 77), (27, 36), (109, 118), (110, 119), (26, 80), (81, 135), (128, 134), (27, 45), (202, 205), (202, 211), (32, 41), (110, 128), (59, 68), (182, 236), (41, 68), (202, 229), (83, 89), (204, 205), (118, 199), (195, 196), (36, 38), (43, 205), (25, 26)}
Obj: 27928

