Log for instance aco_tuning_out/inst27.txt.

Used ({'tau_0': 3.5413625395276035e-06, 'xi': 0.13677021617214064, 'q0': 0.40454797157881806, 'alpha': 1.9054287973649844, 'beta': 1.2761266989533575, 'rho': 0.43117638553854254, 'ants': 24}) and found best instance after 11.203125 seconds.
E1: {(204, 220), (7, 23), (154, 158), (132, 164), (188, 190), (156, 158), (43, 107), (216, 218), (23, 31), (156, 188), (121, 249), (27, 31), (30, 158), (102, 110), (249, 251), (100, 116), (145, 209), (110, 111), (10, 42), (220, 221), (164, 228), (216, 220), (144, 152), (142, 158), (152, 156), (28, 156), (46, 62), (34, 42), (187, 251), (28, 29), (2, 10), (36, 100), (36, 164), (110, 238), (151, 215), (218, 250), (42, 46), (107, 111), (156, 220), (60, 188), (46, 110), (144, 145), (23, 151), (7, 39), (113, 121), (2, 3), (100, 102), (62, 63), (30, 31), (31, 63), (250, 251), (54, 62)}
E2: {(128, 136), (243, 251), (220, 222), (216, 218), (101, 109), (176, 240), (251, 255), (121, 249), (48, 176), (198, 206), (249, 251), (109, 125), (6, 14), (10, 42), (206, 222), (220, 221), (128, 144), (198, 230), (12, 76), (202, 218), (12, 140), (14, 15), (121, 123), (103, 111), (14, 30), (10, 14), (17, 145), (76, 78), (144, 176), (226, 230), (145, 147), (218, 250), (12, 14), (42, 58), (144, 145), (78, 206), (25, 57), (218, 222), (121, 125), (103, 119), (140, 141), (17, 25), (109, 111), (166, 230), (250, 251), (136, 140)}
Obj: 28878

