Log for instance aco_tuning_out/inst24.txt.

Used ({'tau0': 6.544509853368331e-06, 'xi': 0.05105112966369988, 'q0': 0.3218040775925436, 'alpha': 1.317829237345747, 'beta': 0.4388545186115663, 'rho': 0.34888292737798793, 'ants': 30}) and found best instance after 20.78125 seconds.
E1: {(76, 92), (42, 106), (243, 251), (12, 13), (13, 45), (152, 154), (0, 2), (252, 253), (186, 250), (2, 130), (11, 139), (249, 251), (240, 248), (45, 61), (58, 186), (90, 218), (12, 76), (221, 253), (248, 249), (70, 78), (144, 152), (31, 159), (34, 42), (76, 78), (235, 251), (249, 253), (130, 162), (13, 141), (42, 43), (218, 250), (2, 34), (11, 43), (15, 31), (76, 108), (70, 71), (42, 58), (40, 42), (154, 186), (57, 61), (186, 190), (11, 15), (13, 15), (160, 162), (250, 251)}
E2: {(98, 226), (164, 165), (20, 148), (178, 179), (187, 191), (147, 179), (251, 255), (179, 187), (121, 249), (53, 181), (249, 251), (231, 239), (164, 228), (21, 85), (181, 183), (90, 218), (98, 106), (52, 60), (165, 181), (5, 21), (179, 183), (203, 235), (187, 251), (20, 52), (2, 10), (195, 203), (235, 251), (63, 191), (217, 249), (120, 121), (89, 121), (175, 191), (180, 181), (50, 114), (164, 166), (237, 239), (50, 178), (218, 250), (2, 34), (52, 53), (98, 114), (144, 148), (217, 221), (218, 222), (21, 53), (34, 50), (250, 251), (175, 239)}
Obj: 27446

