Log for instance aco_tuning_out/inst30.txt.

Used ({'tau0': 5.726334506587264e-06, 'xi': 0.09378720394945064, 'q0': 0.4650245999867171, 'alpha': 1.6109205787989367, 'beta': 0.9785683305047798, 'rho': 0.3960780669283891, 'ants': 24}) and found best instance after 10.703125 seconds.
E1: {(145, 146), (68, 149), (14, 68), (55, 136), (147, 149), (110, 191), (99, 100), (69, 71), (29, 32), (120, 147), (1, 55), (25, 187), (131, 134), (189, 191), (15, 69), (140, 149), (218, 236), (140, 158), (145, 148), (136, 145), (148, 229), (131, 158), (99, 102), (191, 200), (0, 1), (238, 241), (68, 71), (191, 218), (91, 100), (110, 113), (113, 140), (146, 149), (55, 64), (109, 136), (146, 152), (229, 238), (187, 241), (211, 238), (15, 177), (91, 145), (189, 195), (29, 191)}
E2: {(166, 175), (145, 146), (39, 201), (128, 209), (175, 202), (55, 136), (66, 228), (1, 55), (135, 144), (144, 153), (234, 236), (25, 187), (189, 191), (39, 66), (201, 202), (149, 158), (136, 145), (180, 234), (177, 186), (180, 182), (36, 198), (191, 200), (144, 146), (186, 240), (0, 1), (191, 209), (36, 39), (157, 158), (153, 234), (36, 45), (128, 134), (146, 149), (146, 155), (55, 64), (109, 136), (146, 152), (128, 155), (186, 187), (234, 240), (91, 145), (189, 195), (189, 198)}
Obj: 34197

