Log for instance aco_tuning_out/inst30.txt.

Used ({'tau0': 1.774794369235601e-06, 'xi': 0.05178086251934671, 'q0': 0.765199417754037, 'alpha': 1.7110920267750438, 'beta': 1.3090193389783644, 'rho': 0.2964096563219366, 'ants': 12}) and found best instance after 4.390625 seconds.
E1: {(33, 42), (39, 201), (162, 171), (20, 23), (118, 119), (159, 160), (208, 211), (190, 199), (29, 38), (29, 32), (40, 41), (171, 198), (190, 208), (227, 236), (151, 152), (64, 65), (21, 183), (72, 75), (83, 164), (102, 183), (120, 201), (164, 173), (36, 198), (200, 227), (20, 101), (36, 39), (38, 119), (19, 20), (36, 42), (153, 234), (109, 118), (174, 177), (72, 74), (174, 183), (13, 22), (151, 160), (110, 119), (21, 75), (128, 134), (91, 118), (0, 162), (21, 23), (13, 40), (110, 128), (173, 227), (72, 153), (174, 201), (234, 240), (159, 240), (19, 25), (118, 199), (19, 22), (65, 74), (36, 38), (33, 195), (14, 41), (83, 101)}
E2: {(83, 110), (81, 82), (226, 232), (3, 4), (4, 58), (162, 171), (162, 165), (20, 23), (118, 119), (66, 228), (207, 209), (83, 137), (20, 47), (66, 75), (45, 46), (186, 213), (83, 164), (81, 84), (82, 83), (171, 173), (209, 215), (165, 166), (72, 75), (177, 186), (164, 173), (46, 47), (58, 76), (209, 236), (153, 155), (210, 213), (200, 227), (172, 226), (135, 137), (64, 226), (19, 20), (196, 205), (205, 214), (155, 161), (109, 118), (110, 119), (76, 157), (128, 134), (21, 75), (91, 118), (171, 172), (205, 232), (173, 227), (110, 128), (21, 23), (0, 162), (72, 153), (128, 155), (207, 210), (152, 161), (3, 84), (19, 25), (195, 196), (214, 215), (20, 182)}
Obj: 42766

