Log for instance aco_tuning_out/inst09.txt.

Used ({'tau0': 5.498217034018323e-06, 'xi': 0.07476910638285614, 'q0': 0.4717218972346363, 'alpha': 1.947841791710605, 'beta': 1.831830451033867, 'rho': 0.12093333427234658, 'ants': 15}) and found best instance after 22.359375 seconds.
E1: {(84, 87), (162, 168), (151, 232), (78, 80), (87, 89), (148, 151), (84, 102), (234, 236), (87, 168), (14, 95), (85, 94), (121, 148), (162, 216), (223, 232), (168, 177), (79, 160), (94, 148), (135, 216), (79, 80), (120, 121), (151, 160), (85, 166), (205, 232), (0, 162), (84, 85), (216, 234), (43, 205), (148, 157), (94, 95)}
E2: {(58, 59), (162, 165), (162, 171), (165, 167), (171, 177), (139, 157), (184, 211), (171, 198), (167, 185), (25, 187), (134, 161), (184, 238), (161, 242), (189, 198), (185, 239), (58, 220), (117, 120), (223, 232), (86, 89), (139, 220), (45, 207), (166, 167), (184, 185), (117, 198), (229, 232), (0, 162), (229, 238), (220, 229), (239, 242), (32, 59), (152, 161), (86, 167), (189, 195), (198, 207), (184, 187)}
Obj: 27301

