Log for instance aco_tuning_out/inst06.txt.

Used ({'tau0': 8.037069826251222e-06, 'xi': 0.09645020294268639, 'q0': 0.6378636958577493, 'alpha': 1.5874523603304216, 'beta': 1.117749324798499, 'rho': 0.3122873583242921, 'ants': 22}) and found best instance after 17.03125 seconds.
E1: {(133, 135), (206, 238), (52, 180), (237, 253), (133, 141), (210, 214), (82, 114), (11, 75), (83, 91), (212, 214), (206, 207), (174, 175), (85, 213), (166, 174), (14, 46), (192, 196), (6, 14), (174, 190), (82, 83), (105, 109), (206, 222), (212, 244), (21, 85), (221, 253), (89, 91), (129, 133), (234, 238), (39, 47), (212, 213), (172, 174), (28, 29), (85, 87), (213, 221), (232, 234), (214, 222), (174, 238), (109, 237), (45, 173), (249, 253), (130, 162), (198, 214), (162, 166), (240, 244), (24, 28), (82, 210), (3, 11), (52, 53), (173, 175), (21, 29), (46, 174), (23, 87), (78, 206), (196, 198), (141, 173), (45, 47), (21, 53), (75, 91)}
E2: {(90, 91), (193, 195), (193, 201), (188, 190), (101, 103), (180, 244), (70, 198), (0, 2), (64, 96), (40, 44), (193, 225), (103, 231), (196, 197), (1, 3), (156, 188), (187, 191), (91, 95), (196, 212), (96, 97), (64, 68), (193, 197), (212, 244), (44, 108), (180, 188), (188, 189), (89, 91), (170, 171), (31, 95), (36, 44), (97, 101), (31, 159), (1, 5), (244, 245), (132, 196), (230, 231), (1, 17), (226, 230), (175, 191), (163, 171), (2, 34), (76, 108), (190, 191), (171, 187), (0, 64), (129, 193), (66, 70), (103, 119), (2, 3), (196, 198), (97, 225), (2, 18), (166, 230), (68, 76), (159, 191)}
Obj: 33685

