Log for instance aco_tuning_out/inst12.txt.

Used ({'tau0': 7.103605161777611e-06, 'xi': 0.13387993202949272, 'q0': 0.5522845785971021, 'alpha': 0.8010267528590788, 'beta': 1.1979962907017299, 'rho': 0.33102581714472007, 'ants': 26}) and found best instance after 32.25 seconds.
E1: {(81, 82), (162, 165), (162, 168), (43, 52), (107, 134), (101, 182), (100, 101), (89, 107), (30, 39), (165, 166), (30, 48), (49, 211), (168, 195), (49, 52), (100, 103), (39, 120), (22, 49), (102, 103), (30, 32), (45, 48), (91, 100), (0, 162), (81, 162), (82, 100), (101, 107), (48, 49), (82, 109), (22, 103)}
E2: {(6, 15), (58, 59), (6, 24), (84, 87), (24, 51), (43, 52), (87, 89), (31, 32), (144, 147), (84, 102), (135, 144), (134, 161), (166, 220), (58, 220), (198, 200), (24, 26), (147, 148), (6, 87), (117, 144), (51, 52), (49, 211), (58, 67), (49, 52), (31, 49), (31, 58), (45, 51), (80, 161), (109, 112), (26, 80), (117, 198), (64, 67), (220, 223), (74, 236), (67, 148), (152, 161), (15, 177), (51, 78), (74, 80), (31, 112), (148, 157), (25, 26)}
Obj: 29444

