Log for instance aco_tuning_out/inst24.txt.

Used ({'tau0': 2.924453704862743e-06, 'xi': 0.10102715591656777, 'q0': 0.8483785554218048, 'alpha': 1.0515532863745962, 'beta': 0.39867352753450425, 'rho': 0.28727195311451986, 'ants': 26}) and found best instance after 51.75 seconds.
E1: {(42, 106), (32, 34), (90, 94), (171, 235), (243, 251), (108, 109), (146, 154), (99, 103), (12, 13), (13, 45), (99, 115), (43, 171), (0, 2), (176, 240), (242, 243), (92, 94), (252, 253), (30, 94), (249, 251), (10, 42), (142, 143), (221, 253), (14, 15), (144, 146), (49, 113), (142, 158), (14, 30), (139, 171), (143, 159), (49, 177), (10, 14), (2, 10), (45, 109), (235, 251), (144, 176), (249, 253), (13, 141), (32, 160), (139, 143), (2, 34), (158, 190), (141, 143), (71, 103), (42, 58), (40, 42), (14, 142), (113, 115), (176, 177), (49, 57), (115, 243), (242, 250), (130, 146)}
E2: {(177, 181), (90, 91), (90, 94), (81, 85), (243, 251), (60, 62), (151, 183), (5, 7), (237, 253), (114, 115), (146, 178), (83, 91), (253, 255), (198, 206), (53, 181), (30, 94), (120, 122), (94, 222), (7, 71), (249, 251), (143, 175), (71, 199), (146, 147), (83, 115), (206, 222), (142, 143), (147, 151), (181, 183), (221, 253), (165, 181), (89, 91), (49, 113), (14, 30), (49, 177), (10, 14), (198, 199), (187, 251), (2, 10), (106, 122), (132, 196), (230, 231), (134, 166), (144, 176), (199, 231), (249, 253), (226, 230), (81, 83), (180, 181), (2, 34), (228, 230), (30, 62), (113, 115), (176, 177), (14, 142), (195, 199), (196, 198), (114, 122), (115, 243), (132, 134), (62, 63)}
Obj: 30746

