Log for instance aco_tuning_out/inst03.txt.

Used ({'tau_0': 9.519734246967097e-06, 'xi': 0.07937813294122376, 'q0': 0.41673979688805995, 'alpha': 1.6749976300577816, 'beta': 0.7383106546614165, 'rho': 0.29031514757956295, 'ants': 27}) and found best instance after 17.5 seconds.
E1: {(76, 92), (132, 164), (155, 187), (211, 219), (151, 183), (210, 211), (49, 53), (131, 195), (206, 207), (53, 181), (54, 55), (198, 206), (224, 228), (76, 204), (143, 175), (202, 206), (65, 97), (224, 240), (147, 151), (164, 228), (181, 183), (21, 149), (135, 143), (49, 113), (97, 101), (155, 219), (132, 196), (149, 151), (149, 157), (97, 113), (68, 196), (9, 25), (36, 164), (24, 25), (55, 183), (55, 119), (147, 211), (20, 21), (143, 207), (25, 57), (49, 57), (135, 151), (196, 198), (196, 204), (39, 55), (157, 221), (131, 147), (224, 232)}
E2: {(192, 200), (200, 201), (32, 40), (132, 164), (154, 158), (44, 45), (107, 235), (98, 226), (200, 216), (134, 198), (43, 107), (164, 180), (40, 44), (210, 214), (196, 197), (1, 9), (34, 98), (198, 206), (158, 222), (160, 164), (197, 213), (192, 196), (0, 32), (1, 33), (206, 222), (32, 48), (15, 47), (0, 1), (49, 177), (46, 62), (1, 5), (134, 166), (214, 222), (36, 164), (32, 160), (98, 99), (33, 49), (107, 111), (213, 245), (44, 46), (99, 107), (164, 172), (98, 114), (107, 123), (134, 150), (132, 134), (196, 198), (45, 47), (62, 63), (158, 159), (47, 111), (17, 49)}
Obj: 30396

