Log for instance aco_tuning_out/inst18.txt.

Used ({'tau_0': 7.271888129177242e-06, 'xi': 0.05984220487362216, 'q0': 0.5127813632941683, 'alpha': 0.28049908432308224, 'beta': 1.9767044196304102, 'rho': 0.05712818954691315, 'ants': 28}) and found best instance after 259.125 seconds.
E1: {(105, 107), (40, 41), (238, 254), (82, 86), (147, 151), (29, 61), (32, 160), (213, 245), (38, 39), (66, 82), (151, 159), (209, 213), (82, 90), (1, 3), (193, 209), (46, 47), (6, 38), (1, 5), (213, 215), (252, 254), (54, 62), (47, 111), (58, 62), (86, 87), (87, 95), (1, 9), (45, 61), (9, 41), (110, 126), (193, 197), (41, 57), (80, 82), (110, 238), (105, 233), (41, 105), (46, 110), (45, 47), (62, 63), (193, 201), (32, 40), (150, 151), (201, 233), (85, 213), (39, 47), (46, 62), (151, 215), (107, 111), (99, 107), (87, 215)}
E2: {(35, 51), (8, 9), (100, 101), (156, 188), (82, 86), (35, 163), (32, 160), (81, 89), (122, 126), (114, 122), (66, 82), (156, 158), (62, 126), (240, 248), (82, 83), (248, 252), (1, 5), (184, 188), (188, 252), (76, 108), (172, 188), (54, 62), (8, 40), (154, 158), (1, 9), (8, 24), (110, 126), (245, 253), (221, 253), (80, 82), (8, 72), (76, 78), (110, 238), (108, 110), (82, 210), (51, 115), (150, 158), (122, 123), (100, 102), (72, 76), (32, 40), (232, 248), (82, 114), (252, 253), (102, 110), (30, 158), (83, 115), (142, 158), (81, 83), (60, 188), (30, 62), (113, 115)}
Obj: 29217

