Log for instance aco_tuning_out/inst09.txt.

Used ({'tau_0': 8.753936472387218e-06, 'xi': 0.09720016068128765, 'q0': 0.8231293796694477, 'alpha': 0.5431396504147108, 'beta': 1.6359800101718294, 'rho': 0.1536282766541045, 'ants': 15}) and found best instance after 99.984375 seconds.
E1: {(166, 175), (81, 82), (43, 205), (226, 232), (171, 174), (162, 171), (162, 168), (159, 160), (84, 102), (234, 236), (78, 159), (162, 216), (223, 232), (81, 84), (136, 145), (154, 160), (136, 154), (120, 201), (135, 216), (175, 176), (89, 170), (174, 177), (168, 170), (14, 176), (205, 232), (0, 162), (81, 162), (174, 201), (145, 226), (216, 234), (157, 160), (174, 176), (82, 136)}
E2: {(166, 175), (171, 174), (162, 171), (175, 202), (162, 168), (151, 232), (20, 47), (151, 152), (201, 202), (223, 232), (6, 8), (133, 134), (47, 128), (120, 201), (168, 195), (19, 20), (8, 35), (174, 177), (128, 134), (151, 160), (32, 35), (229, 232), (0, 162), (202, 211), (174, 201), (32, 59), (202, 229), (6, 168), (133, 160), (19, 25), (8, 89), (45, 47), (157, 160)}
Obj: 27400

