Log for instance aco_tuning_out/inst30.txt.

Used ({'tau0': 8.839185575249679e-06, 'xi': 0.14550623661925266, 'q0': 0.34798186644897255, 'alpha': 1.259708246474134, 'beta': 0.9832315705511097, 'rho': 0.4534262478421148, 'ants': 24}) and found best instance after 15.78125 seconds.
E1: {(67, 68), (162, 171), (162, 168), (171, 177), (41, 122), (171, 198), (131, 134), (122, 131), (198, 200), (102, 104), (160, 161), (131, 158), (211, 212), (79, 160), (168, 195), (118, 121), (155, 158), (198, 199), (155, 161), (109, 118), (25, 79), (120, 121), (131, 212), (64, 67), (91, 118), (0, 162), (32, 41), (104, 158), (41, 68), (121, 122), (152, 161), (118, 199), (14, 41), (155, 236)}
E2: {(192, 194), (13, 94), (4, 58), (162, 171), (55, 136), (171, 177), (162, 168), (171, 198), (236, 239), (131, 134), (140, 143), (198, 200), (67, 229), (185, 239), (201, 202), (140, 158), (131, 158), (182, 185), (7, 25), (58, 67), (36, 198), (168, 195), (91, 94), (157, 158), (113, 131), (4, 166), (36, 45), (55, 58), (192, 201), (55, 64), (158, 239), (4, 7), (0, 162), (109, 136), (201, 228), (135, 136), (143, 152), (202, 229), (13, 67), (113, 194), (198, 201)}
Obj: 31082

