Log for instance aco_tuning_out/inst21.txt.

Used ({'tau0': 6.2578016549988135e-06, 'xi': 0.07695855038194482, 'q0': 0.6338595363337294, 'alpha': 1.3781099098119947, 'beta': 1.0918136498914073, 'rho': 0.20985761634934252, 'ants': 15}) and found best instance after 15.1875 seconds.
E1: {(226, 235), (166, 193), (56, 74), (190, 193), (190, 199), (29, 38), (29, 56), (190, 208), (208, 235), (180, 234), (223, 241), (180, 182), (56, 137), (77, 80), (36, 198), (135, 137), (234, 235), (64, 226), (17, 26), (198, 199), (36, 45), (174, 177), (26, 80), (137, 143), (32, 50), (174, 201), (199, 200), (14, 17), (50, 77), (143, 152), (235, 241), (74, 80), (174, 228), (36, 38), (198, 201)}
E2: {(154, 155), (58, 59), (4, 58), (3, 4), (55, 136), (6, 33), (31, 32), (217, 223), (83, 137), (75, 78), (76, 79), (72, 75), (136, 145), (83, 164), (40, 202), (145, 154), (3, 6), (164, 173), (89, 143), (58, 76), (135, 137), (173, 182), (40, 43), (31, 40), (55, 217), (173, 200), (31, 58), (155, 161), (91, 100), (25, 79), (120, 121), (76, 157), (109, 136), (55, 64), (202, 211), (137, 155), (45, 72), (72, 153), (143, 152), (153, 154), (0, 3), (75, 76), (143, 161), (100, 154), (33, 195), (40, 121), (155, 236)}
Obj: 32964

