Log for instance aco_tuning_out/inst03.txt.

Used ({'tau0': 4.020220899909005e-06, 'xi': 0.13174644598316573, 'q0': 0.6110235189733683, 'alpha': 1.6598844502421457, 'beta': 1.4439786122174993, 'rho': 0.18623233223962188, 'ants': 32}) and found best instance after 36.03125 seconds.
E1: {(76, 92), (177, 181), (196, 228), (232, 248), (211, 219), (180, 244), (228, 244), (210, 211), (39, 167), (36, 37), (57, 185), (37, 39), (53, 181), (206, 207), (76, 204), (185, 187), (240, 248), (202, 206), (65, 97), (83, 115), (52, 54), (217, 219), (97, 101), (167, 175), (204, 206), (115, 119), (20, 52), (97, 113), (68, 196), (9, 25), (24, 25), (135, 167), (240, 244), (177, 185), (37, 53), (180, 181), (147, 211), (149, 181), (52, 53), (113, 115), (217, 221), (25, 57), (196, 204), (37, 101), (83, 211), (195, 211)}
E2: {(128, 136), (136, 137), (177, 181), (32, 34), (132, 164), (32, 40), (15, 79), (98, 226), (107, 235), (43, 107), (181, 245), (216, 218), (196, 197), (36, 37), (34, 98), (148, 150), (5, 37), (198, 206), (37, 45), (132, 148), (160, 164), (128, 132), (32, 33), (32, 36), (206, 222), (59, 63), (154, 218), (32, 48), (79, 111), (49, 177), (132, 196), (63, 191), (32, 160), (128, 192), (137, 201), (180, 181), (98, 99), (164, 166), (33, 49), (107, 111), (59, 123), (99, 107), (164, 172), (98, 114), (43, 59), (218, 222), (0, 128), (9, 137), (210, 218), (196, 198), (159, 191), (17, 49)}
Obj: 29892

