Log for instance aco_tuning_out/inst03.txt.

Used ({'tau_0': 9.493726088905091e-06, 'xi': 0.11484843759454823, 'q0': 0.6111218433796399, 'alpha': 1.5748339874818995, 'beta': 1.6004495863491173, 'rho': 0.40117280761880736, 'ants': 26}) and found best instance after 15.96875 seconds.
E1: {(76, 92), (136, 137), (111, 239), (105, 107), (108, 109), (211, 219), (68, 100), (125, 253), (210, 211), (97, 105), (100, 101), (140, 204), (187, 191), (206, 207), (53, 181), (76, 204), (224, 228), (109, 125), (202, 206), (105, 109), (224, 240), (65, 97), (83, 115), (52, 54), (108, 236), (175, 239), (147, 151), (20, 28), (221, 253), (49, 113), (97, 101), (39, 47), (115, 119), (20, 52), (76, 78), (97, 113), (36, 100), (47, 111), (24, 28), (175, 191), (147, 211), (107, 111), (76, 108), (149, 181), (52, 53), (228, 236), (113, 115), (78, 206), (9, 137), (49, 57), (135, 151), (28, 92), (83, 211), (195, 211), (224, 232), (136, 140)}
E2: {(177, 181), (200, 201), (15, 79), (32, 34), (32, 40), (193, 201), (154, 158), (44, 45), (108, 109), (107, 235), (200, 216), (12, 13), (43, 107), (98, 226), (133, 141), (237, 253), (40, 44), (82, 114), (148, 150), (132, 133), (133, 165), (158, 222), (132, 148), (192, 193), (166, 174), (193, 197), (32, 36), (206, 222), (1, 33), (12, 76), (32, 48), (245, 253), (78, 79), (79, 111), (165, 181), (0, 1), (9, 13), (46, 62), (1, 5), (172, 174), (132, 196), (76, 78), (1, 17), (109, 237), (13, 141), (32, 160), (180, 181), (98, 99), (82, 210), (76, 108), (107, 111), (133, 197), (99, 107), (44, 46), (46, 174), (98, 114), (78, 206), (5, 133), (107, 123), (196, 198), (62, 63), (12, 44), (158, 159)}
Obj: 35753

