Log for instance aco_tuning_out/inst15.txt.

Used ({'tau0': 6.937615535889433e-06, 'xi': 0.07000322226687372, 'q0': 0.8259328344322499, 'alpha': 1.4144702071977722, 'beta': 1.897582215362626, 'rho': 0.08176475094706645, 'ants': 18}) and found best instance after 61.40625 seconds.
E1: {(43, 205), (226, 229), (171, 177), (175, 202), (228, 229), (176, 185), (124, 205), (171, 198), (157, 160), (171, 173), (51, 52), (173, 176), (182, 185), (118, 124), (64, 226), (173, 200), (205, 214), (175, 176), (109, 118), (151, 160), (91, 118), (202, 205), (202, 229), (124, 151), (51, 78), (189, 195), (189, 198), (52, 214)}
E2: {(166, 175), (188, 242), (185, 188), (43, 205), (226, 229), (162, 171), (54, 135), (175, 202), (228, 229), (171, 177), (66, 228), (31, 32), (176, 185), (162, 189), (75, 78), (66, 75), (236, 242), (34, 52), (83, 164), (171, 173), (72, 75), (200, 203), (202, 203), (28, 109), (133, 134), (173, 176), (164, 173), (182, 185), (25, 52), (31, 34), (66, 68), (52, 133), (64, 226), (205, 214), (175, 176), (14, 176), (202, 205), (54, 72), (0, 162), (59, 68), (211, 214), (45, 72), (202, 229), (83, 89), (189, 195), (28, 34), (52, 214)}
Obj: 27691

