Log for instance aco_tuning_out/inst12.txt.

Used ({'tau0': 8.839185575249679e-06, 'xi': 0.14550623661925266, 'q0': 0.34798186644897255, 'alpha': 1.259708246474134, 'beta': 0.9832315705511097, 'rho': 0.4534262478421148, 'ants': 24}) and found best instance after 64.4375 seconds.
E1: {(120, 129), (166, 175), (102, 129), (208, 211), (190, 208), (132, 133), (189, 191), (83, 164), (82, 83), (133, 134), (173, 176), (164, 173), (27, 189), (191, 194), (43, 124), (127, 133), (164, 182), (164, 191), (32, 194), (175, 176), (27, 45), (82, 91), (124, 133), (190, 191), (82, 109), (129, 132), (83, 89), (127, 208), (189, 195), (0, 27)}
E2: {(81, 82), (109, 190), (31, 32), (208, 211), (208, 214), (19, 73), (75, 78), (190, 208), (134, 161), (200, 206), (85, 103), (19, 100), (223, 241), (82, 83), (209, 215), (16, 25), (214, 241), (103, 157), (177, 204), (16, 43), (209, 236), (75, 77), (134, 215), (204, 206), (100, 103), (102, 103), (81, 135), (206, 215), (82, 85), (73, 76), (64, 73), (85, 166), (28, 190), (59, 77), (82, 109), (152, 161), (47, 209), (19, 25), (76, 77), (83, 89), (28, 31), (214, 215), (45, 47)}
Obj: 30964

