Log for instance aco_tuning_out/inst06.txt.

Used ({'tau_0': 7.814861621349648e-06, 'xi': 0.138307434456488, 'q0': 0.43841983460807055, 'alpha': 1.339632899369741, 'beta': 1.2581696145841696, 'rho': 0.4518495513690369, 'ants': 15}) and found best instance after 11.71875 seconds.
E1: {(192, 194), (177, 181), (156, 158), (13, 45), (134, 198), (5, 13), (86, 87), (84, 212), (237, 253), (87, 95), (135, 199), (23, 31), (210, 214), (82, 114), (130, 194), (1, 3), (156, 188), (172, 236), (78, 110), (37, 39), (53, 181), (37, 45), (158, 222), (206, 207), (224, 228), (82, 83), (25, 89), (206, 222), (220, 221), (25, 153), (105, 109), (180, 188), (84, 86), (221, 253), (208, 210), (31, 95), (1, 5), (83, 87), (129, 145), (198, 199), (236, 238), (134, 166), (214, 222), (24, 25), (208, 240), (109, 237), (110, 238), (249, 253), (198, 214), (37, 53), (175, 191), (180, 181), (145, 153), (82, 210), (194, 198), (158, 190), (84, 85), (156, 220), (46, 110), (190, 191), (228, 236), (78, 206), (145, 177), (224, 232), (6, 134)}
E2: {(90, 91), (193, 195), (193, 201), (96, 104), (188, 190), (101, 103), (68, 100), (84, 212), (181, 245), (193, 225), (196, 197), (2, 66), (1, 3), (156, 188), (187, 191), (36, 37), (91, 95), (34, 162), (53, 181), (68, 84), (166, 174), (174, 190), (193, 197), (96, 100), (180, 188), (188, 189), (198, 230), (89, 91), (40, 104), (31, 95), (170, 174), (31, 159), (1, 5), (198, 199), (132, 196), (36, 100), (1, 17), (199, 231), (37, 53), (226, 230), (162, 166), (175, 191), (180, 181), (162, 163), (2, 34), (190, 191), (103, 119), (2, 3), (1, 129), (196, 198), (37, 101), (2, 18), (166, 230), (159, 191)}
Obj: 34421

