Log for instance aco_tuning_out/inst18.txt.

Used ({'tau_0': 5.726334506587264e-06, 'xi': 0.09378720394945064, 'q0': 0.4650245999867171, 'alpha': 1.6109205787989367, 'beta': 0.9785683305047798, 'rho': 0.3960780669283891, 'ants': 24}) and found best instance after 14.015625 seconds.
E1: {(241, 245), (193, 201), (58, 59), (81, 85), (58, 62), (13, 45), (150, 151), (133, 141), (5, 13), (0, 2), (128, 160), (1, 3), (121, 249), (252, 253), (62, 126), (6, 14), (193, 197), (147, 151), (29, 31), (113, 241), (31, 95), (57, 59), (39, 47), (31, 159), (9, 13), (46, 62), (121, 123), (1, 5), (2, 10), (10, 14), (66, 74), (74, 90), (110, 238), (151, 215), (13, 141), (249, 253), (47, 63), (59, 123), (54, 62), (107, 111), (133, 197), (99, 107), (46, 110), (80, 81), (81, 113), (0, 128), (209, 241), (113, 121), (2, 3), (10, 74), (45, 47), (62, 63), (31, 63), (151, 159), (47, 111)}
E2: {(232, 236), (72, 73), (58, 59), (146, 154), (58, 62), (51, 59), (104, 108), (40, 44), (44, 60), (210, 211), (9, 11), (114, 115), (252, 253), (28, 30), (114, 118), (1, 3), (184, 186), (224, 228), (62, 126), (137, 141), (146, 150), (83, 115), (224, 240), (44, 108), (58, 186), (82, 86), (108, 236), (28, 60), (44, 172), (245, 253), (221, 253), (73, 89), (142, 143), (70, 78), (229, 245), (80, 82), (1, 5), (236, 238), (54, 118), (160, 224), (24, 28), (162, 163), (59, 123), (3, 11), (160, 162), (141, 143), (228, 236), (101, 229), (30, 62), (118, 126), (113, 115), (9, 73), (72, 104), (9, 137), (154, 186), (66, 70), (66, 82), (83, 211), (86, 118), (236, 252)}
Obj: 34312

