Log for instance aco_tuning_out/inst12.txt.

Used ({'tau_0': 9.519734246967097e-06, 'xi': 0.07937813294122376, 'q0': 0.41673979688805995, 'alpha': 1.6749976300577816, 'beta': 0.7383106546614165, 'rho': 0.29031514757956295, 'ants': 27}) and found best instance after 11.90625 seconds.
E1: {(81, 82), (84, 87), (165, 167), (87, 89), (39, 42), (167, 185), (3, 165), (192, 193), (81, 84), (30, 39), (165, 166), (182, 185), (3, 30), (27, 30), (39, 120), (30, 32), (192, 195), (27, 45), (42, 43), (82, 91), (193, 202), (202, 211), (105, 132), (0, 3), (82, 109), (3, 84), (132, 134), (87, 105), (165, 192), (102, 105)}
E2: {(106, 133), (4, 58), (58, 59), (119, 200), (118, 119), (96, 177), (43, 52), (50, 131), (4, 85), (234, 236), (61, 79), (131, 134), (52, 79), (61, 223), (105, 106), (51, 52), (86, 89), (58, 76), (234, 235), (52, 133), (135, 216), (73, 235), (45, 51), (96, 150), (109, 118), (25, 79), (128, 131), (76, 157), (96, 105), (73, 76), (119, 128), (64, 73), (85, 166), (50, 53), (73, 79), (211, 214), (150, 152), (52, 53), (32, 50), (51, 78), (85, 86), (216, 234), (102, 105), (52, 214)}
Obj: 31169

