Log for instance aco_tuning_out/inst21.txt.

Used ({'tau0': 9.493726088905091e-06, 'xi': 0.11484843759454823, 'q0': 0.6111218433796399, 'alpha': 1.5748339874818995, 'beta': 1.6004495863491173, 'rho': 0.40117280761880736, 'ants': 26}) and found best instance after 15.578125 seconds.
E1: {(226, 232), (165, 219), (146, 227), (66, 75), (39, 66), (223, 232), (72, 75), (30, 39), (165, 166), (176, 230), (173, 176), (68, 230), (135, 137), (173, 182), (66, 68), (64, 226), (173, 200), (30, 32), (175, 176), (226, 227), (14, 176), (137, 146), (219, 221), (173, 227), (228, 230), (146, 152), (45, 72), (175, 178), (221, 230), (177, 178)}
E2: {(33, 42), (226, 229), (5, 59), (175, 202), (20, 23), (93, 120), (78, 80), (23, 77), (135, 138), (84, 93), (124, 205), (123, 124), (101, 182), (20, 47), (5, 86), (223, 232), (83, 164), (82, 83), (157, 238), (84, 138), (173, 176), (164, 173), (84, 86), (42, 123), (77, 80), (20, 101), (64, 226), (173, 200), (175, 176), (26, 80), (123, 150), (82, 91), (109, 136), (202, 205), (205, 232), (202, 211), (74, 236), (150, 152), (229, 238), (0, 3), (202, 229), (3, 84), (74, 77), (83, 89), (5, 32), (33, 195), (83, 86), (45, 47), (43, 205), (82, 136), (83, 101), (25, 26)}
Obj: 31495

