Log for instance aco_tuning_out/inst21.txt.

Used ({'tau_0': 2.760703391532889e-06, 'xi': 0.11284095755067615, 'q0': 0.39431429333058177, 'alpha': 1.2851296972235255, 'beta': 1.3966465894197229, 'rho': 0.20591685095973755, 'ants': 13}) and found best instance after 13.765625 seconds.
E1: {(171, 174), (165, 167), (179, 233), (10, 64), (171, 198), (9, 36), (152, 233), (198, 200), (13, 14), (167, 194), (223, 232), (171, 173), (165, 166), (173, 179), (36, 198), (173, 182), (9, 10), (108, 135), (32, 194), (36, 45), (174, 177), (165, 174), (108, 189), (10, 13), (174, 228), (189, 198), (232, 233)}
E2: {(90, 91), (33, 42), (58, 59), (108, 109), (87, 89), (15, 42), (207, 209), (210, 211), (171, 198), (198, 200), (0, 81), (58, 220), (171, 173), (81, 87), (72, 78), (16, 25), (15, 96), (81, 90), (58, 67), (58, 76), (173, 182), (81, 108), (209, 236), (45, 207), (108, 135), (63, 66), (15, 16), (76, 157), (123, 150), (63, 72), (42, 43), (64, 67), (220, 223), (45, 72), (150, 152), (32, 50), (87, 96), (96, 123), (90, 171), (207, 210), (50, 77), (66, 67), (76, 77), (33, 195), (198, 207), (120, 123)}
Obj: 29182

