Log for instance aco_tuning_out/inst06.txt.

Used ({'tau_0': 2.0274933728523487e-06, 'xi': 0.13405703789383258, 'q0': 0.526091823657158, 'alpha': 1.6793374858698646, 'beta': 0.6970800710605479, 'rho': 0.13613590490376215, 'ants': 11}) and found best instance after 15.8125 seconds.
E1: {(192, 194), (71, 87), (81, 85), (206, 238), (86, 87), (164, 180), (192, 224), (39, 103), (210, 214), (130, 194), (1, 3), (66, 194), (121, 249), (212, 214), (206, 207), (53, 181), (174, 175), (166, 174), (174, 190), (25, 89), (206, 222), (105, 109), (224, 240), (105, 121), (86, 214), (83, 87), (172, 174), (45, 109), (214, 222), (174, 238), (65, 81), (24, 25), (109, 237), (89, 121), (81, 83), (180, 181), (66, 98), (164, 166), (81, 89), (134, 135), (71, 103), (194, 210), (46, 174), (23, 87), (98, 114), (78, 206), (130, 134), (1, 65), (89, 93), (1, 129), (93, 221), (224, 232), (6, 134)}
E2: {(90, 91), (193, 195), (193, 201), (132, 164), (32, 40), (188, 190), (32, 34), (99, 103), (101, 103), (180, 244), (164, 180), (193, 225), (225, 227), (196, 197), (2, 66), (1, 3), (187, 191), (156, 188), (212, 214), (157, 159), (166, 174), (174, 175), (174, 190), (193, 197), (32, 36), (212, 244), (163, 227), (188, 189), (99, 227), (90, 218), (157, 189), (89, 91), (170, 174), (1, 5), (244, 245), (132, 196), (68, 196), (1, 17), (36, 164), (214, 222), (226, 227), (32, 96), (175, 191), (2, 34), (164, 166), (218, 222), (129, 193), (103, 119), (1, 129), (227, 231), (2, 18)}
Obj: 30542

