Log for instance aco_tuning_out/inst27.txt.

Used ({'tau_0': 9.926534885232458e-06, 'xi': 0.06692036828162971, 'q0': 0.3019379808030227, 'alpha': 1.9521308295520166, 'beta': 1.4674217120935573, 'rho': 0.15756254670228562, 'ants': 22}) and found best instance after 18.453125 seconds.
E1: {(55, 63), (119, 127), (154, 158), (116, 244), (125, 253), (228, 244), (0, 2), (113, 117), (186, 250), (27, 31), (54, 55), (30, 158), (23, 55), (110, 111), (36, 52), (62, 190), (128, 132), (76, 204), (209, 213), (128, 144), (52, 54), (125, 127), (29, 31), (221, 253), (52, 60), (142, 158), (117, 119), (213, 215), (213, 221), (249, 253), (110, 238), (47, 63), (111, 127), (2, 34), (116, 117), (108, 110), (43, 47), (158, 190), (76, 108), (35, 43), (186, 187), (34, 35), (0, 128), (186, 190), (2, 3), (39, 55), (62, 63), (31, 63), (47, 111)}
E2: {(119, 127), (58, 59), (51, 59), (125, 253), (216, 218), (0, 2), (38, 166), (173, 189), (123, 127), (253, 255), (6, 14), (0, 32), (19, 51), (125, 127), (128, 144), (202, 218), (32, 48), (221, 253), (14, 15), (15, 47), (6, 38), (101, 117), (216, 217), (14, 30), (57, 59), (10, 14), (117, 119), (240, 241), (217, 249), (249, 253), (226, 227), (241, 243), (241, 249), (111, 127), (218, 250), (59, 123), (0, 128), (2, 6), (141, 173), (19, 147), (189, 253), (227, 243), (47, 111)}
Obj: 26507

