Log for instance aco_tuning_out/inst27.txt.

Used ({'tau0': 5.572049615801917e-06, 'xi': 0.06325004225542018, 'q0': 0.8461092587771804, 'alpha': 1.389681207393384, 'beta': 0.3366413033928038, 'rho': 0.4612946765120627, 'ants': 22}) and found best instance after 13.328125 seconds.
E1: {(105, 107), (196, 228), (243, 251), (108, 109), (155, 187), (156, 158), (147, 155), (43, 107), (146, 154), (206, 238), (0, 2), (87, 95), (252, 253), (156, 188), (114, 118), (142, 174), (198, 206), (158, 222), (30, 94), (132, 148), (76, 204), (94, 222), (249, 251), (209, 213), (128, 132), (0, 32), (174, 190), (146, 147), (105, 109), (206, 222), (32, 36), (221, 253), (31, 95), (112, 114), (142, 158), (39, 47), (10, 11), (114, 242), (46, 62), (132, 196), (28, 29), (76, 78), (2, 10), (54, 118), (187, 251), (214, 222), (27, 155), (213, 215), (249, 253), (110, 238), (2, 34), (188, 252), (76, 108), (107, 111), (62, 63), (46, 110), (3, 11), (60, 188), (23, 87), (113, 115), (78, 206), (144, 148), (0, 128), (112, 116), (196, 198), (242, 250), (115, 243), (214, 215), (28, 156), (30, 31), (250, 251), (47, 111)}
E2: {(42, 106), (105, 107), (90, 94), (99, 103), (243, 251), (108, 109), (156, 158), (216, 218), (97, 105), (252, 253), (156, 188), (253, 255), (198, 206), (30, 94), (158, 222), (56, 58), (94, 222), (205, 221), (249, 251), (109, 125), (6, 14), (240, 242), (10, 42), (206, 222), (105, 109), (90, 218), (142, 143), (147, 151), (221, 253), (141, 205), (14, 15), (49, 113), (142, 158), (48, 56), (49, 177), (97, 101), (143, 159), (10, 14), (198, 199), (132, 196), (106, 122), (76, 78), (230, 231), (134, 166), (74, 90), (199, 231), (144, 176), (56, 57), (249, 253), (226, 230), (250, 251), (76, 108), (188, 252), (107, 111), (99, 107), (42, 58), (113, 115), (78, 206), (176, 177), (103, 119), (196, 198), (132, 134), (10, 74), (115, 243), (122, 123), (74, 202), (242, 250), (151, 159)}
Obj: 37221

