Log for instance aco_tuning_out/inst15.txt.

Used ({'tau_0': 2.3890526897386258e-06, 'xi': 0.09728269253474063, 'q0': 0.5264084644635578, 'alpha': 0.34480659763074994, 'beta': 1.2781748892293714, 'rho': 0.12380145068388254, 'ants': 25}) and found best instance after 291.515625 seconds.
E1: {(199, 205), (145, 154), (174, 201), (199, 200), (174, 228), (145, 151), (78, 79), (201, 204), (91, 118), (204, 205), (118, 199), (43, 205), (70, 79), (195, 204), (136, 145), (172, 199), (64, 145), (154, 157), (177, 204), (173, 182), (70, 151), (118, 145), (109, 136), (172, 173)}
E2: {(18, 72), (199, 205), (133, 214), (133, 134), (18, 21), (54, 72), (81, 162), (199, 200), (5, 14), (5, 32), (81, 82), (162, 165), (24, 78), (7, 16), (180, 182), (219, 228), (20, 101), (72, 74), (82, 85), (85, 166), (202, 205), (204, 205), (118, 199), (19, 22), (37, 64), (5, 59), (162, 180), (21, 22), (0, 54), (135, 153), (2, 8), (195, 204), (136, 145), (21, 24), (2, 83), (202, 211), (74, 236), (165, 219), (18, 20), (101, 182), (2, 5), (37, 118), (16, 43), (177, 204), (118, 145), (205, 214), (45, 72), (72, 153), (82, 109), (19, 25), (8, 89), (82, 136), (83, 101), (7, 8)}
Obj: 29103

