Log for instance aco_tuning_out/inst18.txt.

Used ({'tau_0': 5.998921288673613e-06, 'xi': 0.12799050366072715, 'q0': 0.730921478054052, 'alpha': 1.5055228070199218, 'beta': 0.3739261379740735, 'rho': 0.1599798192967875, 'ants': 28}) and found best instance after 35.703125 seconds.
E1: {(55, 63), (136, 137), (128, 136), (193, 201), (81, 85), (58, 62), (150, 151), (128, 160), (2, 66), (1, 3), (1, 9), (244, 252), (110, 111), (85, 213), (197, 213), (45, 61), (209, 213), (110, 126), (193, 197), (26, 90), (61, 63), (147, 151), (31, 95), (31, 159), (46, 62), (1, 5), (244, 245), (29, 61), (213, 215), (110, 238), (151, 215), (137, 201), (107, 111), (213, 245), (99, 107), (46, 110), (80, 81), (57, 61), (26, 58), (9, 137), (2, 3), (2, 6), (39, 55), (62, 63), (31, 63), (151, 159), (54, 62)}
E2: {(128, 136), (136, 137), (146, 154), (101, 103), (60, 62), (176, 240), (128, 160), (210, 211), (114, 115), (146, 178), (28, 30), (114, 118), (252, 253), (1, 9), (115, 123), (142, 174), (78, 110), (244, 252), (102, 110), (146, 150), (136, 200), (110, 126), (72, 200), (83, 115), (28, 60), (221, 253), (176, 178), (70, 78), (176, 184), (46, 62), (1, 5), (172, 174), (244, 245), (102, 103), (54, 118), (110, 238), (24, 28), (240, 244), (146, 210), (81, 83), (81, 89), (42, 46), (108, 110), (162, 163), (51, 115), (162, 178), (46, 110), (46, 174), (200, 232), (113, 115), (40, 42), (80, 81), (66, 70), (9, 137), (70, 86), (83, 211), (160, 162), (54, 62)}
Obj: 29638

