Log for instance aco_tuning_out/inst09.txt.

Used ({'tau_0': 8.839185575249679e-06, 'xi': 0.14550623661925266, 'q0': 0.34798186644897255, 'alpha': 1.259708246474134, 'beta': 0.9832315705511097, 'rho': 0.4534262478421148, 'ants': 24}) and found best instance after 10.59375 seconds.
E1: {(93, 102), (54, 135), (93, 120), (171, 177), (0, 54), (39, 42), (75, 78), (66, 75), (14, 95), (166, 220), (57, 75), (58, 220), (227, 236), (39, 66), (93, 95), (92, 173), (171, 173), (156, 157), (86, 89), (86, 95), (39, 120), (54, 57), (75, 156), (42, 43), (220, 223), (173, 227), (57, 58), (92, 95)}
E2: {(123, 204), (33, 42), (166, 184), (15, 42), (87, 89), (33, 51), (184, 211), (29, 32), (39, 42), (51, 132), (39, 66), (22, 184), (15, 96), (51, 52), (22, 25), (25, 52), (66, 68), (39, 120), (27, 33), (196, 205), (76, 157), (123, 150), (196, 223), (27, 45), (59, 68), (150, 152), (22, 76), (96, 123), (87, 96), (15, 177), (132, 134), (204, 205), (33, 195), (27, 29), (0, 27)}
Obj: 27403

