Log for instance aco_tuning_out/inst06.txt.

Used ({'tau0': 1.7311092028219667e-06, 'xi': 0.08252852050291277, 'q0': 0.30102382451999166, 'alpha': 1.4307200972470873, 'beta': 1.366990204180299, 'rho': 0.3910589486840866, 'ants': 12}) and found best instance after 7.140625 seconds.
E1: {(148, 212), (193, 201), (105, 107), (3, 7), (210, 211), (87, 95), (193, 225), (233, 237), (225, 233), (11, 75), (121, 249), (8, 24), (53, 117), (172, 236), (224, 225), (142, 174), (93, 95), (205, 221), (192, 193), (14, 46), (132, 148), (201, 205), (7, 135), (6, 14), (174, 175), (105, 109), (224, 240), (10, 42), (148, 180), (58, 186), (206, 222), (105, 121), (134, 142), (15, 47), (70, 78), (39, 47), (83, 87), (10, 14), (45, 109), (134, 166), (6, 7), (174, 238), (85, 93), (105, 233), (146, 210), (75, 107), (66, 98), (85, 117), (3, 11), (42, 58), (23, 87), (98, 114), (78, 206), (8, 10), (129, 193), (66, 70), (236, 237), (89, 93), (186, 190), (205, 207), (132, 134), (11, 15), (130, 146), (83, 211), (93, 221), (6, 70), (224, 232), (6, 134)}
E2: {(64, 66), (140, 156), (136, 137), (193, 195), (42, 170), (90, 94), (156, 158), (4, 6), (20, 148), (151, 183), (52, 180), (64, 96), (40, 44), (193, 225), (87, 95), (97, 99), (1, 3), (187, 191), (156, 188), (148, 150), (129, 137), (4, 36), (136, 140), (83, 91), (132, 148), (148, 156), (87, 119), (231, 239), (96, 97), (64, 68), (6, 14), (193, 197), (10, 42), (150, 182), (163, 227), (99, 227), (188, 189), (245, 247), (89, 91), (159, 191), (31, 95), (36, 44), (97, 101), (31, 159), (10, 14), (1, 5), (83, 87), (2, 10), (20, 52), (1, 17), (183, 247), (226, 227), (137, 201), (175, 191), (166, 182), (2, 34), (158, 190), (66, 70), (94, 95), (2, 3), (97, 225), (227, 231), (2, 18), (148, 212), (158, 159), (6, 70), (151, 159), (175, 239)}
Obj: 40316

