Log for instance aco_tuning_out/inst15.txt.

Used ({'tau0': 6.233831045293282e-06, 'xi': 0.10451661342493951, 'q0': 0.8893124268375978, 'alpha': 1.349306787935924, 'beta': 0.6109712049564031, 'rho': 0.46309129670203547, 'ants': 8}) and found best instance after 2.796875 seconds.
E1: {(163, 164), (81, 82), (3, 4), (4, 58), (109, 190), (110, 191), (118, 119), (66, 228), (190, 199), (181, 208), (66, 75), (190, 208), (78, 159), (34, 43), (189, 191), (199, 226), (72, 75), (83, 164), (82, 83), (81, 84), (177, 186), (181, 235), (180, 234), (180, 182), (21, 24), (164, 173), (163, 181), (58, 76), (200, 227), (234, 235), (31, 34), (64, 226), (31, 58), (153, 234), (110, 119), (76, 157), (21, 75), (91, 118), (173, 227), (72, 153), (234, 240), (3, 84), (24, 186), (159, 240), (118, 199), (189, 195)}
E2: {(43, 205), (163, 164), (81, 82), (166, 175), (3, 4), (226, 229), (226, 235), (99, 100), (4, 58), (20, 23), (84, 87), (175, 202), (0, 54), (87, 89), (23, 77), (208, 211), (31, 32), (147, 149), (66, 228), (208, 214), (59, 140), (225, 227), (75, 78), (181, 208), (100, 101), (190, 208), (66, 75), (140, 149), (72, 75), (83, 164), (82, 83), (81, 84), (189, 195), (181, 235), (28, 109), (180, 182), (163, 181), (77, 80), (200, 227), (234, 235), (20, 101), (31, 34), (64, 226), (17, 26), (135, 216), (235, 236), (189, 190), (31, 58), (205, 214), (153, 234), (66, 147), (26, 80), (128, 134), (21, 75), (54, 72), (21, 23), (45, 72), (72, 153), (14, 17), (99, 180), (3, 84), (202, 229), (225, 234), (101, 128), (216, 234), (175, 178), (28, 34), (177, 178), (25, 26)}
Obj: 38501

