Log for instance aco_tuning_out/inst15.txt.

Used ({'tau_0': 6.7016855702575265e-06, 'xi': 0.11061032973207813, 'q0': 0.8522979141088549, 'alpha': 0.9933756089527778, 'beta': 1.0108153997499625, 'rho': 0.20257431029412304, 'ants': 17}) and found best instance after 14.515625 seconds.
E1: {(4, 58), (3, 4), (226, 229), (171, 174), (175, 202), (64, 145), (34, 43), (3, 165), (24, 78), (174, 175), (28, 109), (171, 173), (21, 24), (58, 76), (3, 21), (173, 182), (31, 34), (173, 200), (31, 58), (174, 177), (76, 157), (33, 34), (145, 226), (165, 174), (202, 229), (91, 145), (174, 228), (33, 195), (28, 34)}
E2: {(166, 175), (33, 42), (14, 68), (226, 229), (39, 201), (18, 20), (119, 200), (175, 202), (118, 119), (84, 87), (66, 228), (171, 180), (87, 89), (64, 145), (29, 32), (171, 198), (75, 78), (66, 75), (109, 110), (39, 66), (174, 175), (201, 202), (81, 84), (180, 182), (36, 198), (3, 21), (66, 68), (118, 145), (29, 110), (19, 20), (36, 42), (36, 45), (174, 177), (110, 119), (81, 135), (128, 134), (42, 43), (21, 75), (18, 21), (202, 211), (59, 68), (110, 128), (182, 236), (145, 226), (202, 229), (3, 84), (19, 25), (33, 195), (0, 18), (198, 201)}
Obj: 29863

