Log for instance aco_tuning_out/inst24.txt.

Used ({'tau_0': 2.0274933728523487e-06, 'xi': 0.13405703789383258, 'q0': 0.526091823657158, 'alpha': 1.6793374858698646, 'beta': 0.6970800710605479, 'rho': 0.13613590490376215, 'ants': 11}) and found best instance after 9.859375 seconds.
E1: {(76, 92), (154, 155), (41, 43), (99, 103), (243, 251), (107, 235), (155, 187), (146, 154), (44, 45), (43, 107), (12, 13), (0, 2), (176, 240), (40, 44), (40, 41), (252, 253), (186, 250), (187, 191), (2, 130), (249, 251), (160, 176), (44, 108), (58, 186), (90, 218), (12, 76), (41, 57), (221, 253), (144, 146), (106, 107), (187, 251), (235, 251), (144, 176), (249, 253), (13, 141), (218, 250), (2, 34), (76, 108), (99, 107), (71, 103), (139, 155), (186, 190), (130, 146), (13, 15), (159, 191), (250, 251)}
E2: {(90, 91), (243, 251), (98, 226), (228, 229), (60, 62), (237, 253), (87, 95), (178, 179), (121, 249), (147, 179), (187, 191), (34, 98), (91, 95), (253, 255), (5, 37), (53, 181), (120, 122), (249, 251), (181, 183), (221, 253), (176, 178), (165, 181), (89, 91), (179, 183), (187, 251), (2, 10), (106, 122), (166, 167), (222, 254), (85, 87), (144, 176), (63, 191), (249, 253), (226, 227), (120, 121), (89, 121), (175, 191), (180, 181), (2, 34), (195, 227), (62, 63), (165, 229), (254, 255), (98, 114), (167, 183), (179, 243), (227, 231), (37, 165), (227, 243)}
Obj: 27460

