Log for instance aco_tuning_out/inst06.txt.

Used ({'tau_0': 1.3763468429827451e-06, 'xi': 0.13059886401904963, 'q0': 0.7970081104032578, 'alpha': 0.9961946895439933, 'beta': 0.8455334921092874, 'rho': 0.2687684260652423, 'ants': 32}) and found best instance after 48.1875 seconds.
E1: {(210, 242), (200, 201), (105, 107), (99, 103), (193, 201), (206, 238), (237, 253), (39, 103), (129, 131), (210, 214), (83, 91), (212, 214), (206, 207), (53, 181), (166, 174), (14, 46), (85, 213), (174, 175), (143, 175), (6, 14), (174, 190), (45, 61), (105, 109), (206, 222), (240, 242), (221, 253), (3, 131), (89, 91), (135, 143), (192, 193), (212, 213), (114, 242), (172, 174), (83, 87), (28, 29), (29, 61), (85, 87), (213, 221), (45, 109), (214, 222), (109, 237), (53, 61), (249, 253), (24, 28), (180, 181), (99, 107), (46, 174), (200, 232), (23, 87), (78, 206), (143, 207), (130, 131), (129, 193), (131, 135)}
E2: {(90, 91), (193, 195), (32, 34), (193, 201), (32, 40), (188, 190), (98, 226), (156, 158), (101, 103), (193, 225), (103, 231), (196, 197), (1, 3), (156, 188), (212, 214), (158, 222), (196, 212), (174, 175), (166, 174), (96, 97), (174, 190), (193, 197), (32, 36), (212, 244), (188, 189), (180, 188), (90, 218), (89, 91), (170, 171), (97, 101), (1, 5), (244, 245), (132, 196), (68, 196), (1, 17), (214, 222), (32, 96), (163, 171), (66, 98), (2, 34), (171, 175), (171, 187), (218, 222), (129, 193), (103, 119), (2, 3), (97, 225), (2, 18), (158, 159), (96, 98)}
Obj: 30506

