Log for instance aco_tuning_out/inst18.txt.

Used ({'tau0': 5.726334506587264e-06, 'xi': 0.09378720394945064, 'q0': 0.4650245999867171, 'alpha': 1.6109205787989367, 'beta': 0.9785683305047798, 'rho': 0.3960780669283891, 'ants': 24}) and found best instance after 16.328125 seconds.
E1: {(90, 91), (193, 201), (58, 59), (160, 168), (58, 62), (91, 123), (150, 151), (8, 9), (65, 67), (80, 208), (252, 253), (1, 3), (1, 9), (85, 213), (197, 213), (6, 14), (110, 126), (193, 197), (147, 151), (3, 67), (245, 253), (29, 31), (31, 95), (14, 30), (39, 47), (57, 59), (40, 168), (46, 62), (1, 5), (213, 215), (47, 111), (63, 191), (151, 215), (110, 238), (31, 63), (47, 63), (59, 123), (54, 62), (213, 245), (46, 110), (208, 209), (30, 62), (65, 193), (67, 99), (66, 67), (45, 47), (30, 31), (159, 191), (151, 159), (209, 213), (8, 40)}
E2: {(96, 104), (26, 30), (58, 59), (26, 27), (58, 62), (146, 154), (91, 123), (15, 143), (60, 62), (86, 87), (51, 59), (163, 179), (126, 254), (40, 44), (44, 60), (210, 211), (9, 11), (1, 3), (252, 253), (78, 110), (184, 186), (62, 126), (24, 26), (96, 97), (146, 150), (110, 126), (82, 83), (224, 240), (58, 186), (44, 172), (26, 154), (142, 143), (245, 253), (221, 253), (80, 82), (89, 91), (40, 104), (104, 232), (97, 101), (83, 87), (1, 5), (11, 27), (97, 113), (110, 238), (160, 224), (96, 224), (108, 110), (66, 98), (59, 123), (3, 11), (51, 179), (30, 62), (98, 114), (72, 104), (11, 15), (252, 254), (66, 82), (83, 211), (96, 98), (54, 62)}
Obj: 32137

