Log for instance aco_tuning_out/inst18.txt.

Used ({'tau0': 1.4630188820263259e-06, 'xi': 0.0776783694791692, 'q0': 0.7839075030693623, 'alpha': 0.5603503117369445, 'beta': 0.5204984007438819, 'rho': 0.4796233950660777, 'ants': 12}) and found best instance after 13.609375 seconds.
E1: {(128, 136), (136, 137), (193, 201), (206, 238), (70, 198), (29, 93), (128, 160), (252, 253), (114, 118), (1, 9), (148, 150), (221, 223), (1, 3), (198, 206), (132, 148), (85, 213), (62, 126), (110, 111), (209, 213), (6, 14), (128, 132), (45, 61), (193, 197), (10, 42), (206, 222), (26, 90), (147, 151), (245, 253), (46, 47), (221, 253), (159, 223), (112, 114), (39, 47), (95, 223), (46, 62), (10, 14), (1, 5), (132, 196), (29, 61), (213, 215), (213, 221), (54, 118), (80, 112), (110, 238), (85, 93), (137, 201), (42, 46), (107, 111), (222, 223), (99, 107), (46, 110), (42, 58), (26, 58), (66, 70), (9, 137), (57, 61), (196, 198), (62, 63), (151, 159), (54, 62)}
E2: {(105, 107), (154, 158), (108, 109), (12, 13), (70, 198), (206, 238), (86, 87), (5, 13), (40, 44), (210, 211), (87, 95), (8, 12), (97, 105), (252, 253), (114, 118), (8, 24), (198, 206), (158, 222), (23, 55), (105, 109), (206, 222), (25, 89), (44, 108), (163, 227), (25, 153), (99, 227), (44, 172), (51, 55), (245, 253), (221, 253), (31, 95), (142, 158), (97, 101), (234, 238), (8, 72), (19, 23), (244, 245), (9, 25), (54, 118), (232, 234), (24, 25), (240, 244), (32, 96), (184, 185), (32, 160), (153, 185), (81, 83), (98, 99), (66, 98), (188, 252), (99, 107), (60, 188), (118, 126), (23, 87), (98, 114), (78, 206), (150, 158), (107, 123), (80, 81), (66, 70), (81, 113), (19, 83), (83, 211), (30, 31), (86, 118), (172, 188), (96, 98), (8, 40)}
Obj: 37114

