Log for instance aco_tuning_out/inst12.txt.

Used ({'tau_0': 9.387858024888234e-06, 'xi': 0.14290215705758647, 'q0': 0.4917258290014144, 'alpha': 1.0227666505205433, 'beta': 1.168523363313268, 'rho': 0.2926263236671505, 'ants': 22}) and found best instance after 19.59375 seconds.
E1: {(33, 42), (162, 171), (166, 193), (118, 119), (32, 113), (171, 180), (84, 102), (171, 198), (131, 134), (193, 194), (180, 182), (120, 201), (84, 86), (36, 198), (86, 89), (38, 119), (36, 42), (86, 113), (113, 131), (109, 118), (36, 45), (128, 131), (42, 43), (119, 128), (91, 118), (0, 162), (193, 211), (33, 195), (36, 38), (113, 194), (198, 201)}
E2: {(115, 142), (4, 58), (139, 142), (43, 52), (159, 160), (59, 140), (236, 239), (142, 223), (78, 159), (134, 161), (238, 239), (198, 200), (102, 156), (160, 161), (157, 238), (51, 52), (58, 67), (86, 89), (36, 198), (25, 52), (177, 204), (135, 137), (198, 204), (27, 30), (45, 51), (109, 115), (30, 32), (4, 166), (36, 45), (27, 36), (139, 140), (64, 67), (137, 140), (156, 159), (86, 140), (58, 139), (152, 161), (142, 160), (211, 238), (51, 78), (157, 160)}
Obj: 31083

