Log for instance aco_tuning_out/inst24.txt.

Used ({'tau0': 5.572049615801917e-06, 'xi': 0.06325004225542018, 'q0': 0.8461092587771804, 'alpha': 1.389681207393384, 'beta': 0.3366413033928038, 'rho': 0.4612946765120627, 'ants': 22}) and found best instance after 9.203125 seconds.
E1: {(76, 92), (99, 103), (71, 87), (188, 190), (146, 154), (243, 251), (156, 158), (12, 13), (90, 94), (171, 235), (0, 2), (87, 95), (146, 178), (0, 8), (252, 253), (34, 98), (8, 24), (56, 58), (240, 242), (45, 61), (249, 251), (13, 29), (10, 42), (12, 76), (221, 253), (14, 15), (144, 146), (31, 95), (178, 242), (31, 159), (143, 159), (114, 242), (10, 14), (139, 171), (2, 10), (28, 29), (29, 61), (106, 122), (56, 57), (32, 96), (24, 28), (249, 253), (32, 160), (130, 162), (42, 43), (13, 141), (2, 34), (98, 99), (139, 143), (158, 190), (188, 252), (162, 178), (76, 108), (71, 103), (42, 58), (126, 127), (98, 114), (122, 126), (242, 250), (28, 156), (94, 95), (95, 127), (96, 98), (8, 40)}
E2: {(55, 63), (90, 91), (105, 107), (99, 103), (108, 109), (155, 187), (147, 155), (5, 7), (86, 87), (52, 180), (237, 253), (228, 244), (87, 95), (242, 246), (146, 178), (244, 246), (187, 191), (121, 249), (131, 195), (91, 95), (253, 255), (198, 206), (53, 181), (85, 213), (7, 71), (146, 147), (105, 109), (206, 222), (125, 127), (147, 151), (124, 125), (20, 22), (221, 253), (176, 178), (89, 91), (165, 181), (31, 95), (22, 86), (14, 30), (31, 159), (127, 255), (114, 242), (10, 14), (198, 199), (2, 10), (20, 52), (106, 122), (213, 221), (76, 78), (230, 231), (53, 55), (144, 176), (109, 237), (199, 231), (55, 183), (249, 253), (120, 121), (226, 230), (175, 191), (230, 246), (2, 34), (60, 124), (76, 108), (52, 53), (99, 107), (71, 103), (126, 127), (78, 206), (122, 126), (166, 230), (131, 147), (30, 31), (95, 127), (151, 159)}
Obj: 38751

