Log for instance aco_tuning_out/inst27.txt.

Used ({'tau0': 3.0123184321619356e-06, 'xi': 0.12162366348291398, 'q0': 0.6525057095214953, 'alpha': 0.3418731697773203, 'beta': 1.7855031617760102, 'rho': 0.2482497904794193, 'ants': 32}) and found best instance after 163.015625 seconds.
E1: {(250, 254), (154, 158), (196, 228), (243, 251), (146, 154), (155, 187), (147, 155), (30, 158), (249, 251), (100, 116), (238, 254), (146, 147), (61, 63), (147, 151), (60, 61), (144, 146), (142, 158), (39, 47), (187, 251), (27, 155), (213, 215), (29, 61), (47, 111), (213, 221), (36, 100), (100, 228), (132, 196), (151, 215), (47, 63), (11, 43), (250, 251), (3, 11), (158, 190), (43, 47), (38, 39), (113, 115), (23, 151), (38, 54), (34, 38), (115, 243), (196, 204), (36, 38), (11, 27), (209, 213)}
E2: {(119, 127), (162, 226), (15, 143), (243, 251), (101, 103), (216, 218), (176, 240), (251, 255), (123, 127), (48, 176), (253, 255), (56, 58), (240, 242), (6, 14), (146, 147), (10, 42), (125, 127), (202, 218), (221, 253), (14, 15), (144, 146), (127, 255), (14, 30), (48, 56), (10, 14), (144, 176), (56, 57), (162, 166), (111, 127), (218, 250), (226, 242), (141, 143), (42, 58), (103, 119), (242, 250), (250, 251)}
Obj: 24018

