Log for instance aco_tuning_out/inst24.txt.

Used ({'tau0': 3.0123184321619356e-06, 'xi': 0.12162366348291398, 'q0': 0.6525057095214953, 'alpha': 0.3418731697773203, 'beta': 1.7855031617760102, 'rho': 0.2482497904794193, 'ants': 32}) and found best instance after 294.46875 seconds.
E1: {(154, 155), (15, 79), (32, 34), (15, 143), (171, 235), (154, 158), (44, 45), (155, 187), (32, 40), (90, 94), (12, 13), (13, 45), (43, 171), (0, 2), (40, 44), (176, 240), (242, 243), (155, 159), (40, 56), (252, 253), (2, 130), (122, 250), (221, 223), (92, 94), (56, 58), (240, 242), (58, 122), (44, 108), (159, 223), (221, 253), (143, 159), (106, 122), (144, 176), (56, 57), (13, 141), (32, 160), (71, 79), (139, 143), (2, 34), (158, 190), (141, 143), (171, 187), (90, 122), (242, 250)}
E2: {(183, 191), (90, 91), (98, 226), (155, 187), (165, 167), (147, 155), (237, 253), (155, 159), (187, 191), (34, 98), (221, 223), (133, 165), (253, 255), (53, 181), (120, 122), (98, 106), (159, 223), (221, 253), (176, 178), (52, 60), (165, 181), (89, 91), (2, 10), (106, 122), (230, 231), (166, 167), (199, 231), (144, 176), (63, 191), (85, 93), (226, 230), (175, 191), (180, 181), (2, 34), (228, 230), (52, 53), (222, 223), (98, 114), (5, 133), (176, 180), (90, 122), (167, 183), (195, 199), (89, 93), (166, 230)}
Obj: 25702

