Log for instance aco_tuning_out/inst21.txt.

Used ({'tau0': 6.651155935593466e-06, 'xi': 0.0698190378741818, 'q0': 0.8638669115585977, 'alpha': 1.1622049190539232, 'beta': 1.595958584283492, 'rho': 0.31540247478897615, 'ants': 9}) and found best instance after 7.578125 seconds.
E1: {(81, 82), (115, 142), (3, 4), (14, 68), (171, 177), (118, 119), (66, 228), (88, 115), (32, 113), (171, 198), (46, 127), (142, 223), (152, 233), (198, 200), (45, 46), (39, 66), (200, 206), (83, 164), (171, 173), (82, 83), (81, 84), (164, 173), (36, 198), (118, 127), (173, 182), (135, 137), (66, 68), (64, 226), (36, 39), (38, 119), (118, 145), (86, 113), (197, 206), (4, 166), (224, 233), (137, 146), (82, 88), (197, 224), (145, 226), (119, 146), (3, 84), (83, 86), (36, 38)}
E2: {(81, 82), (115, 142), (3, 4), (226, 229), (45, 126), (99, 100), (88, 106), (175, 202), (84, 87), (4, 58), (58, 59), (88, 115), (29, 32), (190, 199), (29, 47), (43, 70), (234, 236), (101, 182), (16, 178), (20, 47), (100, 101), (142, 223), (75, 78), (149, 152), (0, 81), (97, 178), (96, 97), (72, 75), (16, 25), (47, 128), (191, 197), (87, 88), (58, 76), (135, 137), (20, 101), (64, 226), (99, 126), (195, 197), (118, 145), (153, 234), (109, 118), (16, 70), (88, 89), (72, 74), (76, 157), (146, 149), (91, 118), (146, 155), (137, 146), (82, 88), (70, 71), (145, 226), (229, 238), (190, 191), (128, 155), (72, 153), (96, 123), (199, 200), (202, 229), (3, 84), (211, 238), (97, 106), (65, 71), (118, 199), (65, 74), (175, 178), (29, 191), (120, 123)}
Obj: 39504

