Log for instance aco_tuning_out/inst15.txt.

Used ({'tau0': 4.426929263156353e-06, 'xi': 0.06025838234537617, 'q0': 0.705001489203017, 'alpha': 1.7379886783859488, 'beta': 1.7095931918554976, 'rho': 0.10716913974093385, 'ants': 23}) and found best instance after 37.703125 seconds.
E1: {(198, 225), (199, 205), (154, 157), (180, 234), (189, 195), (72, 78), (180, 182), (225, 226), (64, 226), (198, 199), (153, 234), (109, 118), (178, 205), (91, 118), (72, 153), (199, 200), (225, 228), (153, 154), (225, 234), (118, 199), (43, 205), (189, 198), (177, 178)}
E2: {(43, 205), (166, 175), (226, 232), (198, 225), (20, 23), (175, 202), (0, 54), (88, 115), (23, 77), (29, 191), (29, 32), (116, 134), (234, 236), (135, 153), (189, 191), (180, 234), (72, 78), (189, 195), (180, 182), (191, 197), (191, 200), (225, 226), (116, 197), (64, 226), (115, 116), (19, 20), (109, 115), (153, 234), (88, 89), (72, 74), (178, 205), (54, 72), (205, 232), (202, 211), (45, 72), (72, 153), (14, 23), (59, 77), (225, 228), (74, 77), (225, 234), (19, 25), (175, 178), (189, 198), (177, 178)}
Obj: 25312

