Log for instance aco_tuning_out/inst24.txt.

Used ({'tau0': 6.013615341921658e-06, 'xi': 0.14211938125893342, 'q0': 0.3248975661404837, 'alpha': 1.1289454136305503, 'beta': 1.4285276537384943, 'rho': 0.3107997616316016, 'ants': 20}) and found best instance after 67.921875 seconds.
E1: {(76, 92), (42, 106), (41, 43), (171, 235), (160, 168), (154, 158), (146, 154), (12, 13), (13, 45), (43, 171), (0, 2), (141, 157), (40, 41), (242, 243), (220, 252), (2, 130), (157, 159), (240, 242), (41, 45), (220, 221), (154, 218), (90, 218), (12, 76), (41, 57), (144, 146), (139, 171), (40, 168), (34, 42), (68, 76), (13, 141), (218, 250), (2, 34), (76, 108), (158, 190), (70, 71), (42, 58), (40, 42), (68, 70), (242, 250), (130, 146), (157, 221), (13, 15)}
E2: {(183, 191), (98, 226), (165, 167), (164, 165), (151, 183), (164, 180), (237, 253), (167, 231), (89, 217), (146, 178), (187, 191), (34, 98), (5, 37), (253, 255), (120, 122), (224, 228), (85, 213), (146, 147), (147, 151), (164, 228), (90, 218), (221, 253), (191, 255), (144, 146), (2, 10), (106, 122), (166, 167), (213, 221), (63, 191), (120, 124), (37, 53), (175, 191), (147, 211), (2, 34), (60, 124), (98, 114), (217, 221), (218, 222), (90, 122), (167, 183), (114, 122), (37, 165), (195, 211), (224, 226)}
Obj: 26229

