Log for instance aco_tuning_out/inst27.txt.

Used ({'tau0': 3.0001635742109975e-06, 'xi': 0.10185978321027386, 'q0': 0.44627514452798456, 'alpha': 0.42223734675301555, 'beta': 0.774592723916731, 'rho': 0.08073686501278173, 'ants': 8}) and found best instance after 280.84375 seconds.
E1: {(111, 239), (196, 228), (154, 158), (27, 59), (35, 39), (52, 116), (144, 208), (23, 31), (238, 239), (196, 212), (30, 158), (249, 251), (36, 52), (59, 63), (52, 54), (29, 31), (52, 60), (142, 158), (39, 47), (22, 54), (113, 241), (212, 213), (187, 251), (132, 196), (213, 215), (213, 221), (47, 111), (241, 249), (59, 187), (43, 47), (158, 190), (208, 209), (43, 59), (22, 30), (34, 35), (209, 241), (3, 35), (196, 204), (30, 31), (31, 63), (250, 251), (209, 213)}
E2: {(119, 127), (162, 226), (243, 251), (216, 218), (101, 109), (176, 240), (141, 157), (146, 178), (251, 255), (123, 127), (48, 176), (253, 255), (56, 58), (109, 125), (6, 14), (146, 147), (10, 42), (125, 127), (202, 218), (221, 253), (176, 178), (14, 15), (15, 47), (127, 255), (14, 30), (48, 56), (10, 14), (144, 176), (56, 57), (162, 166), (111, 127), (218, 250), (162, 178), (42, 58), (157, 221), (250, 251), (47, 111)}
Obj: 24257

