Log for instance aco_tuning_out/inst12.txt.

Used ({'tau0': 6.544509853368331e-06, 'xi': 0.05105112966369988, 'q0': 0.3218040775925436, 'alpha': 1.317829237345747, 'beta': 0.4388545186115663, 'rho': 0.34888292737798793, 'ants': 30}) and found best instance after 18.109375 seconds.
E1: {(33, 42), (84, 87), (166, 193), (87, 89), (190, 193), (29, 32), (39, 42), (84, 102), (83, 164), (82, 83), (84, 86), (164, 182), (164, 191), (39, 120), (27, 33), (27, 45), (42, 43), (82, 91), (193, 211), (190, 191), (105, 132), (82, 109), (132, 134), (87, 105), (83, 86), (27, 29), (33, 195), (29, 191), (0, 27)}
E2: {(179, 206), (63, 144), (166, 193), (43, 52), (51, 132), (135, 144), (196, 197), (75, 78), (66, 75), (218, 224), (102, 156), (143, 224), (63, 64), (35, 197), (218, 236), (200, 206), (156, 157), (49, 211), (51, 52), (89, 143), (118, 124), (25, 52), (43, 124), (35, 53), (49, 52), (45, 51), (197, 206), (63, 66), (109, 118), (75, 156), (193, 196), (177, 179), (32, 35), (197, 224), (52, 53), (32, 59), (143, 152), (51, 78), (132, 134), (223, 224)}
Obj: 30397

