Log for instance aco_tuning_out/inst30.txt.

Used ({'tau_0': 6.1953877645287985e-06, 'xi': 0.12592428493863295, 'q0': 0.5371346552036473, 'alpha': 0.6164150020009103, 'beta': 1.0047990339648631, 'rho': 0.10018538445968772, 'ants': 21}) and found best instance after 141.359375 seconds.
E1: {(93, 102), (171, 174), (162, 171), (171, 177), (125, 134), (64, 145), (40, 41), (14, 41), (195, 204), (227, 236), (151, 152), (201, 202), (171, 173), (93, 174), (145, 151), (79, 160), (40, 202), (124, 125), (118, 124), (118, 121), (173, 200), (121, 202), (109, 118), (25, 79), (201, 204), (151, 160), (120, 121), (91, 118), (0, 162), (173, 227), (32, 41), (202, 211), (174, 201), (124, 151)}
E2: {(162, 171), (171, 177), (181, 187), (64, 145), (207, 209), (116, 134), (171, 198), (116, 143), (25, 187), (195, 204), (172, 181), (198, 200), (145, 148), (136, 145), (111, 192), (166, 169), (209, 236), (45, 207), (198, 204), (118, 145), (198, 199), (169, 187), (182, 209), (109, 118), (192, 201), (171, 172), (91, 118), (0, 162), (201, 228), (135, 136), (143, 152), (114, 116), (118, 199), (148, 157), (198, 201), (198, 207), (111, 114)}
Obj: 30516

