Log for instance aco_tuning_out/inst21.txt.

Used ({'tau0': 4.324890613407541e-06, 'xi': 0.12290267674013398, 'q0': 0.47304418264323866, 'alpha': 0.9643516325370455, 'beta': 0.8937714391186662, 'rho': 0.17837160642396882, 'ants': 18}) and found best instance after 34.703125 seconds.
E1: {(198, 225), (171, 177), (21, 22), (171, 180), (31, 32), (217, 223), (171, 198), (9, 11), (11, 14), (198, 200), (64, 65), (180, 182), (216, 217), (11, 65), (135, 216), (4, 166), (18, 21), (9, 171), (71, 152), (4, 22), (216, 225), (225, 228), (18, 45), (4, 31), (65, 71), (9, 18)}
E2: {(81, 82), (69, 71), (139, 157), (208, 211), (43, 70), (234, 236), (180, 207), (72, 234), (198, 200), (0, 81), (63, 64), (180, 182), (120, 201), (7, 25), (207, 208), (81, 99), (88, 169), (168, 195), (85, 139), (68, 71), (88, 89), (63, 69), (81, 135), (63, 72), (82, 85), (82, 91), (82, 88), (59, 68), (71, 152), (7, 88), (70, 71), (45, 72), (169, 223), (69, 78), (99, 180), (32, 59), (82, 109), (207, 234), (198, 201), (198, 207), (168, 169)}
Obj: 28045

