Log for instance aco_tuning_out/inst09.txt.

Used ({'tau0': 9.563421643378381e-06, 'xi': 0.09724359984230846, 'q0': 0.3832373282206037, 'alpha': 0.33412689971093434, 'beta': 0.5388896399688413, 'rho': 0.11521783790776492, 'ants': 25}) and found best instance after 214.46875 seconds.
E1: {(96, 177), (236, 242), (158, 161), (240, 242), (86, 104), (42, 43), (14, 17), (93, 120), (84, 93), (222, 240), (84, 86), (4, 166), (153, 159), (135, 153), (102, 104), (8, 17), (222, 223), (93, 96), (15, 42), (5, 86), (161, 242), (15, 17), (4, 5), (157, 158), (78, 240), (104, 158), (5, 8), (0, 3), (3, 84), (159, 240), (8, 89)}
E2: {(96, 177), (166, 220), (112, 130), (112, 139), (139, 220), (129, 130), (123, 132), (150, 152), (129, 132), (5, 32), (139, 142), (93, 120), (51, 132), (22, 25), (112, 193), (193, 211), (4, 22), (6, 168), (132, 134), (5, 59), (142, 223), (6, 8), (168, 195), (96, 123), (0, 6), (96, 150), (93, 96), (130, 157), (4, 5), (6, 87), (45, 51), (5, 8), (87, 96), (8, 89)}
Obj: 27335

