Log for instance aco_tuning_out/inst18.txt.

Used ({'tau0': 1.3920749967998762e-06, 'xi': 0.08397237700240848, 'q0': 0.6682959638256109, 'alpha': 1.2969464614531203, 'beta': 1.130493567371472, 'rho': 0.47674134103904503, 'ants': 21}) and found best instance after 10.015625 seconds.
E1: {(105, 107), (193, 201), (58, 62), (70, 198), (86, 87), (0, 2), (87, 95), (17, 21), (2, 66), (1, 3), (1, 9), (244, 252), (85, 213), (62, 126), (9, 41), (0, 32), (193, 197), (25, 153), (147, 151), (21, 85), (193, 209), (86, 118), (150, 214), (46, 47), (31, 95), (31, 159), (17, 81), (39, 47), (46, 62), (17, 145), (1, 5), (244, 245), (213, 215), (54, 118), (1, 17), (151, 215), (110, 238), (198, 214), (31, 63), (32, 160), (145, 153), (41, 105), (213, 245), (107, 111), (99, 107), (46, 110), (21, 29), (25, 57), (80, 81), (66, 70), (90, 122), (122, 126), (214, 215), (62, 63), (45, 47), (6, 70), (151, 159), (209, 213)}
E2: {(232, 236), (156, 188), (105, 109), (31, 95), (31, 159), (91, 219), (32, 96), (24, 28), (32, 160), (213, 245), (124, 252), (118, 126), (208, 212), (80, 81), (136, 137), (108, 109), (91, 123), (156, 158), (210, 211), (114, 115), (62, 126), (142, 143), (97, 101), (1, 5), (70, 102), (184, 188), (188, 252), (76, 108), (98, 114), (66, 70), (9, 137), (30, 31), (172, 188), (96, 98), (154, 158), (168, 184), (211, 219), (163, 179), (86, 87), (12, 28), (87, 95), (97, 105), (1, 9), (91, 95), (12, 76), (143, 159), (212, 213), (76, 78), (213, 221), (110, 238), (51, 115), (51, 179), (46, 110), (150, 158), (78, 206), (136, 168), (236, 252), (160, 168), (32, 40), (72, 76), (102, 110), (85, 213), (89, 91), (46, 62), (236, 238), (85, 87), (54, 118), (208, 240), (81, 83), (60, 124), (30, 62), (142, 206), (113, 115), (83, 211)}
Obj: 37444

