Log for instance aco_tuning_out/inst15.txt.

Used ({'tau0': 6.7016855702575265e-06, 'xi': 0.11061032973207813, 'q0': 0.8522979141088549, 'alpha': 0.9933756089527778, 'beta': 1.0108153997499625, 'rho': 0.20257431029412304, 'ants': 17}) and found best instance after 16.765625 seconds.
E1: {(226, 232), (20, 23), (171, 177), (75, 237), (75, 78), (100, 101), (83, 164), (171, 173), (82, 83), (103, 157), (164, 173), (228, 237), (200, 227), (173, 182), (20, 101), (64, 226), (100, 103), (196, 205), (91, 100), (226, 227), (21, 75), (205, 232), (173, 227), (21, 23), (82, 100), (82, 109), (195, 196), (43, 205)}
E2: {(166, 175), (145, 146), (19, 46), (5, 59), (175, 202), (20, 23), (228, 229), (208, 211), (64, 145), (127, 128), (208, 214), (83, 137), (46, 127), (75, 78), (5, 86), (45, 46), (195, 213), (174, 175), (83, 164), (162, 164), (164, 173), (86, 89), (135, 137), (173, 182), (173, 200), (19, 20), (205, 214), (174, 177), (109, 127), (128, 134), (21, 75), (146, 155), (137, 146), (229, 232), (205, 232), (21, 23), (0, 162), (128, 155), (14, 23), (202, 229), (19, 25), (213, 214), (127, 208), (83, 86), (5, 32), (43, 205), (155, 236)}
Obj: 28650

