Log for instance aco_tuning_out/inst09.txt.

Used ({'tau0': 8.613914963906393e-06, 'xi': 0.14574697859969848, 'q0': 0.4568549694035073, 'alpha': 1.0997466880204505, 'beta': 1.26467494952901, 'rho': 0.20648622793681415, 'ants': 10}) and found best instance after 18.75 seconds.
E1: {(175, 184), (166, 175), (101, 155), (14, 68), (175, 202), (162, 168), (93, 120), (84, 93), (84, 102), (75, 78), (100, 101), (166, 220), (183, 184), (21, 183), (81, 84), (168, 177), (103, 157), (84, 86), (86, 89), (75, 77), (100, 103), (103, 184), (68, 77), (102, 103), (81, 135), (21, 75), (202, 205), (0, 162), (220, 223), (81, 162), (43, 205), (155, 236)}
E2: {(166, 175), (39, 201), (175, 202), (0, 54), (181, 187), (150, 151), (217, 223), (107, 134), (25, 187), (217, 235), (195, 204), (89, 107), (201, 202), (30, 39), (204, 231), (177, 186), (181, 235), (120, 201), (30, 57), (107, 188), (57, 59), (186, 188), (36, 39), (30, 32), (54, 57), (177, 231), (36, 45), (201, 204), (151, 160), (202, 211), (150, 152), (186, 187), (150, 231), (157, 160)}
Obj: 29323

