Log for instance aco_tuning_out/inst30.txt.

Used ({'tau0': 9.493726088905091e-06, 'xi': 0.11484843759454823, 'q0': 0.6111218433796399, 'alpha': 1.5748339874818995, 'beta': 1.6004495863491173, 'rho': 0.40117280761880736, 'ants': 26}) and found best instance after 18.0 seconds.
E1: {(179, 206), (19, 46), (162, 171), (14, 68), (190, 199), (179, 233), (29, 32), (199, 205), (84, 102), (171, 198), (66, 69), (152, 233), (117, 120), (198, 200), (81, 84), (209, 215), (204, 231), (209, 236), (66, 68), (134, 215), (195, 197), (198, 199), (28, 29), (205, 214), (197, 206), (177, 231), (109, 118), (69, 231), (206, 215), (117, 198), (91, 118), (64, 73), (211, 214), (0, 162), (81, 162), (28, 190), (46, 52), (19, 25), (204, 205), (118, 199), (214, 215), (46, 73), (52, 214)}
E2: {(166, 175), (162, 171), (162, 168), (170, 224), (171, 198), (100, 101), (131, 134), (122, 131), (152, 233), (199, 226), (227, 236), (83, 164), (171, 173), (82, 83), (168, 177), (189, 195), (173, 176), (164, 173), (219, 228), (200, 227), (20, 101), (164, 182), (64, 226), (108, 135), (94, 148), (198, 199), (19, 20), (95, 122), (175, 176), (109, 118), (27, 45), (168, 170), (224, 233), (91, 118), (94, 175), (219, 221), (173, 227), (0, 162), (82, 100), (108, 189), (19, 25), (118, 199), (221, 224), (148, 157), (94, 95), (189, 198), (27, 108)}
Obj: 35866

