Log for instance aco_tuning_out/inst18.txt.

Used ({'tau0': 5.886189817315941e-06, 'xi': 0.08222368157872886, 'q0': 0.5177131034654385, 'alpha': 1.8715621976373542, 'beta': 1.496250370264296, 'rho': 0.33920762188241993, 'ants': 22}) and found best instance after 13.0625 seconds.
E1: {(128, 136), (136, 137), (193, 201), (90, 94), (71, 87), (99, 103), (132, 164), (58, 62), (5, 13), (29, 93), (0, 2), (87, 95), (2, 66), (252, 253), (30, 94), (93, 95), (85, 213), (160, 164), (197, 213), (45, 61), (6, 14), (128, 132), (110, 126), (193, 197), (13, 29), (61, 63), (147, 151), (245, 253), (150, 214), (80, 82), (31, 95), (14, 30), (103, 111), (39, 47), (46, 62), (10, 14), (2, 10), (213, 215), (85, 93), (151, 215), (110, 238), (54, 62), (213, 245), (46, 110), (71, 103), (0, 128), (9, 137), (57, 61), (2, 3), (214, 215), (62, 63), (66, 82), (45, 47), (30, 31), (31, 63), (151, 159), (209, 213)}
E2: {(210, 242), (24, 88), (232, 236), (160, 168), (154, 158), (32, 40), (108, 109), (91, 123), (168, 184), (72, 88), (86, 87), (206, 238), (228, 244), (101, 109), (40, 44), (3, 19), (44, 60), (87, 95), (1, 3), (114, 118), (1, 9), (91, 95), (244, 252), (120, 122), (30, 158), (168, 232), (240, 242), (33, 35), (32, 33), (1, 33), (206, 222), (19, 51), (44, 108), (44, 172), (35, 163), (245, 253), (150, 214), (221, 253), (86, 214), (88, 120), (89, 91), (31, 95), (49, 113), (142, 158), (114, 242), (80, 88), (1, 5), (244, 245), (54, 118), (214, 222), (32, 96), (32, 160), (66, 98), (33, 49), (118, 126), (228, 236), (98, 114), (78, 206), (122, 126), (30, 31), (86, 118), (96, 98)}
Obj: 35718

