Log for instance aco_tuning_out/inst27.txt.

Used ({'tau_0': 1.3763468429827451e-06, 'xi': 0.13059886401904963, 'q0': 0.7970081104032578, 'alpha': 0.9961946895439933, 'beta': 0.8455334921092874, 'rho': 0.2687684260652423, 'ants': 32}) and found best instance after 25.03125 seconds.
E1: {(250, 254), (154, 155), (105, 107), (108, 109), (155, 187), (43, 107), (60, 62), (190, 254), (0, 2), (87, 95), (121, 249), (27, 31), (76, 204), (100, 116), (209, 213), (128, 132), (62, 190), (105, 109), (238, 254), (100, 108), (128, 144), (105, 121), (29, 31), (31, 95), (14, 30), (39, 47), (10, 14), (2, 10), (27, 155), (213, 215), (213, 221), (36, 100), (100, 228), (47, 63), (2, 34), (54, 62), (107, 111), (76, 108), (23, 87), (87, 215), (14, 142), (0, 128), (2, 3), (113, 121), (62, 63), (30, 31), (31, 63), (47, 111)}
E2: {(105, 107), (58, 59), (15, 143), (243, 251), (155, 187), (147, 155), (125, 253), (216, 218), (101, 109), (0, 2), (87, 95), (242, 243), (251, 255), (187, 191), (253, 255), (56, 58), (174, 175), (87, 119), (240, 242), (109, 125), (143, 175), (6, 14), (166, 174), (105, 109), (128, 144), (202, 218), (221, 253), (14, 15), (31, 95), (14, 30), (48, 56), (10, 14), (187, 251), (2, 10), (56, 57), (175, 191), (218, 250), (59, 123), (59, 187), (107, 111), (141, 143), (226, 242), (0, 128), (242, 250), (30, 31)}
Obj: 26132

