Log for instance aco_tuning_out/inst03.txt.

Used ({'tau_0': 4.879942623985006e-06, 'xi': 0.08399557345205959, 'q0': 0.8878104132072444, 'alpha': 1.876793500103366, 'beta': 1.500849913875006, 'rho': 0.45614013825443306, 'ants': 13}) and found best instance after 5.75 seconds.
E1: {(177, 181), (232, 236), (105, 107), (244, 246), (156, 188), (114, 118), (96, 97), (105, 109), (147, 151), (199, 207), (29, 61), (97, 113), (24, 28), (145, 147), (228, 236), (0, 64), (0, 128), (49, 57), (151, 159), (136, 137), (132, 164), (145, 149), (108, 109), (156, 158), (147, 155), (210, 211), (158, 222), (64, 68), (96, 112), (142, 143), (20, 28), (97, 101), (132, 196), (36, 164), (128, 192), (76, 108), (188, 252), (98, 114), (9, 137), (103, 119), (135, 151), (96, 98), (47, 111), (200, 201), (193, 195), (99, 103), (155, 187), (211, 219), (228, 244), (97, 105), (187, 191), (76, 204), (45, 61), (73, 77), (221, 253), (49, 113), (49, 177), (169, 233), (143, 159), (28, 29), (76, 78), (45, 173), (105, 233), (200, 232), (78, 206), (196, 198), (68, 76), (192, 194), (128, 136), (193, 201), (169, 173), (112, 240), (252, 253), (65, 73), (198, 206), (53, 181), (83, 115), (206, 222), (194, 202), (118, 246), (142, 158), (39, 47), (198, 199), (54, 118), (175, 191), (107, 111), (99, 107), (113, 115), (76, 77), (28, 92), (83, 211)}
E2: {(177, 181), (105, 107), (244, 246), (114, 118), (148, 150), (96, 97), (105, 109), (147, 151), (90, 218), (14, 15), (48, 56), (29, 61), (32, 96), (24, 28), (32, 160), (2, 34), (59, 123), (0, 128), (151, 159), (136, 137), (33, 97), (90, 94), (108, 109), (98, 226), (147, 155), (5, 7), (216, 218), (0, 2), (210, 211), (158, 222), (132, 148), (7, 71), (10, 42), (142, 143), (6, 38), (14, 30), (132, 196), (128, 192), (76, 108), (71, 103), (98, 114), (9, 137), (96, 98), (54, 62), (8, 40), (99, 103), (107, 235), (155, 187), (146, 154), (43, 171), (38, 166), (97, 105), (187, 191), (34, 98), (8, 24), (174, 175), (45, 61), (193, 197), (146, 147), (32, 36), (49, 113), (49, 177), (143, 159), (10, 14), (172, 174), (244, 245), (2, 10), (28, 29), (76, 78), (45, 109), (105, 233), (180, 181), (42, 58), (78, 206), (196, 198), (62, 63), (128, 136), (193, 201), (58, 59), (201, 233), (198, 206), (30, 94), (56, 58), (6, 14), (83, 115), (206, 222), (142, 158), (17, 81), (54, 118), (226, 230), (146, 210), (175, 191), (230, 246), (81, 83), (107, 111), (99, 107), (171, 187), (113, 115), (83, 211)}
Obj: 48137

