Log for instance aco_tuning_out/inst27.txt.

Used ({'tau0': 4.060261844275314e-06, 'xi': 0.08488866370438058, 'q0': 0.7517708033130077, 'alpha': 0.7568921075953849, 'beta': 1.442677676309637, 'rho': 0.31238065733584786, 'ants': 26}) and found best instance after 44.21875 seconds.
E1: {(183, 191), (177, 181), (105, 107), (154, 158), (132, 164), (188, 190), (243, 251), (108, 109), (43, 107), (206, 238), (187, 191), (34, 98), (27, 31), (54, 55), (30, 158), (23, 55), (249, 251), (76, 204), (105, 109), (164, 228), (181, 183), (29, 31), (221, 253), (142, 158), (112, 114), (204, 206), (187, 251), (132, 196), (213, 215), (213, 221), (63, 191), (144, 176), (36, 164), (55, 183), (249, 253), (2, 34), (158, 190), (76, 108), (107, 111), (60, 188), (142, 206), (113, 115), (112, 113), (98, 114), (176, 177), (112, 116), (2, 3), (115, 243), (196, 204), (39, 55), (30, 31), (31, 63), (250, 251), (209, 213)}
E2: {(105, 107), (58, 59), (162, 226), (243, 251), (15, 143), (125, 253), (216, 218), (176, 240), (97, 105), (48, 176), (253, 255), (249, 251), (240, 242), (6, 14), (10, 42), (151, 159), (147, 151), (202, 218), (221, 253), (14, 15), (14, 30), (97, 101), (57, 59), (143, 159), (10, 14), (115, 119), (123, 251), (144, 176), (249, 253), (162, 166), (218, 250), (59, 123), (107, 111), (226, 242), (141, 143), (42, 58), (107, 123), (242, 250), (115, 243), (250, 251)}
Obj: 27240

