Log for instance aco_tuning_out/inst09.txt.

Used ({'tau_0': 9.519734246967097e-06, 'xi': 0.07937813294122376, 'q0': 0.41673979688805995, 'alpha': 1.6749976300577816, 'beta': 0.7383106546614165, 'rho': 0.29031514757956295, 'ants': 27}) and found best instance after 11.0625 seconds.
E1: {(120, 129), (185, 188), (88, 97), (3, 4), (111, 129), (84, 87), (87, 89), (176, 185), (84, 102), (187, 188), (236, 239), (84, 111), (185, 239), (97, 178), (81, 84), (130, 157), (223, 241), (87, 88), (129, 130), (178, 187), (4, 166), (240, 241), (81, 135), (178, 205), (78, 240), (14, 176), (0, 3), (187, 241), (3, 84), (43, 205), (177, 178)}
E2: {(106, 133), (56, 62), (162, 168), (105, 186), (29, 32), (103, 106), (29, 47), (130, 133), (29, 56), (132, 133), (105, 106), (85, 103), (130, 157), (62, 80), (195, 222), (177, 186), (79, 160), (168, 186), (133, 134), (89, 143), (123, 132), (168, 222), (79, 80), (130, 211), (25, 79), (85, 166), (0, 162), (59, 62), (62, 143), (222, 223), (143, 152), (133, 160), (45, 47), (120, 123)}
Obj: 28098

