Log for instance aco_tuning_out/inst24.txt.

Used ({'tau0': 5.449825531692064e-06, 'xi': 0.10463551100918586, 'q0': 0.3791032022582517, 'alpha': 1.5968901194470106, 'beta': 0.6682022659911173, 'rho': 0.3643260630360847, 'ants': 18}) and found best instance after 11.9375 seconds.
E1: {(128, 130), (76, 92), (32, 34), (15, 143), (32, 40), (82, 90), (0, 2), (201, 233), (144, 208), (40, 56), (220, 252), (186, 250), (56, 58), (102, 110), (137, 141), (82, 83), (83, 115), (220, 221), (58, 186), (128, 144), (90, 218), (12, 76), (46, 47), (14, 15), (15, 47), (106, 110), (143, 159), (10, 14), (2, 10), (70, 102), (208, 240), (56, 57), (130, 162), (137, 201), (162, 166), (166, 182), (139, 143), (2, 34), (32, 160), (12, 14), (43, 47), (76, 108), (141, 143), (70, 71), (46, 110), (218, 250), (182, 190), (233, 235), (0, 128), (154, 186), (115, 243), (45, 47), (92, 220)}
E2: {(55, 63), (81, 85), (98, 226), (82, 90), (220, 222), (165, 167), (164, 165), (52, 180), (237, 253), (164, 180), (167, 231), (0, 2), (210, 211), (82, 114), (146, 178), (34, 98), (253, 255), (53, 181), (120, 122), (82, 83), (220, 221), (164, 228), (221, 253), (52, 60), (144, 146), (0, 1), (167, 175), (194, 226), (1, 5), (239, 255), (2, 10), (106, 122), (53, 55), (199, 231), (55, 183), (146, 210), (81, 83), (82, 210), (147, 211), (81, 89), (2, 34), (164, 166), (180, 181), (194, 210), (186, 187), (90, 122), (195, 199), (178, 186), (195, 211), (175, 239)}
Obj: 30836

