Log for instance aco_tuning_out/inst12.txt.

Used ({'tau_0': 4.854876741746394e-06, 'xi': 0.1452545140568255, 'q0': 0.42195591018398276, 'alpha': 0.3555439034289861, 'beta': 0.8668501148752592, 'rho': 0.11887721475075397, 'ants': 32}) and found best instance after 279.0625 seconds.
E1: {(83, 110), (171, 180), (207, 209), (40, 41), (181, 208), (129, 210), (40, 43), (134, 215), (27, 36), (192, 195), (83, 89), (198, 201), (210, 211), (109, 110), (82, 83), (111, 192), (36, 198), (39, 41), (191, 209), (32, 194), (82, 85), (171, 172), (85, 166), (181, 182), (208, 209), (0, 27), (39, 201), (102, 129), (83, 164), (209, 215), (164, 191), (180, 181), (192, 210), (207, 210), (91, 172), (111, 120), (192, 194), (45, 207), (201, 210)}
E2: {(72, 73), (73, 154), (207, 209), (171, 198), (136, 142), (25, 52), (134, 215), (64, 73), (184, 187), (54, 72), (139, 142), (171, 177), (151, 152), (36, 198), (209, 236), (35, 53), (36, 45), (187, 214), (32, 50), (21, 102), (214, 215), (36, 38), (198, 207), (54, 135), (21, 22), (139, 157), (184, 211), (142, 223), (34, 43), (88, 142), (34, 52), (34, 61), (209, 215), (136, 154), (61, 142), (88, 89), (50, 53), (58, 139), (38, 200), (166, 184), (58, 59), (22, 184), (72, 78), (109, 136), (142, 151), (34, 35), (52, 214)}
Obj: 35236

