Log for instance aco_tuning_out/inst15.txt.

Used ({'tau0': 5.498217034018323e-06, 'xi': 0.07476910638285614, 'q0': 0.4717218972346363, 'alpha': 1.947841791710605, 'beta': 1.831830451033867, 'rho': 0.12093333427234658, 'ants': 15}) and found best instance after 20.5 seconds.
E1: {(72, 73), (90, 91), (171, 174), (180, 186), (171, 180), (34, 43), (195, 213), (186, 213), (28, 109), (171, 173), (72, 78), (181, 235), (180, 182), (58, 76), (31, 34), (173, 200), (73, 235), (31, 58), (174, 177), (76, 157), (73, 76), (64, 73), (180, 181), (90, 171), (174, 228), (28, 34)}
E2: {(166, 175), (72, 73), (189, 216), (54, 135), (5, 59), (175, 202), (0, 54), (2, 164), (199, 202), (70, 79), (43, 70), (2, 5), (5, 86), (218, 236), (189, 195), (72, 78), (219, 228), (86, 89), (216, 217), (54, 216), (164, 182), (86, 104), (25, 79), (128, 134), (164, 218), (109, 136), (54, 72), (73, 79), (64, 73), (202, 211), (45, 72), (101, 104), (136, 217), (217, 218), (178, 232), (199, 200), (5, 14), (216, 219), (5, 32), (101, 128), (175, 178), (177, 178), (70, 232)}
Obj: 27873

