Log for instance aco_tuning_out/inst12.txt.

Used ({'tau0': 5.572049615801917e-06, 'xi': 0.06325004225542018, 'q0': 0.8461092587771804, 'alpha': 1.389681207393384, 'beta': 0.3366413033928038, 'rho': 0.4612946765120627, 'ants': 22}) and found best instance after 7.734375 seconds.
E1: {(81, 82), (4, 58), (3, 4), (84, 87), (118, 119), (87, 89), (31, 32), (208, 211), (190, 199), (84, 102), (171, 198), (190, 208), (120, 122), (81, 84), (83, 164), (82, 83), (171, 173), (6, 87), (164, 173), (36, 198), (118, 124), (43, 124), (86, 95), (164, 182), (38, 119), (31, 58), (27, 33), (95, 122), (4, 166), (27, 36), (109, 118), (110, 119), (36, 45), (128, 134), (82, 91), (110, 128), (3, 84), (0, 6), (118, 199), (83, 86), (36, 38), (33, 195)}
E2: {(43, 205), (81, 82), (166, 175), (226, 232), (106, 133), (3, 4), (58, 59), (4, 58), (226, 229), (212, 215), (84, 87), (118, 119), (175, 202), (87, 89), (208, 211), (190, 199), (208, 214), (84, 102), (171, 198), (133, 214), (38, 200), (190, 208), (45, 46), (223, 232), (81, 84), (83, 164), (82, 83), (171, 173), (51, 52), (133, 134), (164, 173), (36, 198), (58, 76), (135, 137), (64, 226), (52, 133), (38, 119), (50, 212), (205, 214), (76, 157), (46, 208), (137, 146), (146, 155), (205, 232), (146, 152), (25, 106), (32, 50), (119, 146), (82, 109), (3, 84), (202, 229), (51, 78), (118, 199), (36, 38), (214, 215), (175, 178), (177, 178), (155, 236)}
Obj: 36314

