Log for instance aco_tuning_out/inst06.txt.

Used ({'tau_0': 8.037069826251222e-06, 'xi': 0.09645020294268639, 'q0': 0.6378636958577493, 'alpha': 1.5874523603304216, 'beta': 1.117749324798499, 'rho': 0.3122873583242921, 'ants': 22}) and found best instance after 14.40625 seconds.
E1: {(200, 201), (193, 195), (193, 201), (105, 107), (81, 85), (232, 248), (84, 212), (0, 2), (29, 157), (210, 211), (135, 199), (39, 167), (157, 221), (1, 3), (2, 130), (78, 110), (198, 206), (207, 239), (110, 111), (174, 175), (166, 174), (240, 248), (128, 132), (6, 14), (192, 196), (174, 190), (105, 109), (206, 222), (180, 188), (21, 85), (188, 189), (157, 189), (248, 249), (199, 207), (0, 1), (172, 174), (198, 199), (132, 196), (28, 29), (166, 167), (45, 109), (110, 238), (24, 28), (81, 83), (81, 89), (50, 114), (2, 34), (21, 23), (107, 111), (237, 239), (46, 110), (14, 78), (200, 232), (78, 206), (80, 84), (80, 81), (0, 128), (129, 193), (1, 129), (196, 198), (83, 211), (21, 53), (195, 211), (34, 50), (172, 188), (175, 239)}
E2: {(90, 91), (193, 195), (193, 201), (32, 40), (84, 212), (0, 2), (193, 225), (17, 21), (87, 95), (196, 197), (2, 66), (244, 246), (18, 50), (187, 191), (156, 188), (157, 159), (1, 3), (69, 101), (189, 191), (34, 162), (91, 95), (68, 84), (174, 175), (166, 174), (87, 119), (128, 132), (0, 32), (174, 190), (193, 197), (32, 36), (180, 188), (188, 189), (198, 230), (162, 170), (157, 189), (89, 91), (0, 1), (5, 21), (1, 5), (244, 245), (198, 199), (132, 196), (68, 196), (199, 231), (32, 96), (226, 230), (175, 191), (230, 246), (2, 34), (162, 163), (21, 23), (23, 87), (69, 197), (0, 128), (1, 129), (196, 198), (166, 230), (34, 50)}
Obj: 34059

