Log for instance aco_tuning_out/inst03.txt.

Used ({'tau_0': 8.839185575249679e-06, 'xi': 0.14550623661925266, 'q0': 0.34798186644897255, 'alpha': 1.259708246474134, 'beta': 0.9832315705511097, 'rho': 0.4534262478421148, 'ants': 24}) and found best instance after 21.03125 seconds.
E1: {(204, 220), (232, 236), (101, 103), (20, 84), (228, 244), (39, 103), (157, 221), (187, 191), (68, 84), (185, 187), (36, 52), (202, 206), (220, 221), (25, 153), (202, 203), (52, 54), (147, 151), (202, 218), (84, 92), (204, 206), (115, 119), (20, 52), (149, 151), (149, 157), (9, 25), (195, 203), (53, 55), (24, 25), (65, 81), (240, 244), (153, 185), (175, 191), (203, 207), (204, 236), (52, 53), (203, 219), (228, 236), (113, 115), (153, 157), (25, 57), (81, 113), (210, 218), (103, 119), (135, 151), (39, 55), (92, 220)}
E2: {(192, 194), (192, 200), (200, 201), (154, 155), (132, 164), (200, 216), (98, 226), (44, 45), (107, 235), (228, 229), (43, 107), (13, 45), (197, 229), (5, 13), (164, 180), (40, 44), (155, 159), (34, 98), (224, 228), (160, 164), (128, 132), (25, 153), (229, 245), (153, 155), (194, 226), (9, 13), (49, 177), (46, 62), (34, 42), (9, 25), (134, 166), (36, 164), (128, 192), (42, 43), (98, 99), (194, 198), (42, 46), (33, 49), (107, 111), (194, 210), (164, 172), (98, 114), (40, 42), (107, 123), (48, 49), (218, 222), (0, 128), (210, 218), (134, 150), (132, 134), (17, 25), (62, 63), (13, 15), (224, 226), (17, 49)}
Obj: 31020

