Log for instance aco_tuning_out/inst12.txt.

Used ({'tau_0': 5.498217034018323e-06, 'xi': 0.07476910638285614, 'q0': 0.4717218972346363, 'alpha': 1.947841791710605, 'beta': 1.831830451033867, 'rho': 0.12093333427234658, 'ants': 15}) and found best instance after 20.53125 seconds.
E1: {(81, 82), (123, 204), (88, 115), (82, 163), (69, 150), (84, 102), (101, 182), (66, 69), (27, 28), (195, 204), (39, 66), (81, 84), (30, 39), (82, 83), (28, 109), (40, 202), (163, 166), (40, 43), (27, 30), (30, 32), (34, 115), (36, 45), (27, 36), (88, 89), (123, 150), (128, 134), (82, 91), (82, 88), (202, 211), (39, 40), (101, 128), (28, 34), (83, 101), (0, 27), (120, 123)}
E2: {(58, 59), (39, 201), (162, 171), (212, 215), (162, 168), (118, 119), (171, 198), (75, 78), (66, 75), (121, 130), (198, 200), (89, 107), (39, 66), (201, 202), (102, 104), (130, 157), (168, 177), (211, 212), (209, 215), (58, 67), (118, 121), (135, 137), (209, 236), (40, 43), (104, 107), (26, 53), (50, 212), (121, 202), (109, 118), (21, 75), (18, 21), (137, 146), (53, 134), (64, 67), (202, 211), (50, 53), (146, 152), (119, 146), (169, 223), (32, 50), (39, 40), (26, 107), (18, 45), (66, 67), (166, 169), (198, 201), (168, 169), (25, 26)}
Obj: 33798

