Log for instance aco_tuning_out/inst06.txt.

Used ({'tau0': 6.233831045293282e-06, 'xi': 0.10451661342493951, 'q0': 0.8893124268375978, 'alpha': 1.349306787935924, 'beta': 0.6109712049564031, 'rho': 0.46309129670203547, 'ants': 8}) and found best instance after 5.59375 seconds.
E1: {(177, 181), (105, 107), (156, 188), (162, 170), (20, 22), (170, 171), (31, 95), (31, 159), (29, 61), (166, 167), (240, 244), (24, 28), (0, 128), (156, 158), (12, 13), (5, 7), (22, 23), (0, 2), (39, 103), (210, 211), (114, 115), (1, 3), (132, 148), (7, 71), (142, 143), (78, 79), (14, 30), (1, 5), (129, 145), (132, 196), (135, 167), (249, 253), (130, 162), (128, 192), (6, 22), (188, 252), (71, 103), (30, 31), (99, 103), (196, 228), (188, 190), (228, 244), (187, 191), (8, 24), (91, 95), (174, 175), (224, 228), (45, 61), (12, 76), (221, 253), (49, 113), (49, 177), (143, 159), (212, 213), (10, 14), (172, 174), (2, 10), (28, 29), (76, 78), (213, 221), (110, 238), (180, 181), (46, 110), (78, 206), (8, 10), (196, 198), (19, 83), (224, 232), (79, 207), (20, 148), (206, 238), (237, 253), (252, 253), (198, 206), (53, 181), (85, 213), (143, 175), (206, 222), (89, 91), (135, 143), (142, 158), (17, 81), (19, 23), (17, 145), (13, 141), (175, 191), (81, 83), (141, 143), (99, 107), (171, 187), (113, 115), (145, 177), (1, 129), (83, 211)}
E2: {(156, 188), (122, 250), (96, 97), (105, 109), (58, 186), (212, 244), (188, 189), (90, 218), (20, 22), (170, 171), (31, 95), (179, 183), (31, 159), (1, 17), (32, 96), (2, 34), (0, 64), (218, 222), (122, 126), (97, 225), (55, 63), (108, 109), (156, 158), (12, 13), (70, 198), (0, 2), (1, 3), (186, 250), (40, 56), (132, 148), (62, 126), (249, 251), (64, 68), (142, 143), (14, 30), (95, 223), (97, 101), (1, 5), (129, 145), (132, 196), (187, 251), (213, 215), (230, 231), (249, 253), (188, 252), (76, 108), (182, 190), (14, 142), (66, 70), (129, 193), (30, 31), (215, 223), (193, 195), (163, 179), (87, 95), (97, 105), (91, 95), (174, 175), (193, 197), (32, 36), (180, 188), (12, 76), (212, 213), (10, 14), (244, 245), (2, 10), (76, 78), (199, 231), (55, 183), (166, 182), (108, 110), (46, 110), (23, 87), (78, 206), (196, 198), (19, 83), (62, 63), (193, 201), (20, 148), (252, 253), (198, 206), (56, 58), (143, 175), (174, 190), (206, 222), (18, 22), (89, 91), (142, 158), (17, 81), (46, 62), (19, 23), (17, 145), (198, 199), (13, 141), (226, 230), (55, 119), (81, 83), (141, 143), (171, 187)}
Obj: 50087

