Log for instance aco_tuning_out/inst21.txt.

Used ({'tau_0': 6.293660666238772e-06, 'xi': 0.0765998967889499, 'q0': 0.6265340995784354, 'alpha': 0.31196112568590606, 'beta': 0.6324794380700602, 'rho': 0.3069899243645694, 'ants': 19}) and found best instance after 47.125 seconds.
E1: {(166, 175), (226, 232), (179, 206), (29, 32), (179, 233), (176, 179), (29, 47), (152, 233), (174, 175), (200, 206), (223, 232), (136, 145), (209, 215), (64, 226), (182, 209), (175, 176), (174, 177), (27, 45), (206, 215), (14, 176), (145, 226), (135, 136), (47, 209), (174, 228), (27, 29), (232, 233)}
E2: {(43, 205), (18, 72), (226, 232), (199, 205), (153, 156), (135, 153), (218, 224), (152, 233), (201, 202), (218, 236), (200, 206), (223, 232), (83, 164), (162, 164), (18, 19), (0, 18), (72, 78), (156, 157), (120, 201), (164, 182), (64, 226), (196, 205), (109, 118), (59, 221), (224, 233), (164, 218), (91, 118), (202, 205), (205, 232), (0, 162), (202, 211), (206, 233), (45, 72), (72, 153), (32, 59), (83, 89), (195, 196), (118, 199), (19, 25), (221, 224), (232, 233)}
Obj: 27666

