Log for instance aco_tuning_out/inst24.txt.

Used ({'tau0': 6.7016855702575265e-06, 'xi': 0.11061032973207813, 'q0': 0.8522979141088549, 'alpha': 0.9933756089527778, 'beta': 1.0108153997499625, 'rho': 0.20257431029412304, 'ants': 17}) and found best instance after 31.71875 seconds.
E1: {(76, 92), (250, 254), (42, 106), (185, 249), (32, 34), (105, 107), (99, 103), (15, 143), (146, 154), (108, 109), (107, 235), (43, 107), (12, 13), (13, 45), (190, 254), (152, 154), (0, 2), (242, 243), (252, 253), (2, 130), (57, 185), (240, 242), (10, 42), (105, 109), (12, 76), (221, 253), (144, 152), (143, 159), (114, 242), (106, 107), (2, 10), (106, 122), (249, 253), (13, 141), (32, 160), (139, 143), (2, 34), (76, 108), (141, 143), (99, 107), (71, 103), (42, 58), (40, 42), (90, 122), (114, 122), (242, 250), (252, 254), (130, 146)}
E2: {(90, 91), (42, 106), (183, 191), (98, 226), (155, 187), (147, 155), (180, 244), (5, 7), (237, 253), (228, 244), (167, 231), (103, 231), (146, 178), (187, 191), (253, 255), (53, 181), (56, 58), (85, 213), (7, 71), (146, 147), (10, 42), (90, 218), (181, 183), (221, 253), (191, 255), (89, 91), (165, 181), (144, 146), (2, 10), (106, 122), (166, 167), (213, 221), (63, 191), (226, 227), (56, 60), (175, 191), (180, 181), (2, 34), (195, 227), (71, 103), (42, 58), (98, 114), (218, 222), (90, 122), (167, 183), (114, 122), (227, 231), (56, 120)}
Obj: 27608

