Log for instance aco_tuning_out/inst15.txt.

Used ({'tau_0': 9.701809206152345e-06, 'xi': 0.09407325991753526, 'q0': 0.3044948820351523, 'alpha': 1.8442079342859672, 'beta': 1.893720745386587, 'rho': 0.3120024078765271, 'ants': 29}) and found best instance after 17.453125 seconds.
E1: {(231, 240), (55, 136), (160, 241), (195, 213), (157, 160), (186, 213), (200, 209), (177, 186), (181, 235), (209, 215), (214, 241), (228, 231), (73, 235), (205, 214), (240, 241), (91, 100), (78, 240), (109, 136), (64, 73), (181, 182), (55, 73), (235, 241), (213, 214), (214, 215), (43, 205), (100, 181)}
E2: {(166, 184), (228, 229), (21, 22), (23, 77), (184, 211), (48, 51), (107, 134), (100, 101), (67, 229), (195, 213), (89, 107), (186, 213), (22, 184), (19, 100), (82, 83), (200, 203), (177, 186), (181, 235), (67, 76), (22, 25), (40, 43), (86, 95), (21, 48), (235, 236), (45, 51), (95, 122), (51, 213), (40, 67), (122, 203), (18, 21), (64, 67), (21, 23), (181, 182), (22, 76), (135, 136), (19, 181), (14, 23), (101, 107), (59, 77), (82, 109), (32, 59), (51, 78), (19, 22), (83, 86), (0, 18), (82, 136), (83, 101)}
Obj: 28694

