Log for instance aco_tuning_out/inst15.txt.

Used ({'tau0': 1.7311092028219667e-06, 'xi': 0.08252852050291277, 'q0': 0.30102382451999166, 'alpha': 1.4307200972470873, 'beta': 1.366990204180299, 'rho': 0.3910589486840866, 'ants': 12}) and found best instance after 5.5 seconds.
E1: {(175, 184), (38, 200), (88, 97), (33, 42), (37, 64), (55, 136), (181, 184), (147, 228), (178, 179), (181, 208), (75, 78), (93, 147), (54, 55), (97, 178), (72, 75), (136, 145), (103, 157), (16, 43), (182, 209), (37, 38), (103, 184), (36, 42), (93, 94), (177, 179), (109, 136), (55, 64), (94, 175), (82, 88), (54, 72), (16, 97), (208, 209), (91, 145), (33, 195), (36, 38), (175, 178), (82, 136)}
E2: {(179, 206), (33, 42), (15, 24), (58, 59), (45, 126), (75, 237), (15, 42), (6, 33), (32, 113), (176, 179), (135, 141), (199, 205), (10, 64), (234, 236), (178, 179), (107, 134), (57, 60), (75, 78), (16, 178), (78, 159), (57, 75), (13, 14), (6, 60), (200, 206), (107, 161), (168, 177), (165, 166), (173, 176), (228, 237), (58, 67), (173, 182), (118, 127), (141, 159), (0, 1), (89, 170), (109, 112), (24, 25), (109, 127), (168, 170), (178, 205), (42, 43), (202, 205), (202, 211), (165, 168), (126, 127), (159, 161), (57, 58), (234, 237), (112, 113), (6, 168), (10, 16), (13, 67), (33, 195), (1, 10), (118, 199), (177, 178)}
Obj: 35774

