Log for instance aco_tuning_out/inst18.txt.

Used ({'tau0': 8.598718994035021e-06, 'xi': 0.10575785607911106, 'q0': 0.5072684688226818, 'alpha': 1.441011679191464, 'beta': 1.677952088449605, 'rho': 0.3243596155081548, 'ants': 8}) and found best instance after 7.015625 seconds.
E1: {(90, 91), (193, 201), (108, 109), (58, 62), (91, 123), (180, 244), (52, 180), (151, 183), (0, 2), (128, 160), (39, 167), (2, 66), (1, 3), (123, 127), (1, 9), (148, 150), (121, 249), (252, 253), (78, 110), (56, 58), (110, 111), (14, 46), (62, 126), (209, 213), (6, 14), (85, 213), (197, 213), (193, 197), (148, 180), (52, 54), (147, 151), (64, 80), (29, 31), (31, 95), (121, 123), (31, 159), (46, 62), (10, 14), (1, 5), (244, 245), (2, 10), (76, 78), (213, 215), (45, 109), (110, 238), (249, 253), (56, 57), (151, 215), (107, 111), (76, 108), (99, 107), (46, 110), (126, 127), (0, 64), (0, 128), (167, 183), (2, 3), (62, 63), (95, 127), (151, 159), (54, 62)}
E2: {(232, 236), (24, 88), (168, 172), (160, 168), (15, 143), (136, 152), (108, 109), (91, 123), (168, 184), (180, 244), (72, 88), (86, 87), (163, 179), (228, 244), (101, 109), (5, 13), (60, 62), (210, 211), (87, 95), (35, 51), (152, 154), (252, 253), (114, 118), (211, 243), (40, 56), (172, 236), (91, 95), (78, 110), (148, 150), (62, 126), (148, 180), (108, 236), (142, 143), (35, 163), (245, 253), (221, 253), (89, 91), (31, 95), (9, 13), (46, 62), (83, 87), (236, 238), (244, 245), (80, 88), (95, 127), (88, 89), (13, 15), (110, 238), (240, 244), (56, 60), (15, 31), (46, 110), (126, 127), (228, 236), (113, 115), (66, 70), (136, 168), (70, 86), (179, 243), (115, 243), (83, 211), (30, 31), (86, 118), (54, 62)}
Obj: 35437

