Log for instance aco_tuning_out/inst09.txt.

Used ({'tau_0': 4.020220899909005e-06, 'xi': 0.13174644598316573, 'q0': 0.6110235189733683, 'alpha': 1.6598844502421457, 'beta': 1.4439786122174993, 'rho': 0.18623233223962188, 'ants': 32}) and found best instance after 30.015625 seconds.
E1: {(166, 175), (3, 4), (4, 58), (39, 201), (84, 87), (87, 89), (40, 41), (84, 102), (6, 60), (174, 175), (223, 232), (6, 87), (120, 201), (84, 86), (58, 76), (135, 137), (40, 43), (4, 166), (174, 177), (76, 157), (137, 140), (137, 155), (86, 140), (174, 201), (178, 232), (39, 40), (0, 3), (60, 78), (3, 84), (175, 178), (14, 41), (155, 236)}
E2: {(166, 175), (106, 133), (3, 4), (4, 58), (58, 59), (175, 202), (84, 87), (87, 89), (201, 202), (97, 178), (223, 232), (98, 152), (51, 52), (120, 201), (133, 134), (58, 76), (97, 98), (52, 133), (45, 51), (4, 166), (76, 157), (202, 211), (25, 106), (178, 232), (32, 59), (0, 3), (3, 84), (97, 106), (175, 178), (87, 114), (114, 195), (177, 178)}
Obj: 26751

