Log for instance aco_tuning_out/inst24.txt.

Used ({'tau_0': 1.6998009274389792e-06, 'xi': 0.07574288908876978, 'q0': 0.3437997878588728, 'alpha': 0.9960324515524092, 'beta': 0.6033193519507508, 'rho': 0.22849098583736227, 'ants': 30}) and found best instance after 176.765625 seconds.
E1: {(76, 92), (15, 79), (42, 106), (15, 143), (58, 59), (171, 235), (43, 171), (0, 2), (128, 160), (186, 250), (2, 130), (220, 252), (179, 187), (122, 250), (88, 90), (240, 248), (220, 221), (128, 144), (12, 76), (15, 47), (248, 252), (57, 59), (143, 159), (34, 42), (106, 122), (88, 92), (71, 79), (139, 143), (2, 34), (43, 47), (76, 108), (141, 143), (42, 58), (43, 59), (171, 187), (40, 42), (90, 122), (0, 128), (154, 186), (186, 190), (179, 243), (45, 47), (92, 220)}
E2: {(98, 226), (220, 222), (237, 253), (0, 2), (178, 179), (187, 191), (34, 98), (147, 179), (179, 187), (131, 195), (253, 255), (53, 181), (88, 90), (166, 230), (220, 221), (128, 144), (181, 183), (221, 253), (84, 92), (191, 255), (88, 120), (165, 181), (0, 1), (179, 183), (1, 5), (2, 10), (106, 122), (230, 231), (88, 89), (120, 124), (63, 191), (88, 92), (226, 230), (175, 191), (180, 181), (2, 34), (228, 230), (60, 124), (84, 85), (98, 114), (90, 122), (0, 128), (114, 122), (92, 220), (131, 147)}
Obj: 25062

