Log for instance aco_tuning_out/inst12.txt.

Used ({'tau0': 9.84719681858141e-06, 'xi': 0.07010842379960239, 'q0': 0.6134461647846249, 'alpha': 1.8618032848172066, 'beta': 0.8495777604552623, 'rho': 0.35523900559656113, 'ants': 21}) and found best instance after 8.375 seconds.
E1: {(81, 82), (39, 201), (162, 171), (162, 168), (118, 119), (83, 101), (171, 198), (43, 70), (101, 182), (131, 134), (122, 131), (0, 81), (38, 65), (102, 104), (30, 39), (82, 83), (165, 166), (36, 198), (86, 89), (168, 195), (86, 104), (198, 199), (39, 120), (30, 32), (36, 45), (109, 118), (119, 122), (130, 211), (91, 118), (70, 71), (81, 162), (165, 168), (130, 131), (65, 71), (118, 199), (83, 86), (36, 38), (198, 201)}
E2: {(81, 82), (58, 59), (162, 165), (162, 171), (108, 109), (162, 168), (21, 22), (125, 134), (184, 211), (217, 223), (171, 198), (125, 152), (189, 191), (198, 200), (39, 66), (218, 236), (21, 183), (22, 184), (30, 39), (82, 83), (168, 177), (165, 166), (79, 160), (124, 125), (58, 67), (36, 198), (86, 89), (78, 79), (58, 76), (81, 108), (43, 124), (22, 25), (36, 39), (30, 32), (191, 218), (36, 45), (81, 135), (151, 160), (76, 157), (73, 76), (64, 67), (73, 79), (81, 162), (217, 218), (165, 183), (21, 102), (66, 67), (124, 151), (83, 86), (189, 198)}
Obj: 33973

