Log for instance aco_tuning_out/inst06.txt.

Used ({'tau_0': 8.93751488559124e-06, 'xi': 0.07498280708831719, 'q0': 0.7003533283222684, 'alpha': 1.84655149702223, 'beta': 0.36999618301213544, 'rho': 0.353807119950786, 'ants': 24}) and found best instance after 12.234375 seconds.
E1: {(192, 194), (55, 63), (200, 201), (193, 195), (193, 201), (108, 109), (237, 253), (12, 28), (201, 233), (210, 211), (135, 199), (87, 95), (196, 197), (130, 194), (1, 3), (114, 118), (172, 236), (91, 95), (206, 207), (53, 181), (83, 211), (85, 213), (23, 55), (240, 242), (6, 14), (62, 190), (192, 196), (193, 197), (105, 109), (206, 222), (12, 76), (221, 253), (89, 91), (39, 47), (46, 62), (114, 242), (236, 238), (83, 87), (212, 213), (76, 78), (85, 87), (45, 109), (54, 118), (53, 55), (109, 237), (54, 182), (110, 238), (24, 28), (249, 253), (105, 233), (108, 110), (180, 181), (166, 182), (175, 191), (12, 14), (76, 108), (46, 110), (190, 191), (200, 232), (23, 87), (78, 206), (129, 193), (195, 199), (1, 129), (45, 47), (62, 63), (54, 62)}
E2: {(192, 194), (193, 195), (193, 201), (32, 40), (132, 164), (18, 26), (84, 212), (86, 87), (228, 244), (165, 173), (192, 224), (172, 188), (129, 131), (87, 95), (17, 21), (1, 3), (131, 195), (66, 194), (156, 188), (2, 130), (187, 191), (91, 95), (196, 212), (224, 228), (87, 119), (231, 239), (96, 97), (192, 196), (174, 190), (193, 197), (32, 36), (26, 90), (188, 189), (162, 170), (84, 86), (3, 131), (165, 181), (89, 91), (5, 21), (97, 101), (170, 174), (1, 5), (172, 174), (244, 245), (132, 196), (68, 196), (32, 96), (130, 162), (194, 195), (96, 224), (175, 191), (180, 181), (2, 34), (164, 166), (131, 163), (173, 175), (164, 172), (172, 173), (97, 225), (2, 18), (159, 191), (224, 226), (175, 239)}
Obj: 37878

