Log for instance aco_tuning_out/inst24.txt.

Used ({'tau0': 3.5413625395276035e-06, 'xi': 0.13677021617214064, 'q0': 0.40454797157881806, 'alpha': 1.9054287973649844, 'beta': 1.2761266989533575, 'rho': 0.43117638553854254, 'ants': 24}) and found best instance after 10.625 seconds.
E1: {(76, 92), (15, 79), (99, 103), (15, 143), (243, 251), (162, 226), (58, 59), (44, 45), (0, 2), (176, 240), (40, 44), (244, 246), (252, 253), (186, 250), (122, 250), (34, 162), (45, 61), (58, 122), (44, 108), (99, 227), (12, 76), (245, 253), (221, 253), (57, 59), (143, 159), (244, 245), (106, 122), (235, 251), (144, 176), (226, 227), (130, 162), (240, 244), (226, 230), (71, 79), (230, 246), (139, 143), (2, 34), (76, 108), (141, 143), (71, 103), (43, 59), (154, 186), (90, 122), (57, 61), (186, 190), (227, 243), (160, 162), (250, 251)}
E2: {(90, 91), (16, 20), (193, 195), (165, 167), (229, 237), (180, 244), (52, 180), (20, 84), (228, 244), (0, 2), (197, 229), (178, 179), (244, 246), (187, 191), (251, 255), (147, 179), (179, 187), (91, 95), (221, 223), (53, 181), (120, 122), (16, 144), (193, 197), (52, 60), (165, 181), (89, 91), (0, 1), (112, 114), (167, 175), (95, 223), (112, 120), (0, 16), (1, 5), (2, 10), (20, 52), (187, 251), (166, 167), (230, 231), (106, 122), (63, 191), (226, 230), (230, 246), (2, 34), (175, 191), (84, 85), (222, 223), (52, 53), (165, 229), (223, 255), (90, 122), (167, 183)}
Obj: 29219

