Log for instance aco_tuning_out/inst09.txt.

Used ({'tau0': 9.493726088905091e-06, 'xi': 0.11484843759454823, 'q0': 0.6111218433796399, 'alpha': 1.5748339874818995, 'beta': 1.6004495863491173, 'rho': 0.40117280761880736, 'ants': 26}) and found best instance after 12.1875 seconds.
E1: {(3, 4), (4, 58), (226, 229), (84, 87), (96, 177), (87, 89), (4, 85), (217, 223), (153, 156), (217, 226), (84, 102), (234, 236), (75, 78), (135, 153), (13, 14), (67, 229), (58, 67), (58, 76), (40, 43), (153, 234), (75, 156), (40, 67), (76, 157), (85, 166), (13, 40), (87, 96), (96, 123), (0, 3), (3, 84), (75, 76), (120, 123)}
E2: {(123, 204), (4, 58), (3, 4), (58, 59), (84, 87), (162, 168), (87, 89), (125, 134), (31, 32), (27, 28), (125, 152), (81, 84), (168, 177), (49, 211), (22, 25), (168, 195), (58, 76), (31, 34), (125, 206), (204, 206), (31, 58), (114, 123), (49, 76), (76, 157), (27, 45), (0, 162), (22, 76), (81, 162), (28, 34), (169, 223), (3, 84), (166, 169), (87, 114), (168, 169), (120, 123)}
Obj: 27149

