Log for instance aco_tuning_out/inst12.txt.

Used ({'tau_0': 7.151935564269642e-06, 'xi': 0.10184361707760894, 'q0': 0.5077701235510973, 'alpha': 0.5847895154504361, 'beta': 0.6413829753178264, 'rho': 0.2990121644546394, 'ants': 8}) and found best instance after 20.140625 seconds.
E1: {(192, 194), (81, 82), (162, 165), (39, 201), (125, 134), (194, 212), (39, 42), (84, 102), (81, 84), (162, 164), (165, 166), (42, 44), (211, 212), (120, 201), (164, 170), (84, 165), (164, 182), (32, 194), (36, 42), (89, 170), (36, 45), (192, 195), (42, 43), (192, 201), (82, 91), (0, 162), (44, 125), (82, 109), (165, 192)}
E2: {(3, 4), (4, 58), (58, 59), (166, 193), (96, 177), (159, 160), (64, 145), (31, 32), (70, 79), (107, 134), (43, 70), (75, 78), (78, 159), (142, 223), (89, 107), (83, 164), (136, 145), (82, 83), (72, 75), (136, 142), (31, 193), (79, 160), (164, 173), (150, 159), (3, 21), (173, 200), (31, 58), (25, 79), (72, 74), (21, 75), (74, 236), (45, 72), (150, 152), (193, 211), (135, 136), (82, 109), (142, 160), (21, 102), (83, 89), (96, 150), (157, 160), (82, 136)}
Obj: 30765

