Log for instance aco_tuning_out/inst03.txt.

Used ({'tau0': 8.524438848395618e-06, 'xi': 0.08260719400248602, 'q0': 0.6770641636613806, 'alpha': 0.6089210219484695, 'beta': 0.5746980829231113, 'rho': 0.06462761009956378, 'ants': 17}) and found best instance after 149.5 seconds.
E1: {(232, 236), (155, 187), (211, 219), (147, 155), (20, 84), (228, 244), (210, 211), (36, 37), (37, 39), (206, 207), (68, 84), (143, 175), (202, 206), (83, 115), (65, 97), (220, 221), (52, 54), (147, 151), (92, 220), (84, 92), (135, 143), (49, 113), (97, 101), (204, 206), (115, 119), (20, 52), (97, 113), (149, 151), (9, 25), (24, 25), (240, 244), (37, 53), (147, 211), (204, 236), (52, 53), (228, 236), (113, 115), (143, 207), (25, 57), (49, 57), (135, 151), (37, 101), (83, 211), (195, 211)}
E2: {(128, 136), (136, 137), (32, 34), (132, 164), (32, 40), (154, 158), (98, 226), (107, 235), (43, 107), (13, 45), (180, 244), (5, 13), (164, 180), (216, 218), (210, 211), (196, 197), (114, 115), (34, 98), (115, 123), (83, 211), (158, 222), (160, 164), (128, 132), (32, 36), (83, 115), (59, 63), (32, 48), (49, 113), (49, 177), (9, 13), (244, 245), (132, 196), (32, 160), (128, 192), (137, 201), (59, 123), (164, 166), (33, 49), (107, 111), (99, 107), (158, 159), (164, 172), (98, 114), (113, 115), (43, 59), (150, 158), (218, 222), (0, 128), (9, 137), (210, 218), (196, 198), (13, 15), (17, 49)}
Obj: 29086

