Log for instance aco_tuning_out/inst06.txt.

Used ({'tau0': 8.613914963906393e-06, 'xi': 0.14574697859969848, 'q0': 0.4568549694035073, 'alpha': 1.0997466880204505, 'beta': 1.26467494952901, 'rho': 0.20648622793681415, 'ants': 10}) and found best instance after 31.15625 seconds.
E1: {(128, 130), (47, 175), (148, 212), (24, 152), (81, 85), (156, 158), (206, 238), (3, 19), (233, 237), (89, 217), (82, 114), (233, 249), (206, 207), (158, 222), (148, 156), (174, 175), (166, 174), (128, 129), (240, 242), (45, 61), (174, 190), (82, 83), (206, 222), (156, 157), (148, 180), (152, 156), (39, 47), (114, 242), (19, 23), (172, 174), (134, 166), (217, 249), (53, 61), (105, 233), (128, 192), (81, 83), (81, 89), (82, 210), (158, 190), (134, 135), (46, 174), (217, 221), (78, 206), (130, 134), (19, 83), (45, 47), (157, 221), (232, 233), (6, 134)}
E2: {(193, 195), (32, 34), (32, 40), (162, 226), (193, 201), (156, 158), (86, 87), (193, 225), (196, 197), (2, 66), (100, 101), (157, 159), (34, 162), (132, 148), (148, 156), (87, 119), (193, 197), (32, 36), (81, 209), (156, 157), (4, 5), (212, 244), (148, 180), (162, 170), (193, 209), (157, 189), (170, 171), (17, 81), (244, 245), (66, 74), (132, 196), (36, 100), (74, 90), (199, 231), (32, 96), (162, 166), (163, 171), (2, 34), (81, 89), (171, 175), (158, 190), (4, 68), (4, 132), (171, 187), (66, 70), (129, 193), (70, 86), (2, 3), (195, 199), (68, 70), (2, 18), (148, 212)}
Obj: 30015

