Log for instance aco_tuning_out/inst30.txt.

Used ({'tau0': 3.986574795084688e-06, 'xi': 0.12869898263116974, 'q0': 0.7324104580466773, 'alpha': 0.38736117587741714, 'beta': 0.6247624947394189, 'rho': 0.4525392981526261, 'ants': 9}) and found best instance after 8.21875 seconds.
E1: {(83, 110), (226, 229), (20, 23), (162, 168), (96, 177), (217, 226), (109, 110), (23, 104), (5, 86), (218, 224), (152, 233), (102, 104), (218, 236), (83, 164), (162, 164), (168, 177), (164, 173), (168, 195), (64, 226), (86, 104), (173, 200), (19, 20), (224, 233), (164, 218), (128, 134), (0, 162), (110, 128), (145, 226), (229, 238), (217, 218), (14, 23), (96, 123), (211, 238), (91, 145), (5, 32), (19, 25), (83, 86), (120, 123)}
E2: {(226, 232), (162, 165), (162, 171), (171, 177), (66, 228), (83, 137), (171, 198), (66, 75), (195, 204), (152, 233), (198, 200), (83, 164), (162, 164), (82, 83), (72, 75), (204, 231), (165, 166), (7, 25), (228, 231), (135, 137), (164, 182), (64, 226), (231, 232), (76, 157), (128, 134), (137, 146), (146, 155), (82, 91), (82, 88), (0, 162), (7, 88), (45, 72), (128, 155), (82, 109), (75, 76), (198, 204), (232, 233), (155, 236)}
Obj: 32954

