Log for instance aco_tuning_out/inst21.txt.

Used ({'tau0': 6.293660666238772e-06, 'xi': 0.0765998967889499, 'q0': 0.6265340995784354, 'alpha': 0.31196112568590606, 'beta': 0.6324794380700602, 'rho': 0.3069899243645694, 'ants': 19}) and found best instance after 54.234375 seconds.
E1: {(166, 175), (226, 232), (207, 209), (135, 153), (152, 233), (174, 175), (200, 206), (223, 232), (209, 215), (64, 226), (182, 209), (153, 234), (174, 177), (206, 215), (41, 50), (32, 41), (206, 233), (178, 232), (47, 209), (174, 228), (207, 234), (45, 47), (175, 178), (14, 41), (232, 233), (47, 50)}
E2: {(72, 73), (37, 64), (0, 54), (135, 153), (152, 233), (200, 206), (223, 232), (37, 118), (72, 78), (209, 215), (211, 212), (79, 160), (39, 41), (209, 236), (195, 197), (50, 212), (182, 209), (39, 120), (89, 170), (197, 206), (109, 118), (25, 79), (206, 215), (64, 73), (91, 118), (54, 72), (73, 79), (41, 50), (32, 41), (206, 233), (45, 72), (72, 153), (32, 59), (47, 209), (45, 47), (157, 160), (37, 43), (170, 197), (232, 233), (47, 50)}
Obj: 26503

