Log for instance aco_tuning_out/inst03.txt.

Used ({'tau0': 9.342356314703797e-06, 'xi': 0.11093798894348852, 'q0': 0.3936504222796646, 'alpha': 1.8613339066625738, 'beta': 0.5900213499937936, 'rho': 0.2538267278899345, 'ants': 22}) and found best instance after 27.1875 seconds.
E1: {(232, 236), (136, 137), (210, 242), (132, 164), (211, 219), (20, 84), (210, 211), (36, 37), (206, 207), (54, 55), (68, 84), (240, 242), (143, 175), (202, 206), (147, 151), (84, 92), (135, 143), (57, 59), (204, 206), (132, 196), (187, 251), (149, 151), (68, 196), (149, 157), (115, 119), (53, 55), (36, 164), (65, 81), (123, 251), (24, 28), (37, 53), (55, 119), (147, 211), (59, 123), (204, 236), (228, 236), (113, 115), (143, 207), (9, 137), (81, 113), (219, 251), (135, 151), (196, 204), (28, 92), (37, 101), (39, 55), (157, 221), (195, 211), (132, 140), (136, 140)}
E2: {(177, 181), (32, 34), (132, 164), (32, 40), (146, 154), (98, 226), (107, 235), (43, 107), (13, 45), (5, 13), (181, 245), (164, 180), (210, 214), (196, 197), (123, 127), (34, 98), (192, 196), (32, 33), (137, 141), (32, 36), (1, 33), (32, 48), (150, 214), (208, 210), (208, 216), (0, 1), (143, 159), (1, 5), (132, 196), (63, 127), (214, 222), (36, 164), (1, 17), (13, 141), (198, 214), (146, 210), (32, 160), (111, 127), (98, 99), (137, 201), (180, 181), (164, 166), (107, 111), (141, 143), (99, 107), (164, 172), (98, 114), (9, 137), (196, 198), (13, 15)}
Obj: 30416

