Log for instance aco_tuning_out/inst27.txt.

Used ({'tau0': 4.4510989038433445e-06, 'xi': 0.08945606202546638, 'q0': 0.47345622448593194, 'alpha': 1.2900775735272525, 'beta': 0.7464788134566036, 'rho': 0.4234734074527042, 'ants': 18}) and found best instance after 9.5625 seconds.
E1: {(154, 155), (154, 158), (155, 187), (156, 158), (35, 39), (52, 116), (99, 115), (60, 62), (147, 155), (28, 30), (1, 3), (4, 36), (110, 111), (36, 52), (62, 190), (209, 213), (35, 99), (52, 54), (60, 61), (28, 60), (61, 63), (128, 144), (46, 47), (147, 151), (221, 253), (0, 1), (39, 47), (234, 238), (142, 158), (46, 62), (0, 4), (236, 238), (28, 29), (27, 155), (234, 250), (213, 215), (213, 221), (110, 238), (151, 215), (249, 253), (204, 236), (35, 43), (46, 110), (228, 236), (4, 132), (113, 115), (23, 151), (34, 35), (0, 128), (28, 156), (54, 62)}
E2: {(136, 137), (120, 248), (102, 230), (26, 30), (136, 152), (243, 251), (98, 226), (156, 158), (150, 151), (216, 218), (121, 249), (251, 255), (100, 101), (115, 123), (102, 110), (14, 46), (249, 251), (240, 248), (6, 14), (137, 141), (220, 221), (26, 90), (90, 218), (147, 151), (202, 218), (248, 249), (14, 15), (216, 220), (144, 152), (14, 30), (152, 156), (121, 123), (48, 56), (10, 14), (115, 119), (56, 57), (218, 250), (107, 111), (98, 102), (46, 110), (107, 123), (152, 216), (150, 158), (26, 58), (121, 125), (100, 102), (166, 230), (250, 251), (56, 120)}
Obj: 30528

