Log for instance aco_tuning_out/inst12.txt.

Used ({'tau_0': 4.498936448740942e-06, 'xi': 0.13853729626942535, 'q0': 0.527822666374638, 'alpha': 1.6196713237028468, 'beta': 0.6656100225587412, 'rho': 0.18622598889901743, 'ants': 24}) and found best instance after 19.234375 seconds.
E1: {(45, 126), (84, 87), (118, 119), (162, 168), (162, 180), (43, 52), (87, 89), (208, 211), (29, 32), (116, 134), (208, 214), (84, 102), (199, 208), (109, 110), (87, 168), (117, 120), (89, 116), (117, 126), (180, 182), (168, 195), (29, 110), (110, 119), (110, 116), (91, 118), (85, 166), (0, 162), (84, 85), (118, 199), (117, 118), (52, 214)}
E2: {(56, 65), (47, 53), (39, 201), (69, 71), (43, 52), (29, 32), (167, 176), (210, 211), (153, 156), (29, 47), (66, 69), (46, 127), (29, 56), (142, 223), (135, 153), (102, 156), (227, 236), (45, 46), (39, 66), (64, 65), (154, 157), (136, 142), (136, 154), (46, 47), (86, 89), (25, 52), (200, 227), (166, 167), (127, 154), (174, 177), (109, 127), (53, 134), (201, 210), (65, 227), (71, 152), (52, 53), (174, 201), (69, 78), (153, 154), (86, 167), (65, 71), (174, 176), (56, 59)}
Obj: 31081

