Log for instance aco_tuning_out/inst18.txt.

Used ({'tau_0': 1.4630188820263259e-06, 'xi': 0.0776783694791692, 'q0': 0.7839075030693623, 'alpha': 0.5603503117369445, 'beta': 0.5204984007438819, 'rho': 0.4796233950660777, 'ants': 12}) and found best instance after 12.40625 seconds.
E1: {(193, 201), (26, 30), (82, 90), (156, 158), (70, 198), (206, 238), (150, 151), (196, 197), (1, 3), (114, 118), (1, 9), (156, 188), (252, 253), (198, 206), (158, 222), (85, 213), (62, 126), (197, 213), (45, 61), (6, 14), (209, 213), (193, 197), (10, 42), (206, 222), (26, 90), (151, 159), (147, 151), (245, 253), (46, 47), (79, 111), (80, 82), (31, 95), (14, 30), (39, 47), (46, 62), (10, 14), (1, 5), (2, 10), (29, 61), (54, 118), (151, 215), (32, 96), (32, 160), (42, 46), (66, 98), (79, 95), (107, 111), (188, 252), (99, 107), (158, 159), (42, 58), (98, 114), (66, 70), (57, 61), (2, 3), (196, 198), (45, 47), (62, 63), (30, 31), (96, 98), (54, 62)}
E2: {(146, 154), (156, 158), (12, 13), (70, 198), (206, 238), (5, 13), (8, 12), (82, 114), (252, 253), (114, 118), (156, 188), (123, 127), (8, 24), (198, 206), (158, 222), (54, 55), (240, 242), (146, 150), (82, 83), (25, 89), (206, 222), (72, 200), (25, 153), (51, 55), (163, 227), (99, 227), (12, 76), (245, 253), (221, 253), (31, 95), (142, 158), (31, 159), (8, 72), (9, 13), (114, 242), (97, 101), (172, 174), (76, 78), (97, 113), (54, 118), (30, 31), (24, 25), (174, 238), (184, 185), (32, 96), (32, 160), (153, 185), (81, 83), (98, 99), (82, 210), (146, 210), (76, 108), (188, 252), (60, 188), (126, 127), (200, 232), (98, 114), (78, 206), (80, 81), (66, 70), (81, 113), (70, 86), (66, 82), (158, 159), (95, 127), (96, 98), (8, 40)}
Obj: 35285

