Log for instance aco_tuning_out/inst12.txt.

Used ({'tau0': 7.812894719628246e-06, 'xi': 0.0766649900567211, 'q0': 0.3937027431240757, 'alpha': 1.3517471324904988, 'beta': 1.9563494025351882, 'rho': 0.17338412974172868, 'ants': 20}) and found best instance after 66.828125 seconds.
E1: {(43, 205), (81, 82), (166, 175), (84, 87), (175, 202), (87, 89), (84, 102), (101, 182), (100, 101), (195, 204), (0, 81), (117, 120), (81, 84), (36, 198), (27, 30), (30, 32), (27, 36), (36, 45), (128, 134), (117, 198), (82, 91), (202, 205), (202, 211), (82, 100), (82, 109), (204, 205), (101, 128), (198, 204), (0, 27)}
E2: {(81, 82), (58, 59), (37, 64), (128, 209), (84, 87), (119, 200), (87, 89), (82, 163), (29, 32), (29, 38), (217, 223), (84, 102), (153, 159), (135, 153), (36, 37), (125, 152), (78, 159), (126, 153), (81, 84), (209, 215), (163, 166), (126, 128), (22, 25), (58, 76), (209, 236), (100, 103), (38, 119), (205, 214), (36, 45), (81, 135), (163, 217), (178, 205), (128, 134), (119, 125), (76, 157), (119, 128), (211, 214), (22, 76), (82, 100), (82, 109), (22, 103), (36, 38), (214, 215), (43, 205), (177, 178)}
Obj: 30050

