Log for instance aco_tuning_out/inst03.txt.

Used ({'tau_0': 5.498217034018323e-06, 'xi': 0.07476910638285614, 'q0': 0.4717218972346363, 'alpha': 1.947841791710605, 'beta': 1.831830451033867, 'rho': 0.12093333427234658, 'ants': 15}) and found best instance after 17.578125 seconds.
E1: {(76, 92), (232, 236), (105, 107), (211, 219), (133, 135), (29, 93), (228, 244), (79, 207), (210, 211), (87, 95), (97, 105), (65, 73), (93, 95), (76, 204), (87, 119), (143, 175), (65, 97), (202, 203), (44, 108), (108, 236), (20, 22), (20, 28), (79, 111), (135, 143), (133, 149), (39, 47), (97, 101), (28, 29), (92, 93), (97, 113), (29, 61), (68, 76), (53, 61), (240, 244), (24, 28), (203, 207), (147, 211), (79, 95), (107, 111), (171, 175), (76, 108), (203, 219), (228, 236), (171, 187), (143, 207), (9, 73), (57, 61), (36, 44), (195, 211), (93, 221), (22, 54), (47, 111)}
E2: {(15, 79), (132, 164), (33, 161), (107, 235), (43, 107), (180, 244), (13, 45), (150, 151), (5, 13), (216, 218), (0, 2), (8, 9), (17, 21), (196, 197), (0, 8), (123, 127), (148, 150), (198, 206), (132, 148), (160, 164), (160, 161), (128, 132), (206, 222), (148, 180), (154, 218), (78, 79), (79, 111), (48, 50), (5, 21), (9, 13), (244, 245), (132, 196), (161, 177), (63, 127), (36, 164), (128, 192), (226, 230), (111, 127), (73, 201), (2, 34), (50, 114), (164, 166), (107, 111), (99, 107), (164, 172), (78, 206), (9, 73), (218, 222), (0, 128), (210, 218), (196, 198), (166, 230), (34, 50), (151, 159), (8, 40)}
Obj: 32713

