Log for instance aco_tuning_out/inst18.txt.

Used ({'tau_0': 7.405500650510694e-06, 'xi': 0.0538011928337849, 'q0': 0.7808066118135257, 'alpha': 1.9053416179409846, 'beta': 1.1675645378953803, 'rho': 0.23263286946707473, 'ants': 25}) and found best instance after 16.203125 seconds.
E1: {(128, 136), (136, 137), (64, 72), (105, 107), (55, 63), (197, 205), (108, 109), (72, 88), (70, 198), (228, 244), (1, 3), (148, 150), (68, 69), (198, 206), (158, 222), (54, 55), (132, 148), (56, 58), (62, 126), (85, 213), (45, 61), (64, 68), (209, 213), (0, 32), (201, 205), (105, 109), (206, 222), (26, 90), (142, 143), (147, 151), (108, 236), (78, 79), (88, 120), (142, 158), (69, 85), (143, 159), (80, 88), (46, 62), (1, 5), (244, 245), (132, 196), (29, 61), (76, 78), (68, 196), (213, 215), (56, 57), (110, 238), (32, 160), (108, 110), (79, 95), (76, 108), (107, 111), (99, 107), (46, 110), (228, 236), (5, 69), (78, 206), (0, 64), (69, 197), (66, 70), (0, 128), (9, 137), (26, 58), (57, 61), (196, 198), (39, 55), (62, 63), (6, 70), (236, 252), (151, 159), (56, 120)}
E2: {(24, 88), (148, 150), (105, 109), (31, 95), (179, 183), (31, 159), (80, 88), (240, 244), (160, 224), (32, 160), (228, 236), (0, 64), (0, 128), (184, 248), (55, 63), (136, 137), (243, 251), (108, 109), (60, 62), (70, 198), (5, 7), (123, 127), (158, 222), (132, 148), (249, 251), (0, 32), (50, 51), (142, 143), (248, 252), (97, 101), (132, 196), (249, 253), (76, 108), (14, 78), (66, 70), (9, 137), (30, 31), (64, 72), (154, 158), (146, 154), (163, 179), (86, 87), (72, 88), (228, 244), (87, 95), (97, 105), (91, 95), (54, 55), (224, 228), (110, 126), (108, 236), (221, 253), (143, 159), (172, 174), (244, 245), (76, 78), (110, 238), (55, 183), (51, 115), (46, 110), (126, 127), (78, 206), (196, 198), (115, 243), (62, 63), (236, 252), (224, 232), (128, 136), (32, 40), (252, 253), (142, 174), (198, 206), (6, 14), (206, 222), (51, 55), (89, 91), (142, 158), (46, 62), (6, 7), (146, 210), (50, 114), (113, 115)}
Obj: 39148

