Log for instance aco_tuning_out/inst15.txt.

Used ({'tau0': 1.4630188820263259e-06, 'xi': 0.0776783694791692, 'q0': 0.7839075030693623, 'alpha': 0.5603503117369445, 'beta': 0.5204984007438819, 'rho': 0.4796233950660777, 'ants': 12}) and found best instance after 5.375 seconds.
E1: {(226, 232), (33, 42), (171, 174), (226, 229), (175, 202), (151, 232), (159, 160), (78, 159), (174, 175), (157, 160), (83, 164), (171, 173), (82, 83), (164, 173), (164, 182), (64, 226), (173, 200), (174, 177), (151, 160), (42, 43), (82, 91), (205, 232), (82, 109), (202, 229), (174, 228), (33, 195), (43, 205)}
E2: {(43, 205), (28, 46), (226, 232), (212, 239), (3, 4), (226, 229), (162, 171), (34, 196), (175, 202), (84, 87), (66, 228), (171, 177), (31, 32), (87, 89), (59, 140), (176, 185), (236, 239), (75, 78), (66, 75), (135, 153), (185, 239), (45, 46), (39, 66), (140, 158), (72, 75), (171, 173), (30, 39), (28, 109), (173, 176), (182, 185), (77, 80), (200, 227), (31, 34), (3, 30), (75, 77), (64, 226), (134, 215), (196, 205), (175, 176), (4, 166), (26, 80), (226, 227), (14, 176), (158, 239), (205, 232), (202, 211), (0, 162), (72, 153), (202, 229), (4, 31), (3, 84), (195, 196), (212, 215), (28, 34), (25, 26)}
Obj: 30434

