Log for instance aco_tuning_out/inst24.txt.

Used ({'tau_0': 6.2578016549988135e-06, 'xi': 0.07695855038194482, 'q0': 0.6338595363337294, 'alpha': 1.3781099098119947, 'beta': 1.0918136498914073, 'rho': 0.20985761634934252, 'ants': 15}) and found best instance after 10.71875 seconds.
E1: {(76, 92), (154, 155), (171, 235), (243, 251), (146, 154), (58, 62), (12, 13), (13, 45), (163, 179), (43, 171), (151, 183), (0, 2), (178, 179), (146, 178), (242, 243), (252, 253), (40, 56), (34, 162), (56, 58), (230, 238), (14, 46), (249, 251), (240, 242), (62, 190), (71, 199), (154, 218), (90, 218), (12, 76), (221, 253), (14, 15), (144, 146), (106, 110), (179, 183), (46, 62), (10, 14), (2, 10), (230, 231), (199, 231), (110, 238), (130, 162), (249, 253), (56, 57), (13, 141), (108, 110), (162, 163), (2, 34), (163, 171), (76, 108), (46, 110), (139, 155), (179, 243), (242, 250), (160, 162), (151, 159)}
E2: {(55, 63), (90, 91), (155, 187), (60, 62), (206, 238), (151, 183), (146, 178), (155, 159), (34, 98), (238, 239), (133, 165), (253, 255), (53, 181), (230, 238), (14, 46), (166, 230), (146, 147), (206, 222), (26, 90), (147, 151), (221, 253), (88, 120), (165, 181), (144, 146), (89, 91), (69, 85), (106, 110), (46, 62), (10, 14), (236, 238), (239, 255), (2, 10), (230, 231), (53, 55), (199, 231), (10, 26), (88, 89), (55, 183), (110, 238), (226, 230), (180, 181), (2, 34), (237, 239), (46, 110), (228, 236), (5, 69), (98, 114), (5, 133), (195, 199), (62, 63), (151, 159), (175, 239)}
Obj: 29479

