Log for instance aco_tuning_out/inst09.txt.

Used ({'tau_0': 9.701809206152345e-06, 'xi': 0.09407325991753526, 'q0': 0.3044948820351523, 'alpha': 1.8442079342859672, 'beta': 1.893720745386587, 'rho': 0.3120024078765271, 'ants': 29}) and found best instance after 16.296875 seconds.
E1: {(72, 73), (106, 133), (54, 135), (99, 100), (93, 120), (166, 193), (87, 89), (73, 154), (40, 41), (133, 214), (223, 232), (105, 106), (154, 157), (31, 193), (72, 78), (90, 93), (90, 99), (99, 102), (6, 87), (177, 204), (40, 43), (31, 40), (235, 236), (100, 106), (205, 214), (54, 72), (205, 232), (154, 235), (0, 6), (100, 154), (204, 205), (87, 105), (43, 205), (14, 41)}
E2: {(192, 194), (58, 59), (166, 193), (93, 120), (194, 212), (31, 32), (38, 41), (40, 41), (76, 79), (195, 204), (151, 152), (192, 193), (6, 8), (31, 193), (204, 231), (79, 160), (3, 6), (3, 12), (58, 76), (31, 40), (134, 215), (31, 58), (36, 45), (25, 79), (192, 195), (177, 231), (76, 157), (151, 160), (3, 57), (220, 223), (193, 211), (193, 220), (57, 58), (12, 93), (0, 6), (8, 89), (36, 38), (212, 215)}
Obj: 29996

