Log for instance aco_tuning_out/inst09.txt.

Used ({'tau0': 5.471123269221564e-06, 'xi': 0.0880541662185767, 'q0': 0.30146902385350893, 'alpha': 1.0903620529266727, 'beta': 0.772236865018257, 'rho': 0.4288390189950044, 'ants': 23}) and found best instance after 10.84375 seconds.
E1: {(162, 171), (171, 177), (0, 54), (153, 156), (75, 78), (61, 223), (117, 120), (62, 71), (72, 75), (156, 157), (163, 166), (89, 143), (16, 43), (135, 137), (153, 155), (117, 119), (137, 143), (21, 75), (146, 155), (137, 146), (54, 72), (0, 162), (162, 163), (62, 143), (61, 62), (72, 153), (119, 146), (17, 71), (14, 17), (21, 102), (16, 17), (155, 236)}
E2: {(154, 155), (4, 58), (58, 59), (3, 4), (147, 149), (31, 32), (76, 238), (120, 147), (170, 224), (33, 51), (149, 152), (3, 165), (149, 158), (154, 157), (157, 238), (168, 177), (165, 166), (168, 195), (58, 76), (155, 158), (31, 58), (100, 106), (45, 51), (89, 170), (128, 134), (168, 170), (25, 106), (165, 168), (128, 155), (0, 3), (211, 238), (100, 154), (33, 195), (223, 224)}
Obj: 29464

