Log for instance aco_tuning_out/inst15.txt.

Used ({'tau0': 4.020220899909005e-06, 'xi': 0.13174644598316573, 'q0': 0.6110235189733683, 'alpha': 1.6598844502421457, 'beta': 1.4439786122174993, 'rho': 0.18623233223962188, 'ants': 32}) and found best instance after 30.28125 seconds.
E1: {(175, 202), (199, 202), (176, 185), (43, 70), (174, 176), (198, 200), (67, 70), (40, 202), (69, 70), (182, 185), (198, 199), (175, 176), (109, 118), (174, 177), (40, 67), (64, 67), (91, 118), (67, 148), (69, 78), (174, 228), (118, 199), (189, 195), (148, 157), (189, 198)}
E2: {(132, 213), (39, 201), (54, 135), (109, 190), (0, 54), (43, 52), (208, 211), (208, 214), (176, 185), (234, 236), (190, 208), (198, 200), (63, 64), (39, 66), (30, 39), (213, 240), (165, 166), (182, 185), (207, 208), (168, 195), (25, 52), (45, 207), (66, 68), (30, 32), (89, 170), (63, 66), (54, 63), (174, 177), (168, 170), (14, 176), (78, 240), (59, 68), (165, 168), (174, 201), (165, 174), (234, 240), (132, 134), (174, 228), (207, 234), (174, 176), (198, 201), (198, 207), (52, 214)}
Obj: 26427

