Log for instance aco_tuning_out/inst03.txt.

Used ({'tau_0': 1.8744203829802787e-06, 'xi': 0.06974601013646063, 'q0': 0.6646227429685135, 'alpha': 0.837812461347453, 'beta': 0.9110718814664547, 'rho': 0.3627109167529502, 'ants': 14}) and found best instance after 14.46875 seconds.
E1: {(177, 181), (200, 201), (196, 228), (101, 103), (211, 219), (20, 148), (70, 198), (39, 103), (176, 240), (29, 157), (157, 221), (187, 191), (65, 73), (131, 135), (198, 206), (53, 181), (132, 148), (36, 52), (143, 175), (202, 206), (83, 115), (82, 83), (52, 54), (135, 143), (49, 113), (49, 177), (132, 196), (20, 52), (115, 119), (148, 149), (149, 157), (9, 25), (28, 29), (24, 25), (175, 191), (82, 210), (147, 211), (73, 201), (70, 71), (71, 103), (52, 53), (195, 211), (200, 232), (113, 115), (176, 177), (143, 207), (9, 73), (49, 57), (68, 70), (196, 198), (196, 204), (28, 92), (83, 211), (131, 147), (200, 204)}
E2: {(177, 181), (193, 201), (32, 40), (132, 164), (99, 103), (98, 226), (20, 148), (181, 245), (216, 218), (0, 2), (17, 21), (114, 115), (187, 191), (148, 150), (115, 123), (132, 148), (192, 193), (36, 52), (32, 33), (0, 32), (192, 196), (82, 83), (32, 36), (83, 115), (193, 197), (154, 218), (32, 48), (49, 113), (5, 21), (49, 177), (103, 111), (31, 159), (132, 196), (20, 52), (187, 251), (123, 251), (235, 251), (45, 173), (31, 63), (42, 43), (32, 160), (137, 201), (180, 181), (2, 34), (82, 210), (33, 49), (98, 99), (164, 166), (15, 31), (164, 172), (40, 42), (113, 115), (98, 114), (218, 222), (9, 137), (210, 218), (172, 173), (196, 198), (159, 191), (17, 49)}
Obj: 32909

