Log for instance aco_tuning_out/inst15.txt.

Used ({'tau_0': 8.908613414444593e-06, 'xi': 0.1316659796537964, 'q0': 0.44184378094598165, 'alpha': 1.5856828467501214, 'beta': 0.9751219636880748, 'rho': 0.2735558699054583, 'ants': 18}) and found best instance after 10.421875 seconds.
E1: {(109, 190), (190, 199), (199, 205), (75, 78), (195, 204), (199, 226), (200, 206), (204, 231), (156, 157), (228, 231), (173, 182), (172, 226), (64, 226), (204, 206), (177, 231), (69, 231), (75, 156), (69, 78), (172, 173), (204, 205), (43, 205), (91, 172)}
E2: {(203, 206), (58, 59), (194, 203), (66, 228), (32, 113), (194, 212), (135, 138), (203, 230), (40, 41), (227, 230), (75, 78), (66, 75), (131, 134), (195, 204), (227, 236), (200, 206), (28, 109), (211, 212), (84, 138), (16, 25), (58, 67), (182, 188), (177, 204), (16, 43), (40, 43), (204, 206), (41, 203), (31, 58), (113, 131), (197, 206), (89, 170), (66, 147), (40, 67), (21, 75), (18, 21), (64, 67), (85, 166), (84, 85), (18, 45), (0, 9), (66, 67), (9, 18), (28, 31), (138, 147), (170, 188), (113, 194), (14, 41), (170, 197)}
Obj: 27727

