Log for instance aco_tuning_out/inst24.txt.

Used ({'tau_0': 8.753936472387218e-06, 'xi': 0.09720016068128765, 'q0': 0.8231293796694477, 'alpha': 0.5431396504147108, 'beta': 1.6359800101718294, 'rho': 0.1536282766541045, 'ants': 15}) and found best instance after 21.5625 seconds.
E1: {(76, 92), (99, 103), (154, 158), (107, 235), (146, 154), (156, 158), (188, 190), (43, 107), (12, 13), (13, 45), (0, 2), (176, 240), (15, 143), (242, 243), (40, 56), (2, 130), (156, 188), (252, 253), (122, 250), (56, 58), (240, 242), (58, 122), (160, 176), (12, 76), (221, 253), (144, 146), (143, 159), (106, 107), (106, 122), (144, 176), (56, 57), (13, 141), (139, 143), (2, 34), (188, 252), (76, 108), (141, 143), (99, 107), (71, 103), (90, 122), (242, 250), (130, 146), (158, 159)}
E2: {(183, 191), (81, 85), (155, 187), (156, 158), (147, 155), (237, 253), (3, 19), (146, 178), (1, 3), (187, 191), (156, 188), (252, 253), (253, 255), (198, 206), (53, 181), (158, 222), (120, 122), (62, 126), (166, 230), (146, 147), (206, 222), (180, 188), (181, 183), (221, 253), (144, 146), (165, 181), (1, 5), (198, 199), (2, 10), (230, 231), (106, 122), (199, 231), (63, 191), (226, 230), (81, 83), (175, 191), (180, 181), (81, 89), (2, 34), (188, 252), (62, 63), (228, 230), (60, 188), (90, 122), (195, 199), (122, 126), (2, 3), (114, 122), (19, 83), (19, 147)}
Obj: 26807

