Log for instance aco_tuning_out/inst12.txt.

Used ({'tau0': 4.585564497822685e-06, 'xi': 0.058757171197309443, 'q0': 0.34722321487260577, 'alpha': 1.3834921966172709, 'beta': 0.8673616661090202, 'rho': 0.2097770542871472, 'ants': 11}) and found best instance after 9.4375 seconds.
E1: {(166, 175), (185, 188), (33, 42), (175, 202), (176, 185), (172, 175), (89, 107), (30, 33), (28, 109), (30, 39), (102, 183), (40, 202), (182, 185), (42, 123), (107, 188), (134, 215), (30, 32), (175, 176), (33, 34), (18, 21), (42, 43), (202, 211), (28, 34), (120, 123), (39, 40), (18, 45), (21, 102), (188, 215), (33, 195), (0, 18), (183, 185), (91, 172)}
E2: {(166, 175), (72, 73), (54, 135), (226, 235), (175, 202), (32, 113), (116, 134), (59, 140), (109, 110), (149, 152), (172, 175), (140, 149), (106, 187), (89, 116), (105, 106), (145, 148), (200, 203), (223, 241), (72, 78), (202, 203), (177, 204), (172, 226), (64, 226), (235, 236), (73, 235), (36, 42), (148, 149), (36, 45), (110, 113), (113, 140), (110, 116), (42, 43), (54, 72), (202, 211), (25, 106), (45, 72), (145, 226), (187, 241), (235, 241), (42, 204), (102, 105), (148, 157)}
Obj: 31636

