Log for instance aco_tuning_out/inst12.txt.

Used ({'tau0': 1.944733890460195e-06, 'xi': 0.10406489729971813, 'q0': 0.5015133780289627, 'alpha': 0.48372224880231074, 'beta': 1.7691019222478264, 'rho': 0.4010581607160818, 'ants': 21}) and found best instance after 49.5625 seconds.
E1: {(166, 175), (208, 211), (29, 32), (116, 134), (89, 116), (99, 102), (191, 197), (118, 121), (13, 175), (118, 127), (40, 43), (191, 209), (116, 197), (99, 126), (195, 197), (182, 209), (109, 118), (120, 121), (27, 45), (91, 118), (13, 40), (208, 209), (126, 127), (127, 208), (27, 29), (40, 121), (29, 191), (0, 27)}
E2: {(105, 107), (54, 135), (98, 107), (96, 177), (31, 32), (208, 211), (190, 199), (89, 98), (107, 134), (7, 169), (75, 78), (27, 28), (190, 208), (34, 43), (102, 156), (98, 152), (64, 65), (28, 109), (72, 75), (156, 157), (7, 25), (7, 34), (31, 34), (102, 105), (75, 156), (72, 74), (27, 45), (96, 105), (27, 54), (54, 72), (74, 236), (199, 200), (169, 223), (28, 190), (32, 59), (65, 74), (166, 169), (28, 34)}
Obj: 29364

