Log for instance aco_tuning_out/inst21.txt.

Used ({'tau0': 5.572049615801917e-06, 'xi': 0.06325004225542018, 'q0': 0.8461092587771804, 'alpha': 1.389681207393384, 'beta': 0.3366413033928038, 'rho': 0.4612946765120627, 'ants': 22}) and found best instance after 8.8125 seconds.
E1: {(81, 82), (226, 232), (115, 142), (3, 4), (226, 229), (4, 58), (39, 201), (175, 202), (171, 177), (66, 228), (31, 32), (176, 185), (171, 198), (142, 223), (152, 233), (39, 66), (83, 164), (200, 209), (171, 173), (82, 83), (209, 215), (81, 84), (51, 52), (173, 176), (164, 173), (182, 185), (31, 34), (64, 226), (205, 214), (175, 176), (45, 51), (4, 166), (31, 58), (34, 115), (81, 135), (14, 176), (205, 232), (202, 229), (3, 84), (214, 215), (198, 201), (232, 233), (52, 214)}
E2: {(43, 205), (81, 82), (185, 188), (179, 206), (88, 97), (4, 58), (3, 4), (84, 87), (118, 119), (20, 23), (88, 115), (31, 32), (64, 145), (179, 233), (112, 115), (176, 185), (59, 140), (205, 206), (152, 233), (189, 191), (185, 239), (97, 178), (200, 206), (140, 158), (81, 84), (72, 75), (82, 83), (18, 19), (209, 215), (72, 78), (214, 241), (6, 87), (7, 25), (120, 201), (36, 45), (191, 197), (36, 198), (182, 188), (86, 89), (209, 236), (31, 34), (195, 197), (38, 119), (118, 145), (238, 241), (205, 214), (196, 205), (175, 176), (197, 206), (34, 115), (31, 58), (19, 20), (109, 112), (81, 135), (157, 158), (178, 205), (196, 223), (21, 75), (23, 185), (91, 118), (18, 21), (158, 239), (7, 88), (3, 84), (0, 6), (211, 238), (83, 86), (36, 38), (214, 215), (175, 178), (198, 201), (189, 198)}
Obj: 39206

