Log for instance aco_tuning_out/inst21.txt.

Used ({'tau_0': 3.986574795084688e-06, 'xi': 0.12869898263116974, 'q0': 0.7324104580466773, 'alpha': 0.38736117587741714, 'beta': 0.6247624947394189, 'rho': 0.4525392981526261, 'ants': 9}) and found best instance after 8.296875 seconds.
E1: {(166, 175), (226, 232), (14, 68), (171, 177), (151, 232), (66, 228), (29, 32), (29, 47), (135, 153), (151, 152), (63, 64), (223, 232), (171, 173), (173, 182), (66, 68), (64, 226), (173, 200), (63, 66), (63, 72), (45, 72), (72, 153), (178, 232), (45, 47), (175, 178), (177, 178)}
E2: {(28, 46), (226, 229), (162, 171), (19, 46), (119, 200), (118, 119), (33, 51), (29, 32), (142, 223), (34, 43), (151, 152), (45, 46), (120, 122), (28, 109), (136, 145), (171, 173), (82, 83), (145, 151), (173, 182), (64, 226), (118, 145), (173, 200), (28, 29), (109, 118), (119, 122), (151, 160), (33, 34), (0, 162), (182, 236), (202, 211), (145, 226), (135, 136), (32, 59), (142, 160), (202, 229), (91, 145), (19, 25), (83, 89), (51, 78), (33, 195), (157, 160), (28, 34), (82, 136)}
Obj: 29181

