Log for instance aco_tuning_out/inst21.txt.

Used ({'tau_0': 3.0612586277534457e-06, 'xi': 0.1329622135219483, 'q0': 0.7756772068120196, 'alpha': 1.8931956829423289, 'beta': 1.9972080014998133, 'rho': 0.18753105830604566, 'ants': 22}) and found best instance after 20.21875 seconds.
E1: {(81, 82), (3, 4), (226, 229), (171, 177), (171, 180), (171, 198), (152, 233), (201, 202), (223, 232), (83, 164), (171, 173), (82, 83), (81, 84), (4, 5), (180, 182), (173, 176), (164, 173), (36, 198), (64, 226), (173, 200), (4, 166), (36, 45), (81, 135), (14, 176), (202, 205), (205, 232), (201, 228), (202, 229), (3, 84), (5, 32), (198, 201), (232, 233)}
E2: {(56, 65), (33, 42), (198, 225), (39, 201), (109, 190), (208, 211), (190, 199), (179, 233), (29, 32), (39, 42), (171, 198), (71, 233), (29, 56), (190, 208), (75, 78), (152, 233), (83, 164), (171, 173), (72, 75), (16, 25), (120, 201), (164, 173), (173, 179), (16, 43), (173, 182), (135, 216), (173, 200), (198, 199), (16, 70), (72, 74), (76, 157), (64, 70), (21, 75), (18, 21), (74, 236), (222, 223), (70, 71), (45, 72), (216, 225), (216, 222), (172, 173), (75, 76), (65, 71), (83, 89), (56, 59), (33, 195), (65, 74), (0, 18), (198, 201), (91, 172)}
Obj: 31604

