Log for instance aco_tuning_out/inst06.txt.

Used ({'tau_0': 8.839185575249679e-06, 'xi': 0.14550623661925266, 'q0': 0.34798186644897255, 'alpha': 1.259708246474134, 'beta': 0.9832315705511097, 'rho': 0.4534262478421148, 'ants': 24}) and found best instance after 55.421875 seconds.
E1: {(232, 236), (102, 230), (24, 152), (81, 85), (44, 45), (156, 158), (180, 244), (206, 238), (237, 253), (0, 2), (210, 214), (1, 3), (2, 130), (212, 214), (206, 207), (158, 222), (37, 45), (37, 39), (230, 238), (14, 46), (6, 14), (143, 175), (105, 109), (206, 222), (212, 244), (142, 143), (21, 85), (44, 172), (221, 253), (135, 143), (0, 1), (142, 158), (152, 156), (236, 238), (45, 109), (214, 222), (109, 237), (240, 244), (249, 253), (37, 53), (81, 83), (64, 192), (81, 89), (21, 23), (158, 190), (98, 102), (44, 46), (98, 114), (78, 206), (14, 142), (0, 64), (1, 129), (2, 6), (166, 230), (21, 53)}
E2: {(64, 66), (90, 91), (193, 195), (193, 201), (156, 158), (229, 231), (0, 2), (40, 44), (64, 96), (193, 225), (161, 163), (196, 197), (1, 3), (156, 188), (196, 212), (143, 175), (64, 68), (193, 197), (188, 189), (44, 172), (180, 188), (101, 117), (170, 171), (36, 44), (0, 1), (89, 91), (225, 229), (229, 245), (143, 159), (1, 5), (117, 119), (132, 196), (91, 219), (230, 231), (195, 203), (1, 17), (226, 230), (163, 171), (2, 34), (158, 190), (171, 175), (203, 219), (101, 229), (171, 187), (0, 64), (129, 193), (161, 225), (1, 129), (2, 18), (166, 230), (158, 159), (172, 188)}
Obj: 31237

