Log for instance aco_tuning_out/inst30.txt.

Used ({'tau0': 5.341643627837584e-06, 'xi': 0.12828902895224037, 'q0': 0.5825040751853071, 'alpha': 1.680352012001748, 'beta': 1.7927432976473112, 'rho': 0.24781837895583786, 'ants': 32}) and found best instance after 59.4375 seconds.
E1: {(37, 64), (171, 177), (150, 151), (208, 211), (190, 199), (190, 196), (53, 215), (171, 198), (196, 197), (9, 11), (11, 14), (190, 208), (236, 242), (19, 100), (118, 124), (134, 215), (100, 103), (198, 199), (102, 103), (91, 100), (109, 118), (197, 215), (123, 150), (91, 118), (9, 171), (50, 53), (215, 242), (150, 152), (32, 50), (199, 200), (37, 199), (0, 9), (124, 151), (195, 196), (118, 199), (19, 25), (120, 123)}
E2: {(81, 82), (19, 46), (118, 119), (125, 134), (190, 199), (167, 176), (190, 208), (227, 233), (152, 233), (227, 236), (199, 226), (45, 46), (0, 81), (173, 176), (108, 114), (173, 182), (81, 108), (64, 226), (166, 167), (109, 118), (174, 177), (226, 227), (76, 157), (46, 208), (119, 125), (81, 135), (91, 118), (82, 91), (173, 227), (22, 76), (199, 200), (19, 25), (174, 228), (118, 199), (19, 22), (174, 176), (114, 195)}
Obj: 32418

