Log for instance aco_tuning_out/inst21.txt.

Used ({'tau0': 5.471123269221564e-06, 'xi': 0.0880541662185767, 'q0': 0.30146902385350893, 'alpha': 1.0903620529266727, 'beta': 0.772236865018257, 'rho': 0.4288390189950044, 'ants': 23}) and found best instance after 11.546875 seconds.
E1: {(38, 200), (38, 41), (38, 47), (222, 231), (167, 185), (14, 95), (38, 65), (65, 146), (64, 65), (228, 231), (182, 185), (135, 137), (95, 104), (166, 167), (177, 231), (137, 146), (146, 152), (32, 41), (150, 152), (222, 223), (150, 231), (45, 47), (104, 185), (14, 41)}
E2: {(163, 164), (81, 82), (28, 55), (56, 74), (87, 89), (78, 80), (190, 193), (190, 199), (217, 223), (27, 28), (87, 168), (190, 217), (1, 82), (55, 56), (71, 80), (30, 39), (81, 87), (103, 157), (7, 25), (168, 195), (0, 1), (164, 182), (55, 217), (27, 30), (100, 103), (39, 120), (30, 32), (91, 100), (163, 217), (27, 45), (81, 135), (55, 64), (1, 163), (71, 152), (74, 236), (193, 211), (199, 200), (82, 100), (37, 199), (82, 109), (1, 7), (74, 80), (37, 43), (56, 59)}
Obj: 29122

