Log for instance aco_tuning_out/inst18.txt.

Used ({'tau0': 1.944733890460195e-06, 'xi': 0.10406489729971813, 'q0': 0.5015133780289627, 'alpha': 0.48372224880231074, 'beta': 1.7691019222478264, 'rho': 0.4010581607160818, 'ants': 21}) and found best instance after 126.1875 seconds.
E1: {(193, 201), (82, 90), (58, 62), (4, 6), (150, 151), (252, 253), (1, 3), (1, 9), (78, 110), (85, 213), (62, 126), (197, 213), (45, 61), (209, 213), (0, 32), (110, 126), (193, 197), (4, 5), (61, 63), (147, 151), (245, 253), (70, 78), (80, 82), (31, 95), (39, 47), (0, 4), (31, 159), (46, 62), (1, 5), (29, 61), (213, 215), (47, 111), (110, 238), (151, 215), (31, 63), (32, 160), (47, 63), (107, 111), (213, 245), (99, 107), (66, 70), (57, 61), (66, 82), (62, 63), (6, 70), (151, 159), (54, 62)}
E2: {(168, 172), (160, 168), (154, 158), (168, 184), (4, 6), (232, 248), (60, 62), (8, 9), (161, 163), (82, 114), (40, 56), (123, 127), (252, 253), (78, 110), (30, 158), (62, 126), (168, 232), (240, 248), (50, 51), (110, 126), (160, 161), (82, 86), (4, 5), (245, 253), (221, 253), (70, 78), (24, 56), (80, 82), (248, 252), (142, 158), (97, 101), (8, 72), (40, 168), (97, 113), (110, 238), (56, 60), (108, 110), (81, 89), (82, 210), (50, 114), (126, 127), (30, 62), (150, 158), (80, 81), (66, 70), (81, 113), (66, 82), (6, 70), (54, 62), (8, 40)}
Obj: 27262

