Log for instance aco_tuning_out/inst30.txt.

Used ({'tau_0': 5.449825531692064e-06, 'xi': 0.10463551100918586, 'q0': 0.3791032022582517, 'alpha': 1.5968901194470106, 'beta': 0.6682022659911173, 'rho': 0.3643260630360847, 'ants': 18}) and found best instance after 7.375 seconds.
E1: {(93, 102), (123, 204), (4, 58), (162, 171), (125, 134), (148, 151), (171, 198), (122, 125), (195, 204), (14, 95), (198, 200), (151, 152), (121, 148), (200, 209), (209, 215), (211, 212), (58, 67), (177, 204), (22, 25), (118, 121), (209, 236), (94, 148), (50, 212), (91, 94), (95, 122), (93, 94), (109, 118), (201, 204), (64, 67), (0, 162), (32, 50), (67, 148), (4, 22), (123, 125), (212, 215), (94, 95), (198, 201), (120, 123)}
E2: {(189, 216), (162, 171), (128, 209), (166, 193), (171, 177), (109, 190), (181, 187), (190, 193), (25, 187), (217, 235), (149, 152), (189, 191), (162, 216), (145, 148), (136, 145), (181, 235), (209, 236), (191, 200), (216, 217), (191, 209), (148, 149), (128, 134), (64, 67), (0, 162), (181, 182), (136, 217), (190, 191), (135, 136), (67, 148), (225, 228), (216, 225), (91, 145), (47, 209), (45, 47), (189, 195), (148, 157)}
Obj: 32731

