Log for instance aco_tuning_out/inst30.txt.

Used ({'tau_0': 7.812894719628246e-06, 'xi': 0.0766649900567211, 'q0': 0.3937027431240757, 'alpha': 1.3517471324904988, 'beta': 1.9563494025351882, 'rho': 0.17338412974172868, 'ants': 20}) and found best instance after 36.359375 seconds.
E1: {(3, 4), (226, 235), (32, 113), (116, 125), (125, 134), (199, 202), (199, 226), (151, 152), (201, 202), (12, 174), (124, 125), (120, 201), (7, 25), (3, 12), (118, 124), (3, 21), (113, 116), (64, 226), (235, 236), (109, 118), (174, 177), (192, 195), (192, 201), (91, 118), (202, 211), (4, 7), (12, 14), (174, 201), (199, 200), (0, 3), (21, 102), (124, 151), (118, 199)}
E2: {(145, 146), (226, 229), (162, 171), (162, 165), (171, 177), (228, 229), (208, 214), (171, 198), (199, 208), (25, 187), (199, 226), (154, 157), (136, 145), (209, 215), (165, 166), (136, 154), (36, 198), (209, 236), (134, 215), (64, 226), (118, 145), (198, 199), (182, 209), (109, 118), (196, 214), (36, 45), (187, 214), (91, 118), (0, 162), (146, 152), (199, 200), (135, 136), (195, 196), (118, 199), (214, 215)}
Obj: 29952

