Log for instance aco_tuning_out/inst21.txt.

Used ({'tau_0': 8.839185575249679e-06, 'xi': 0.14550623661925266, 'q0': 0.34798186644897255, 'alpha': 1.259708246474134, 'beta': 0.9832315705511097, 'rho': 0.4534262478421148, 'ants': 24}) and found best instance after 13.515625 seconds.
E1: {(47, 53), (226, 232), (166, 193), (171, 177), (190, 193), (190, 199), (135, 144), (11, 14), (20, 47), (190, 208), (199, 226), (11, 20), (45, 46), (223, 232), (171, 225), (46, 47), (144, 146), (225, 226), (35, 53), (64, 226), (144, 225), (46, 208), (32, 35), (146, 152), (199, 200), (225, 228), (20, 182)}
E2: {(145, 146), (68, 149), (139, 157), (64, 145), (29, 32), (190, 199), (208, 211), (199, 205), (199, 208), (135, 144), (66, 69), (149, 152), (1, 82), (39, 66), (218, 236), (223, 232), (7, 25), (118, 124), (191, 197), (182, 188), (43, 124), (144, 146), (0, 1), (66, 68), (195, 197), (85, 139), (118, 145), (39, 120), (89, 170), (191, 218), (109, 118), (27, 45), (146, 149), (91, 118), (82, 91), (82, 85), (205, 232), (59, 68), (190, 191), (199, 200), (69, 78), (170, 197), (1, 7), (118, 199), (27, 29), (170, 188), (29, 191)}
Obj: 29528

