Log for instance aco_tuning_out/inst24.txt.

Used ({'tau0': 1.3763468429827451e-06, 'xi': 0.13059886401904963, 'q0': 0.7970081104032578, 'alpha': 0.9961946895439933, 'beta': 0.8455334921092874, 'rho': 0.2687684260652423, 'ants': 32}) and found best instance after 42.796875 seconds.
E1: {(76, 92), (42, 106), (105, 107), (99, 103), (32, 40), (243, 251), (107, 235), (108, 109), (32, 34), (154, 158), (43, 107), (15, 143), (152, 154), (0, 2), (112, 240), (252, 253), (2, 130), (122, 250), (249, 251), (105, 109), (12, 76), (221, 253), (144, 152), (49, 113), (143, 159), (106, 107), (130, 138), (106, 122), (45, 109), (138, 154), (249, 253), (32, 160), (139, 143), (2, 34), (76, 108), (158, 190), (141, 143), (99, 107), (71, 103), (42, 58), (113, 115), (40, 42), (112, 113), (90, 122), (49, 57), (115, 243), (158, 159), (250, 251)}
E2: {(183, 191), (99, 103), (196, 228), (165, 167), (60, 62), (70, 198), (237, 253), (0, 2), (167, 231), (103, 231), (178, 179), (147, 179), (187, 191), (253, 255), (198, 206), (53, 181), (120, 122), (85, 213), (128, 132), (206, 222), (128, 144), (99, 227), (221, 253), (191, 255), (165, 181), (0, 1), (179, 183), (106, 107), (1, 5), (132, 196), (2, 10), (106, 122), (213, 221), (166, 167), (63, 191), (120, 121), (226, 227), (89, 121), (175, 191), (180, 181), (2, 34), (195, 227), (99, 107), (71, 103), (70, 71), (0, 128), (90, 122), (167, 183), (196, 198), (114, 122), (62, 63)}
Obj: 28756

