Log for instance aco_tuning_out/inst21.txt.

Used ({'tau_0': 5.998921288673613e-06, 'xi': 0.12799050366072715, 'q0': 0.730921478054052, 'alpha': 1.5055228070199218, 'beta': 0.3739261379740735, 'rho': 0.1599798192967875, 'ants': 28}) and found best instance after 175.53125 seconds.
E1: {(166, 175), (28, 55), (55, 136), (171, 177), (29, 32), (179, 233), (217, 223), (171, 198), (27, 28), (152, 233), (198, 200), (171, 173), (173, 176), (173, 179), (36, 198), (173, 182), (55, 217), (28, 29), (175, 176), (27, 36), (27, 45), (14, 176), (55, 64), (201, 228), (135, 136), (198, 201)}
E2: {(81, 82), (226, 229), (84, 87), (6, 33), (87, 89), (33, 51), (139, 157), (179, 233), (43, 52), (171, 198), (152, 233), (198, 200), (201, 202), (81, 84), (171, 173), (72, 78), (220, 221), (6, 87), (51, 52), (120, 201), (173, 179), (25, 52), (173, 182), (139, 220), (64, 226), (85, 139), (59, 221), (81, 135), (82, 91), (220, 223), (202, 211), (182, 236), (84, 85), (45, 72), (220, 229), (32, 59), (82, 109), (202, 229), (0, 6), (51, 78), (33, 195), (198, 201)}
Obj: 27926

