Log for instance aco_tuning_out/inst09.txt.

Used ({'tau0': 2.2570844960363238e-06, 'xi': 0.1499824051273781, 'q0': 0.6397024715024884, 'alpha': 1.3177960201993473, 'beta': 1.7274258641979925, 'rho': 0.06839890232135862, 'ants': 10}) and found best instance after 36.453125 seconds.
E1: {(43, 205), (3, 4), (160, 241), (105, 186), (159, 160), (199, 205), (84, 102), (236, 242), (78, 159), (157, 160), (81, 84), (223, 241), (177, 186), (4, 5), (214, 241), (118, 121), (205, 214), (4, 166), (81, 135), (120, 121), (81, 83), (5, 14), (0, 3), (3, 84), (83, 89), (118, 199), (102, 105), (241, 242), (105, 159)}
E2: {(166, 175), (175, 202), (160, 241), (190, 199), (29, 32), (0, 2), (199, 205), (29, 56), (2, 8), (134, 161), (195, 204), (190, 217), (117, 120), (54, 55), (55, 56), (160, 161), (223, 241), (214, 241), (79, 160), (177, 204), (2, 56), (55, 217), (205, 214), (25, 79), (54, 72), (202, 205), (211, 214), (45, 72), (152, 161), (204, 205), (118, 199), (8, 89), (117, 118), (157, 160), (56, 59)}
Obj: 27099

