Log for instance aco_tuning_out/inst06.txt.

Used ({'tau_0': 5.072339472437726e-06, 'xi': 0.06750660483788565, 'q0': 0.39673942663117334, 'alpha': 1.3764884196051321, 'beta': 0.7955077619397278, 'rho': 0.4521931615046479, 'ants': 17}) and found best instance after 10.15625 seconds.
E1: {(192, 194), (210, 242), (16, 20), (128, 130), (47, 175), (219, 223), (156, 158), (211, 219), (84, 212), (52, 180), (20, 84), (237, 253), (206, 238), (38, 166), (210, 211), (156, 188), (121, 249), (131, 135), (206, 207), (207, 239), (85, 213), (128, 129), (240, 242), (202, 206), (206, 222), (194, 202), (180, 188), (21, 85), (105, 121), (221, 253), (3, 131), (46, 47), (70, 78), (38, 46), (207, 223), (20, 52), (213, 215), (213, 221), (200, 202), (151, 215), (249, 253), (16, 24), (89, 121), (66, 98), (21, 23), (158, 190), (52, 53), (200, 232), (38, 39), (98, 114), (130, 131), (78, 206), (66, 70), (135, 151), (45, 47), (83, 211), (21, 53), (6, 70), (172, 188), (215, 223), (175, 239)}
E2: {(64, 66), (111, 239), (90, 91), (105, 107), (193, 201), (132, 164), (156, 158), (68, 100), (84, 212), (164, 180), (40, 44), (193, 225), (161, 163), (97, 105), (2, 66), (1, 3), (156, 188), (212, 220), (117, 245), (68, 84), (64, 65), (85, 213), (64, 68), (193, 197), (129, 161), (96, 100), (180, 182), (44, 172), (188, 189), (89, 91), (170, 171), (97, 101), (17, 81), (212, 213), (1, 5), (117, 119), (36, 100), (65, 81), (199, 231), (36, 164), (226, 230), (166, 182), (81, 89), (2, 34), (163, 171), (107, 111), (85, 117), (156, 220), (164, 172), (182, 190), (171, 187), (1, 65), (195, 199), (65, 193), (1, 129), (97, 225), (197, 199), (2, 18), (166, 230), (158, 159), (175, 239)}
Obj: 36978

