Log for instance aco_tuning_out/inst30.txt.

Used ({'tau_0': 6.895901444357542e-06, 'xi': 0.11930677293557751, 'q0': 0.7766820476791325, 'alpha': 1.762448247826621, 'beta': 0.8740652131662537, 'rho': 0.21713520092331218, 'ants': 13}) and found best instance after 7.8125 seconds.
E1: {(93, 102), (55, 136), (93, 120), (125, 134), (29, 32), (171, 198), (20, 47), (125, 152), (198, 200), (117, 123), (218, 236), (83, 164), (171, 173), (82, 83), (93, 174), (136, 145), (209, 215), (211, 212), (173, 176), (164, 173), (36, 198), (20, 101), (55, 217), (118, 145), (19, 20), (27, 33), (27, 36), (174, 177), (117, 198), (14, 176), (55, 64), (91, 118), (217, 218), (82, 109), (47, 209), (123, 125), (19, 25), (33, 195), (27, 29), (117, 118), (212, 215), (174, 176), (83, 101), (0, 27)}
E2: {(81, 82), (33, 42), (4, 58), (171, 174), (42, 51), (11, 173), (15, 42), (4, 85), (83, 137), (51, 132), (9, 11), (20, 47), (166, 220), (152, 233), (0, 81), (11, 20), (45, 46), (83, 164), (171, 173), (82, 83), (7, 25), (164, 173), (58, 67), (46, 47), (191, 197), (58, 76), (139, 220), (164, 182), (85, 139), (164, 191), (173, 200), (109, 118), (174, 177), (81, 135), (76, 157), (224, 233), (82, 85), (137, 146), (146, 155), (64, 67), (82, 88), (91, 118), (7, 88), (197, 224), (174, 201), (201, 228), (82, 109), (9, 15), (132, 134), (33, 195), (155, 236)}
Obj: 37362

