Log for instance aco_tuning_out/inst18.txt.

Used ({'tau_0': 1.3763468429827451e-06, 'xi': 0.13059886401904963, 'q0': 0.7970081104032578, 'alpha': 0.9961946895439933, 'beta': 0.8455334921092874, 'rho': 0.2687684260652423, 'ants': 32}) and found best instance after 33.296875 seconds.
E1: {(128, 136), (136, 137), (58, 62), (5, 7), (150, 151), (0, 2), (128, 160), (2, 66), (1, 3), (156, 188), (148, 150), (132, 148), (148, 156), (85, 213), (62, 126), (45, 61), (128, 132), (197, 213), (110, 111), (26, 90), (64, 80), (147, 151), (61, 63), (0, 1), (31, 95), (31, 159), (46, 62), (1, 5), (29, 61), (213, 215), (6, 7), (151, 215), (110, 238), (137, 201), (54, 62), (188, 252), (213, 245), (107, 111), (99, 107), (46, 110), (7, 39), (0, 64), (0, 128), (9, 137), (26, 58), (57, 61), (62, 63), (31, 63), (151, 159), (209, 213)}
E2: {(128, 136), (136, 137), (168, 172), (108, 109), (91, 123), (168, 184), (146, 154), (60, 62), (163, 179), (150, 151), (0, 2), (128, 160), (101, 109), (114, 115), (2, 66), (252, 253), (83, 91), (114, 118), (156, 188), (148, 150), (78, 110), (8, 24), (132, 148), (148, 156), (62, 126), (168, 232), (128, 132), (146, 150), (83, 115), (142, 143), (245, 253), (221, 253), (89, 91), (0, 1), (8, 72), (143, 159), (46, 62), (8, 136), (1, 5), (244, 245), (54, 118), (110, 238), (240, 244), (146, 210), (81, 83), (108, 110), (51, 115), (188, 252), (51, 179), (46, 110), (60, 188), (118, 126), (30, 62), (113, 115), (80, 81), (9, 137), (0, 128), (86, 118), (172, 188), (151, 159), (8, 40)}
Obj: 29931

