Log for instance aco_tuning_out/inst12.txt.

Used ({'tau_0': 8.839185575249679e-06, 'xi': 0.14550623661925266, 'q0': 0.34798186644897255, 'alpha': 1.259708246474134, 'beta': 0.9832315705511097, 'rho': 0.4534262478421148, 'ants': 24}) and found best instance after 11.9375 seconds.
E1: {(106, 133), (166, 184), (0, 54), (123, 124), (189, 191), (103, 130), (105, 106), (83, 164), (82, 83), (133, 134), (27, 189), (86, 89), (43, 124), (191, 194), (164, 182), (100, 103), (164, 191), (32, 194), (103, 184), (100, 106), (102, 105), (91, 100), (130, 211), (27, 45), (27, 54), (124, 133), (82, 100), (82, 109), (83, 86), (189, 195), (120, 123)}
E2: {(101, 155), (58, 59), (166, 184), (37, 64), (135, 138), (184, 211), (83, 101), (25, 187), (36, 37), (76, 79), (134, 161), (102, 156), (200, 206), (160, 161), (82, 83), (223, 241), (156, 157), (79, 160), (177, 204), (78, 79), (58, 76), (134, 215), (204, 206), (155, 236), (155, 161), (197, 206), (36, 45), (55, 58), (197, 215), (76, 157), (55, 64), (32, 59), (152, 161), (187, 241), (82, 109), (79, 241), (83, 89), (37, 43), (138, 156), (184, 187)}
Obj: 31238

