Log for instance aco_tuning_out/inst06.txt.

Used ({'tau0': 7.199516623553175e-06, 'xi': 0.11757684122784635, 'q0': 0.8950304976400971, 'alpha': 1.7862372914817117, 'beta': 1.3396042945590478, 'rho': 0.08070539620138223, 'ants': 25}) and found best instance after 75.59375 seconds.
E1: {(128, 130), (192, 200), (156, 158), (206, 238), (181, 245), (237, 253), (210, 211), (39, 167), (87, 95), (114, 115), (2, 130), (91, 95), (198, 206), (158, 222), (206, 207), (196, 212), (174, 175), (128, 129), (85, 213), (83, 211), (192, 196), (53, 181), (174, 190), (83, 115), (206, 222), (105, 109), (221, 253), (89, 91), (167, 175), (212, 213), (83, 87), (172, 174), (244, 245), (85, 87), (166, 167), (213, 221), (45, 109), (135, 167), (109, 237), (240, 244), (24, 28), (249, 253), (128, 192), (180, 181), (158, 190), (213, 245), (46, 174), (200, 232), (23, 87), (78, 206), (2, 3), (196, 198), (2, 6), (28, 156)}
E2: {(90, 91), (193, 195), (193, 201), (32, 34), (32, 40), (162, 226), (156, 158), (163, 179), (181, 245), (193, 225), (87, 95), (2, 66), (1, 3), (156, 188), (179, 187), (91, 95), (198, 206), (158, 222), (196, 212), (174, 175), (87, 119), (96, 97), (174, 190), (193, 197), (32, 36), (206, 222), (188, 189), (180, 188), (162, 170), (89, 91), (31, 95), (97, 101), (31, 159), (170, 174), (1, 5), (198, 199), (132, 196), (68, 196), (1, 17), (199, 231), (32, 96), (162, 166), (180, 181), (2, 34), (162, 163), (158, 190), (129, 193), (195, 199), (2, 3), (196, 198), (97, 225), (2, 18), (158, 159)}
Obj: 29973

