Log for instance aco_tuning_out/inst18.txt.

Used ({'tau0': 9.342356314703797e-06, 'xi': 0.11093798894348852, 'q0': 0.3936504222796646, 'alpha': 1.8613339066625738, 'beta': 0.5900213499937936, 'rho': 0.2538267278899345, 'ants': 22}) and found best instance after 29.578125 seconds.
E1: {(64, 66), (25, 29), (58, 59), (84, 212), (133, 141), (150, 151), (128, 160), (1, 3), (1, 9), (244, 252), (62, 126), (88, 90), (137, 141), (59, 63), (212, 244), (64, 80), (147, 151), (46, 47), (0, 1), (57, 59), (22, 150), (39, 47), (46, 62), (1, 5), (80, 88), (244, 245), (95, 127), (9, 25), (47, 111), (209, 211), (110, 238), (151, 215), (137, 201), (111, 127), (147, 211), (6, 22), (107, 111), (84, 85), (133, 197), (99, 107), (46, 110), (80, 84), (25, 57), (0, 64), (9, 137), (0, 128), (45, 47), (62, 63), (22, 54), (151, 159), (54, 62)}
E2: {(24, 152), (99, 103), (72, 76), (232, 248), (101, 103), (99, 115), (116, 244), (152, 154), (128, 160), (40, 44), (44, 60), (114, 115), (210, 214), (220, 252), (1, 9), (114, 118), (115, 123), (78, 110), (244, 252), (14, 46), (152, 184), (110, 126), (25, 89), (220, 221), (163, 227), (116, 118), (99, 227), (44, 172), (84, 86), (150, 214), (70, 78), (86, 214), (248, 252), (0, 1), (14, 30), (1, 5), (244, 245), (76, 78), (9, 25), (54, 118), (24, 25), (240, 244), (110, 238), (51, 115), (76, 108), (44, 46), (46, 110), (118, 126), (113, 115), (14, 142), (80, 84), (0, 128), (66, 70), (70, 86), (184, 248)}
Obj: 30831

