Log for instance aco_tuning_out/inst12.txt.

Used ({'tau_0': 4.324890613407541e-06, 'xi': 0.12290267674013398, 'q0': 0.47304418264323866, 'alpha': 0.9643516325370455, 'beta': 0.8937714391186662, 'rho': 0.17837160642396882, 'ants': 18}) and found best instance after 37.640625 seconds.
E1: {(123, 204), (102, 129), (2, 164), (0, 2), (112, 115), (123, 124), (2, 8), (166, 220), (195, 204), (112, 139), (42, 44), (35, 44), (139, 220), (164, 182), (36, 42), (123, 132), (91, 97), (109, 112), (8, 35), (36, 45), (32, 35), (42, 43), (220, 238), (129, 132), (211, 238), (132, 134), (115, 124), (42, 204), (8, 89), (97, 124), (120, 123)}
E2: {(6, 15), (58, 59), (36, 117), (108, 109), (84, 87), (52, 214), (15, 42), (43, 52), (139, 157), (116, 134), (84, 102), (225, 227), (227, 233), (166, 220), (152, 233), (58, 220), (227, 236), (6, 60), (63, 64), (6, 8), (58, 61), (6, 87), (108, 117), (60, 61), (25, 52), (200, 227), (139, 220), (63, 225), (108, 135), (36, 42), (8, 35), (36, 45), (32, 35), (42, 43), (36, 63), (211, 214), (35, 116), (60, 78), (15, 177), (8, 89), (61, 223)}
Obj: 30108

