Log for instance aco_tuning_out/inst09.txt.

Used ({'tau0': 3.0001635742109975e-06, 'xi': 0.10185978321027386, 'q0': 0.44627514452798456, 'alpha': 0.42223734675301555, 'beta': 0.774592723916731, 'rho': 0.08073686501278173, 'ants': 8}) and found best instance after 267.15625 seconds.
E1: {(84, 87), (42, 51), (87, 89), (39, 42), (84, 102), (135, 153), (87, 168), (81, 84), (154, 157), (168, 177), (3, 12), (12, 39), (235, 236), (39, 120), (81, 135), (42, 43), (12, 14), (154, 235), (169, 223), (0, 3), (153, 154), (3, 84), (51, 78), (166, 169), (168, 169)}
E2: {(5, 59), (6, 24), (24, 51), (125, 134), (87, 89), (51, 132), (87, 168), (125, 152), (6, 8), (130, 157), (168, 177), (6, 87), (168, 195), (129, 130), (123, 132), (45, 51), (24, 25), (130, 211), (169, 223), (5, 8), (129, 132), (0, 6), (123, 125), (5, 32), (166, 169), (168, 169), (120, 123)}
Obj: 23685

