Log for instance aco_tuning_out/inst09.txt.

Used ({'tau_0': 3.462877209278076e-06, 'xi': 0.0658154748162855, 'q0': 0.6970370798529836, 'alpha': 1.3037173239481683, 'beta': 0.3291761938293081, 'rho': 0.413035014315252, 'ants': 16}) and found best instance after 5.390625 seconds.
E1: {(166, 175), (81, 82), (226, 232), (226, 229), (84, 87), (96, 177), (120, 147), (84, 102), (75, 78), (14, 95), (175, 229), (205, 206), (97, 178), (96, 97), (81, 84), (82, 83), (148, 229), (209, 215), (147, 148), (156, 157), (86, 89), (209, 236), (86, 95), (196, 205), (75, 156), (81, 135), (206, 215), (178, 205), (196, 223), (205, 232), (87, 96), (0, 3), (3, 84), (83, 86), (43, 205), (148, 157)}
E2: {(81, 82), (3, 4), (4, 58), (6, 24), (166, 193), (84, 87), (0, 54), (87, 89), (29, 32), (83, 137), (123, 124), (114, 115), (142, 223), (195, 204), (192, 193), (81, 84), (83, 164), (82, 83), (171, 173), (171, 225), (204, 231), (6, 87), (111, 192), (164, 173), (177, 204), (58, 76), (28, 29), (114, 123), (34, 115), (24, 25), (76, 157), (128, 134), (137, 146), (146, 155), (54, 72), (146, 152), (45, 72), (193, 211), (128, 155), (120, 123), (142, 151), (96, 123), (87, 96), (32, 59), (3, 84), (0, 6), (225, 231), (124, 151), (28, 34), (111, 114)}
Obj: 33618

