Log for instance aco_tuning_out/inst03.txt.

Used ({'tau0': 3.462877209278076e-06, 'xi': 0.0658154748162855, 'q0': 0.6970370798529836, 'alpha': 1.3037173239481683, 'beta': 0.3291761938293081, 'rho': 0.413035014315252, 'ants': 16}) and found best instance after 11.234375 seconds.
E1: {(177, 181), (200, 201), (193, 195), (193, 201), (196, 228), (145, 149), (108, 109), (155, 187), (220, 222), (118, 119), (211, 219), (0, 2), (210, 211), (112, 240), (97, 105), (155, 159), (34, 50), (187, 191), (114, 118), (129, 137), (206, 207), (158, 222), (53, 181), (76, 204), (64, 65), (64, 68), (0, 32), (202, 206), (105, 109), (206, 222), (220, 221), (32, 36), (52, 54), (147, 151), (46, 47), (24, 56), (49, 113), (112, 114), (97, 101), (31, 159), (39, 47), (46, 62), (48, 56), (49, 177), (129, 145), (20, 52), (76, 78), (68, 196), (54, 118), (56, 57), (175, 191), (2, 34), (50, 114), (76, 108), (158, 159), (30, 62), (200, 232), (78, 206), (0, 64), (48, 49), (48, 52), (145, 177), (129, 193), (9, 137), (135, 151), (196, 204), (92, 220), (195, 211), (30, 31), (151, 159)}
E2: {(177, 181), (196, 197), (147, 151), (14, 15), (48, 56), (31, 159), (29, 61), (166, 167), (42, 43), (145, 147), (2, 34), (33, 49), (48, 49), (0, 128), (122, 126), (151, 159), (136, 137), (25, 29), (98, 226), (147, 155), (5, 7), (0, 2), (128, 160), (210, 211), (40, 56), (4, 36), (110, 111), (62, 126), (82, 83), (10, 42), (78, 79), (165, 181), (132, 196), (128, 192), (4, 132), (9, 137), (172, 188), (200, 201), (99, 103), (196, 228), (165, 167), (4, 6), (43, 171), (228, 244), (45, 61), (136, 200), (180, 188), (49, 177), (10, 14), (244, 245), (2, 10), (9, 25), (180, 181), (15, 31), (98, 102), (46, 110), (42, 58), (78, 206), (122, 123), (62, 63), (128, 136), (15, 79), (154, 155), (171, 235), (200, 216), (150, 151), (82, 114), (198, 206), (56, 58), (102, 110), (6, 14), (206, 222), (48, 50), (46, 62), (17, 145), (102, 103), (6, 7), (50, 114), (83, 211), (31, 63)}
Obj: 42747

