Log for instance aco_tuning_out/inst27.txt.

Used ({'tau0': 5.432541354150304e-06, 'xi': 0.1098768506848867, 'q0': 0.588663995987506, 'alpha': 1.0903417143977059, 'beta': 1.0292353817624138, 'rho': 0.37868431591672963, 'ants': 31}) and found best instance after 20.203125 seconds.
E1: {(250, 254), (105, 107), (154, 158), (43, 107), (60, 62), (190, 254), (0, 2), (187, 191), (121, 249), (27, 31), (83, 211), (30, 158), (128, 132), (0, 32), (238, 254), (10, 42), (32, 36), (83, 115), (128, 144), (116, 124), (105, 121), (221, 253), (29, 31), (142, 158), (39, 47), (83, 87), (236, 238), (2, 10), (47, 111), (63, 191), (209, 211), (249, 253), (42, 43), (47, 63), (2, 34), (60, 124), (158, 190), (107, 111), (204, 236), (228, 236), (23, 87), (113, 115), (87, 215), (0, 128), (113, 121), (2, 3), (62, 63), (30, 31), (31, 63), (54, 62)}
E2: {(119, 127), (105, 107), (243, 251), (200, 216), (150, 151), (0, 2), (97, 105), (57, 121), (121, 249), (123, 127), (253, 255), (249, 251), (6, 14), (0, 32), (96, 97), (10, 42), (224, 240), (220, 221), (125, 127), (147, 151), (128, 144), (32, 48), (105, 121), (221, 253), (14, 15), (216, 220), (14, 30), (31, 159), (97, 101), (10, 14), (2, 10), (30, 31), (200, 202), (249, 253), (13, 141), (32, 96), (96, 224), (111, 127), (166, 182), (250, 251), (107, 111), (42, 58), (0, 128), (13, 15), (150, 182), (224, 226), (151, 159)}
Obj: 27375

