Log for instance aco_tuning_out/inst12.txt.

Used ({'tau0': 3.870488509745335e-06, 'xi': 0.14375219093339509, 'q0': 0.31937330810318404, 'alpha': 1.2524356087799853, 'beta': 0.8404615317597104, 'rho': 0.2941319030093275, 'ants': 31}) and found best instance after 30.34375 seconds.
E1: {(1, 28), (45, 126), (43, 52), (31, 32), (101, 182), (117, 120), (195, 213), (1, 82), (117, 126), (82, 83), (99, 102), (126, 128), (0, 1), (49, 52), (99, 126), (31, 49), (128, 134), (82, 85), (99, 101), (82, 91), (85, 166), (211, 214), (82, 109), (83, 89), (213, 214), (28, 31), (83, 101), (52, 214)}
E2: {(81, 82), (132, 213), (4, 58), (58, 59), (45, 126), (139, 142), (11, 173), (31, 32), (139, 157), (126, 132), (4, 85), (142, 223), (64, 65), (186, 213), (83, 164), (82, 83), (213, 240), (177, 186), (99, 102), (142, 143), (7, 25), (164, 173), (126, 128), (81, 99), (11, 65), (99, 126), (85, 139), (173, 200), (205, 214), (31, 58), (81, 135), (128, 134), (78, 240), (82, 85), (211, 214), (4, 7), (85, 166), (74, 236), (82, 109), (143, 152), (83, 89), (213, 214), (65, 74), (43, 205)}
Obj: 28375

