Log for instance aco_tuning_out/inst09.txt.

Used ({'tau0': 5.984400518709856e-06, 'xi': 0.13241385165248287, 'q0': 0.4542903648549634, 'alpha': 0.4898957854025313, 'beta': 0.29966337375676566, 'rho': 0.06680927871977722, 'ants': 9}) and found best instance after 258.78125 seconds.
E1: {(3, 4), (4, 58), (93, 120), (87, 89), (76, 238), (84, 93), (84, 102), (236, 239), (76, 79), (34, 43), (238, 239), (34, 61), (81, 84), (93, 174), (81, 87), (58, 61), (4, 5), (78, 79), (58, 76), (4, 166), (174, 177), (81, 135), (76, 157), (5, 14), (0, 3), (3, 84), (61, 223)}
E2: {(4, 58), (3, 4), (58, 59), (76, 238), (76, 79), (204, 213), (52, 79), (134, 161), (195, 213), (160, 161), (58, 61), (4, 5), (79, 160), (51, 52), (120, 201), (89, 143), (177, 204), (58, 76), (45, 51), (4, 166), (25, 79), (51, 213), (201, 204), (76, 157), (0, 3), (152, 161), (211, 238), (143, 161), (5, 32), (61, 223)}
Obj: 24149

