Log for instance aco_tuning_out/inst09.txt.

Used ({'tau0': 5.420704371762057e-06, 'xi': 0.09688583805471983, 'q0': 0.31023948946680013, 'alpha': 0.7611440380801126, 'beta': 1.2418611307887504, 'rho': 0.4656758616586811, 'ants': 22}) and found best instance after 15.859375 seconds.
E1: {(6, 24), (139, 157), (121, 124), (124, 205), (75, 78), (166, 220), (6, 8), (136, 139), (72, 75), (177, 186), (21, 24), (177, 204), (139, 220), (196, 205), (72, 74), (120, 121), (196, 223), (21, 75), (220, 223), (74, 236), (135, 136), (5, 8), (5, 14), (24, 186), (21, 102), (0, 6), (204, 205), (8, 89), (43, 205)}
E2: {(18, 20), (5, 59), (20, 23), (32, 113), (139, 157), (116, 134), (5, 86), (120, 122), (202, 203), (86, 89), (113, 116), (113, 122), (85, 139), (19, 20), (86, 113), (196, 205), (231, 232), (177, 231), (122, 203), (196, 223), (202, 205), (202, 211), (85, 166), (205, 232), (150, 152), (18, 45), (5, 23), (150, 231), (19, 25), (85, 86), (195, 196), (0, 18)}
Obj: 27312

