Log for instance aco_tuning_out/inst21.txt.

Used ({'tau_0': 8.753936472387218e-06, 'xi': 0.09720016068128765, 'q0': 0.8231293796694477, 'alpha': 0.5431396504147108, 'beta': 1.6359800101718294, 'rho': 0.1536282766541045, 'ants': 15}) and found best instance after 64.21875 seconds.
E1: {(3, 4), (4, 58), (171, 177), (66, 228), (31, 32), (39, 48), (152, 233), (39, 66), (83, 164), (171, 173), (81, 84), (173, 176), (164, 173), (58, 67), (191, 197), (191, 200), (164, 182), (164, 191), (31, 58), (45, 48), (4, 166), (81, 135), (224, 233), (64, 67), (81, 83), (14, 176), (197, 224), (3, 84), (66, 67), (223, 224)}
E2: {(3, 4), (4, 58), (58, 59), (43, 52), (31, 32), (152, 233), (39, 66), (223, 232), (83, 164), (81, 84), (82, 83), (209, 215), (51, 52), (58, 67), (191, 197), (25, 52), (191, 200), (209, 236), (164, 182), (52, 133), (195, 197), (164, 191), (39, 120), (45, 51), (31, 58), (197, 206), (81, 135), (206, 215), (64, 67), (81, 83), (82, 91), (211, 214), (206, 233), (0, 3), (82, 109), (3, 84), (66, 67), (133, 160), (83, 89), (51, 78), (214, 215), (157, 160), (232, 233), (52, 214)}
Obj: 27949

