Log for instance aco_tuning_out/inst21.txt.

Used ({'tau0': 4.879942623985006e-06, 'xi': 0.08399557345205959, 'q0': 0.8878104132072444, 'alpha': 1.876793500103366, 'beta': 1.500849913875006, 'rho': 0.45614013825443306, 'ants': 13}) and found best instance after 4.171875 seconds.
E1: {(166, 175), (179, 206), (39, 201), (226, 229), (175, 202), (118, 119), (150, 151), (159, 160), (29, 32), (179, 233), (141, 142), (147, 228), (171, 198), (153, 159), (5, 86), (142, 223), (152, 233), (39, 66), (97, 178), (186, 213), (200, 206), (96, 97), (83, 164), (171, 173), (213, 240), (177, 186), (164, 173), (173, 179), (36, 198), (173, 182), (64, 226), (135, 216), (38, 119), (118, 145), (153, 234), (27, 36), (36, 45), (66, 147), (123, 150), (151, 160), (216, 234), (145, 226), (96, 123), (5, 14), (202, 229), (138, 141), (159, 240), (83, 86), (27, 29), (36, 38), (175, 178), (138, 147), (198, 201)}
E2: {(115, 142), (99, 100), (175, 202), (159, 160), (29, 32), (171, 198), (100, 101), (96, 97), (72, 75), (214, 241), (173, 179), (64, 226), (81, 135), (123, 150), (21, 75), (18, 21), (82, 88), (59, 68), (211, 238), (75, 76), (195, 196), (198, 201), (29, 191), (81, 82), (88, 115), (179, 233), (81, 84), (82, 83), (180, 182), (164, 173), (58, 76), (20, 101), (66, 68), (19, 20), (72, 74), (0, 162), (145, 226), (43, 205), (175, 178), (39, 201), (162, 171), (226, 229), (153, 159), (142, 223), (152, 233), (198, 200), (39, 66), (83, 164), (164, 191), (238, 241), (196, 205), (88, 89), (74, 236), (229, 238), (96, 123), (18, 45), (91, 145), (120, 123), (3, 4), (4, 58), (18, 20), (150, 151), (97, 178), (171, 173), (118, 145), (205, 214), (109, 118), (76, 157), (151, 160), (78, 240), (72, 153), (99, 180), (3, 84), (202, 229), (159, 240), (19, 25)}
Obj: 42924

