Log for instance aco_tuning_out/inst03.txt.

Used ({'tau0': 3.0612586277534457e-06, 'xi': 0.1329622135219483, 'q0': 0.7756772068120196, 'alpha': 1.8931956829423289, 'beta': 1.9972080014998133, 'rho': 0.18753105830604566, 'ants': 22}) and found best instance after 20.96875 seconds.
E1: {(76, 92), (25, 29), (196, 228), (219, 223), (155, 187), (211, 219), (147, 155), (228, 244), (210, 211), (114, 115), (114, 118), (36, 37), (221, 223), (37, 39), (76, 204), (143, 175), (83, 115), (194, 202), (147, 151), (21, 149), (143, 159), (115, 119), (28, 29), (149, 151), (9, 25), (54, 118), (65, 81), (200, 202), (240, 244), (24, 28), (37, 53), (81, 83), (147, 211), (194, 198), (20, 21), (194, 210), (200, 232), (21, 29), (113, 115), (143, 207), (25, 57), (196, 198), (135, 151), (37, 101), (28, 92), (83, 211), (21, 53), (195, 211), (68, 76), (151, 159)}
E2: {(177, 181), (193, 201), (32, 40), (15, 143), (146, 154), (98, 226), (107, 235), (43, 107), (181, 245), (150, 151), (216, 218), (0, 2), (8, 9), (114, 115), (146, 178), (0, 8), (196, 197), (36, 37), (5, 37), (53, 181), (192, 193), (174, 175), (166, 174), (45, 61), (146, 150), (32, 33), (143, 175), (193, 197), (32, 36), (83, 115), (154, 218), (61, 63), (151, 159), (48, 50), (17, 81), (143, 159), (172, 174), (132, 196), (53, 61), (32, 96), (37, 53), (32, 160), (146, 210), (128, 192), (180, 181), (50, 114), (2, 34), (81, 83), (50, 178), (98, 99), (107, 111), (99, 107), (98, 114), (107, 123), (218, 222), (0, 128), (196, 198), (96, 98), (8, 40)}
Obj: 31885

