Log for instance aco_tuning_out/inst21.txt.

Used ({'tau_0': 5.7232384546733595e-06, 'xi': 0.1429672685027304, 'q0': 0.57445047410033, 'alpha': 1.4195433954167913, 'beta': 1.4047255855017542, 'rho': 0.4106053256096564, 'ants': 31}) and found best instance after 17.53125 seconds.
E1: {(201, 203), (166, 175), (203, 206), (92, 119), (37, 64), (20, 23), (29, 32), (29, 38), (101, 182), (152, 233), (176, 203), (92, 173), (200, 203), (173, 176), (222, 224), (177, 204), (20, 101), (135, 216), (38, 119), (37, 38), (175, 176), (36, 45), (201, 204), (224, 233), (206, 233), (201, 228), (14, 23), (216, 222), (36, 38), (92, 101), (223, 224)}
E2: {(145, 146), (58, 59), (39, 201), (54, 135), (99, 100), (119, 200), (118, 119), (0, 54), (31, 32), (75, 78), (66, 75), (34, 43), (39, 66), (145, 148), (136, 145), (82, 83), (72, 75), (19, 100), (31, 193), (180, 182), (120, 201), (58, 67), (31, 34), (118, 145), (31, 58), (109, 118), (193, 196), (196, 223), (146, 155), (64, 67), (54, 72), (91, 118), (146, 152), (45, 72), (193, 211), (82, 100), (67, 148), (99, 180), (66, 67), (19, 25), (195, 196), (83, 89), (148, 157), (82, 136), (155, 236)}
Obj: 31258

