Log for instance aco_tuning_out/inst24.txt.

Used ({'tau0': 9.546586330686151e-06, 'xi': 0.07432857356120594, 'q0': 0.39855006298732903, 'alpha': 1.1362553523500754, 'beta': 1.13375631131127, 'rho': 0.39805176799684205, 'ants': 18}) and found best instance after 15.703125 seconds.
E1: {(128, 130), (76, 92), (15, 79), (32, 34), (32, 40), (41, 43), (171, 235), (243, 251), (188, 190), (12, 13), (13, 45), (43, 171), (248, 250), (40, 41), (252, 253), (240, 248), (0, 32), (41, 45), (58, 122), (154, 218), (128, 144), (90, 218), (12, 76), (41, 57), (221, 253), (248, 252), (138, 139), (31, 159), (130, 138), (106, 122), (138, 154), (13, 141), (32, 160), (71, 79), (218, 250), (15, 31), (76, 108), (188, 252), (0, 128), (90, 122), (13, 15), (250, 251)}
E2: {(42, 106), (165, 167), (60, 62), (126, 254), (178, 179), (187, 191), (147, 179), (179, 187), (53, 181), (120, 122), (62, 126), (166, 230), (10, 42), (21, 85), (176, 178), (191, 255), (165, 181), (5, 21), (179, 183), (34, 42), (106, 122), (166, 167), (230, 231), (222, 254), (63, 191), (144, 176), (85, 93), (226, 230), (175, 191), (180, 181), (228, 230), (195, 227), (228, 236), (90, 122), (167, 183), (122, 126), (89, 93), (236, 237), (114, 122), (227, 231), (62, 63), (21, 53), (93, 221)}
Obj: 26185

