Log for instance aco_tuning_out/inst06.txt.

Used ({'tau0': 8.598718994035021e-06, 'xi': 0.10575785607911106, 'q0': 0.5072684688226818, 'alpha': 1.441011679191464, 'beta': 1.677952088449605, 'rho': 0.3243596155081548, 'ants': 8}) and found best instance after 7.296875 seconds.
E1: {(128, 130), (210, 242), (47, 175), (132, 164), (108, 109), (219, 223), (211, 219), (134, 198), (70, 198), (206, 238), (164, 180), (12, 28), (237, 253), (210, 211), (1, 3), (83, 91), (206, 207), (37, 45), (37, 39), (196, 212), (85, 213), (76, 204), (240, 242), (14, 46), (128, 132), (6, 14), (174, 190), (105, 109), (206, 222), (12, 76), (221, 253), (89, 91), (0, 1), (39, 47), (212, 213), (83, 87), (172, 174), (17, 145), (132, 196), (129, 145), (76, 78), (134, 166), (45, 109), (1, 17), (109, 237), (249, 253), (24, 28), (37, 53), (128, 192), (66, 98), (76, 108), (222, 223), (134, 135), (164, 172), (200, 232), (23, 87), (98, 114), (78, 206), (66, 70), (0, 128), (196, 198), (196, 204), (83, 211), (6, 70), (200, 204)}
E2: {(90, 91), (193, 195), (32, 34), (132, 164), (32, 40), (193, 201), (70, 198), (181, 245), (164, 180), (0, 2), (193, 225), (17, 21), (1, 3), (2, 130), (157, 159), (132, 133), (53, 117), (53, 181), (196, 212), (128, 132), (166, 230), (193, 197), (156, 157), (180, 182), (162, 170), (157, 189), (89, 91), (181, 189), (129, 133), (101, 117), (1, 5), (17, 145), (198, 199), (132, 196), (66, 74), (129, 145), (68, 196), (117, 119), (74, 90), (199, 231), (130, 162), (32, 96), (226, 230), (166, 182), (163, 171), (162, 163), (2, 34), (171, 175), (182, 190), (171, 187), (5, 133), (0, 128), (66, 70), (129, 193), (34, 38), (196, 198), (2, 18), (36, 38), (21, 53)}
Obj: 35697

