Log for instance aco_tuning_out/inst12.txt.

Used ({'tau_0': 9.926534885232458e-06, 'xi': 0.06692036828162971, 'q0': 0.3019379808030227, 'alpha': 1.9521308295520166, 'beta': 1.4674217120935573, 'rho': 0.15756254670228562, 'ants': 22}) and found best instance after 23.328125 seconds.
E1: {(166, 175), (175, 202), (118, 119), (199, 202), (176, 185), (30, 192), (89, 98), (66, 75), (39, 66), (30, 39), (40, 202), (182, 185), (95, 98), (40, 43), (39, 120), (30, 32), (175, 176), (109, 118), (192, 195), (128, 134), (21, 75), (18, 21), (119, 128), (91, 118), (202, 211), (39, 40), (18, 45), (21, 102), (95, 176), (118, 199), (0, 18)}
E2: {(136, 137), (105, 107), (58, 59), (166, 184), (51, 53), (98, 107), (105, 186), (24, 51), (76, 238), (184, 211), (217, 223), (89, 98), (34, 43), (184, 238), (35, 197), (98, 152), (200, 206), (157, 238), (177, 186), (24, 105), (58, 76), (135, 137), (35, 53), (55, 217), (45, 51), (197, 206), (24, 25), (55, 58), (53, 134), (109, 136), (55, 64), (50, 53), (137, 155), (32, 50), (136, 217), (50, 77), (34, 35), (51, 78), (76, 77), (102, 105), (155, 236)}
Obj: 30971

