Log for instance aco_tuning_out/inst03.txt.

Used ({'tau_0': 5.984400518709856e-06, 'xi': 0.13241385165248287, 'q0': 0.4542903648549634, 'alpha': 0.4898957854025313, 'beta': 0.29966337375676566, 'rho': 0.06680927871977722, 'ants': 9}) and found best instance after 60.3125 seconds.
E1: {(49, 53), (100, 101), (240, 242), (53, 55), (49, 57), (37, 101), (147, 155), (210, 211), (39, 167), (167, 175), (155, 219), (24, 25), (135, 167), (37, 53), (73, 201), (20, 21), (217, 221), (9, 73), (76, 92), (200, 201), (193, 195), (219, 223), (155, 187), (211, 219), (221, 223), (37, 39), (54, 55), (76, 204), (49, 113), (9, 25), (100, 228), (200, 232), (68, 76), (210, 242), (193, 201), (65, 73), (36, 37), (201, 217), (21, 149), (207, 223), (200, 202), (55, 119), (25, 57), (21, 53), (200, 204)}
E2: {(177, 181), (210, 242), (32, 34), (132, 164), (32, 40), (58, 59), (154, 158), (107, 235), (193, 201), (134, 198), (50, 58), (43, 107), (181, 245), (216, 218), (164, 180), (40, 44), (34, 50), (1, 9), (158, 222), (160, 164), (192, 193), (32, 33), (45, 61), (0, 32), (32, 36), (1, 33), (59, 63), (193, 197), (61, 63), (44, 172), (48, 50), (31, 159), (114, 242), (1, 5), (134, 166), (1, 17), (36, 164), (50, 114), (59, 123), (15, 31), (107, 111), (73, 201), (99, 107), (180, 181), (226, 242), (107, 123), (150, 158), (9, 73), (218, 222), (134, 150), (132, 134), (158, 159)}
Obj: 29482

