Log for instance aco_tuning_out/inst24.txt.

Used ({'tau_0': 2.2570844960363238e-06, 'xi': 0.1499824051273781, 'q0': 0.6397024715024884, 'alpha': 1.3177960201993473, 'beta': 1.7274258641979925, 'rho': 0.06839890232135862, 'ants': 10}) and found best instance after 34.84375 seconds.
E1: {(76, 92), (42, 106), (15, 143), (154, 158), (58, 59), (146, 154), (243, 251), (12, 13), (13, 45), (0, 2), (176, 240), (2, 130), (220, 252), (122, 250), (160, 176), (220, 221), (12, 76), (70, 78), (144, 146), (57, 59), (143, 159), (34, 42), (76, 78), (106, 122), (235, 251), (144, 176), (13, 141), (139, 143), (2, 34), (158, 190), (76, 108), (141, 143), (70, 71), (42, 58), (43, 59), (40, 42), (90, 122), (130, 146), (92, 220), (158, 159), (250, 251)}
E2: {(183, 191), (42, 106), (156, 158), (164, 165), (237, 253), (146, 178), (147, 179), (131, 195), (156, 188), (187, 191), (253, 255), (53, 181), (158, 222), (88, 90), (146, 147), (10, 42), (26, 90), (180, 188), (21, 85), (181, 183), (164, 228), (221, 253), (191, 255), (88, 120), (144, 146), (165, 181), (5, 21), (179, 183), (34, 42), (230, 231), (10, 26), (88, 89), (63, 191), (226, 230), (175, 191), (180, 181), (50, 114), (228, 230), (50, 178), (60, 188), (166, 230), (21, 53), (131, 147), (34, 50)}
Obj: 25756

