Log for instance aco_tuning_out/inst09.txt.

Used ({'tau0': 2.924453704862743e-06, 'xi': 0.10102715591656777, 'q0': 0.8483785554218048, 'alpha': 1.0515532863745962, 'beta': 0.39867352753450425, 'rho': 0.28727195311451986, 'ants': 26}) and found best instance after 13.796875 seconds.
E1: {(13, 94), (3, 4), (84, 87), (162, 168), (87, 89), (159, 160), (97, 151), (84, 102), (142, 223), (236, 242), (13, 14), (94, 97), (240, 242), (96, 97), (81, 84), (168, 177), (40, 43), (4, 166), (81, 135), (151, 160), (78, 240), (0, 162), (13, 40), (81, 162), (4, 13), (96, 123), (142, 151), (3, 84), (159, 240), (157, 160), (120, 123)}
E2: {(115, 142), (58, 59), (84, 87), (166, 193), (96, 177), (88, 115), (87, 89), (31, 32), (112, 115), (92, 146), (20, 47), (142, 223), (45, 46), (81, 84), (47, 128), (46, 47), (87, 88), (31, 34), (19, 20), (112, 193), (31, 58), (34, 115), (128, 134), (33, 34), (146, 155), (81, 83), (146, 152), (193, 211), (128, 155), (87, 96), (96, 123), (0, 3), (142, 160), (3, 84), (19, 25), (33, 195), (83, 92), (157, 160), (120, 123)}
Obj: 27845

