Log for instance aco_tuning_out/inst09.txt.

Used ({'tau_0': 3.5413625395276035e-06, 'xi': 0.13677021617214064, 'q0': 0.40454797157881806, 'alpha': 1.9054287973649844, 'beta': 1.2761266989533575, 'rho': 0.43117638553854254, 'ants': 24}) and found best instance after 9.546875 seconds.
E1: {(145, 146), (123, 204), (33, 42), (6, 33), (139, 157), (78, 80), (166, 220), (74, 155), (102, 104), (136, 139), (136, 145), (42, 44), (20, 74), (89, 143), (177, 204), (139, 220), (20, 101), (44, 71), (137, 143), (146, 155), (137, 146), (220, 223), (43, 44), (74, 236), (101, 104), (135, 136), (17, 71), (14, 17), (0, 6), (65, 71), (74, 80), (42, 204), (65, 74), (120, 123)}
E2: {(58, 59), (189, 216), (51, 53), (87, 141), (55, 136), (87, 89), (217, 220), (166, 220), (121, 148), (162, 216), (145, 148), (136, 145), (51, 52), (141, 150), (216, 217), (55, 217), (26, 53), (121, 202), (205, 214), (231, 232), (177, 231), (55, 58), (120, 121), (53, 134), (202, 205), (220, 223), (205, 232), (202, 211), (50, 53), (47, 50), (0, 162), (150, 152), (32, 50), (150, 231), (45, 47), (189, 195), (148, 157), (25, 26), (52, 214)}
Obj: 29982

