Log for instance aco_tuning_out/inst09.txt.

Used ({'tau0': 1.7311092028219667e-06, 'xi': 0.08252852050291277, 'q0': 0.30102382451999166, 'alpha': 1.4307200972470873, 'beta': 1.366990204180299, 'rho': 0.3910589486840866, 'ants': 12}) and found best instance after 5.0625 seconds.
E1: {(219, 220), (54, 135), (84, 87), (21, 22), (96, 177), (87, 89), (84, 102), (9, 11), (11, 14), (75, 78), (236, 242), (34, 43), (166, 220), (21, 183), (240, 242), (72, 75), (177, 186), (58, 76), (54, 216), (31, 34), (31, 58), (183, 186), (76, 157), (21, 75), (18, 21), (54, 72), (220, 223), (22, 76), (96, 123), (216, 219), (0, 9), (21, 102), (234, 240), (9, 18), (216, 234), (120, 123)}
E2: {(45, 126), (6, 24), (139, 148), (125, 134), (139, 157), (184, 211), (16, 178), (5, 86), (122, 125), (125, 152), (117, 120), (195, 213), (223, 232), (24, 26), (186, 213), (6, 8), (22, 184), (136, 139), (136, 145), (177, 186), (16, 25), (117, 126), (167, 221), (86, 89), (35, 53), (86, 95), (26, 53), (94, 148), (118, 145), (95, 122), (166, 167), (59, 221), (32, 35), (178, 232), (5, 8), (24, 186), (0, 6), (86, 167), (19, 25), (19, 22), (117, 118), (94, 95), (25, 26)}
Obj: 32991

