Log for instance aco_tuning_out/inst30.txt.

Used ({'tau_0': 3.5413625395276035e-06, 'xi': 0.13677021617214064, 'q0': 0.40454797157881806, 'alpha': 1.9054287973649844, 'beta': 1.2761266989533575, 'rho': 0.43117638553854254, 'ants': 24}) and found best instance after 10.703125 seconds.
E1: {(226, 232), (13, 94), (109, 190), (102, 129), (151, 232), (96, 177), (12, 13), (31, 32), (190, 199), (97, 151), (148, 151), (162, 189), (16, 178), (121, 130), (66, 75), (199, 226), (151, 152), (198, 200), (121, 148), (97, 178), (96, 97), (72, 75), (189, 195), (16, 25), (31, 40), (129, 130), (64, 226), (94, 148), (198, 199), (91, 97), (130, 211), (72, 74), (120, 121), (12, 66), (0, 162), (12, 14), (74, 236), (129, 132), (132, 134), (40, 121), (189, 198)}
E2: {(18, 72), (145, 146), (4, 58), (3, 4), (92, 119), (55, 136), (84, 87), (118, 119), (119, 200), (66, 228), (125, 134), (96, 177), (66, 75), (91, 92), (76, 79), (54, 55), (72, 75), (136, 145), (189, 195), (180, 182), (27, 189), (58, 76), (66, 68), (118, 145), (18, 180), (4, 166), (109, 118), (25, 79), (55, 58), (72, 74), (76, 157), (41, 44), (27, 45), (27, 54), (55, 64), (54, 72), (146, 152), (74, 236), (135, 136), (41, 68), (87, 96), (44, 125), (3, 84), (0, 18)}
Obj: 35210

