Log for instance aco_tuning_out/inst18.txt.

Used ({'tau_0': 1.774794369235601e-06, 'xi': 0.05178086251934671, 'q0': 0.765199417754037, 'alpha': 1.7110920267750438, 'beta': 1.3090193389783644, 'rho': 0.2964096563219366, 'ants': 12}) and found best instance after 7.59375 seconds.
E1: {(136, 137), (128, 136), (200, 201), (193, 201), (105, 107), (99, 103), (90, 94), (108, 109), (84, 212), (70, 198), (86, 87), (0, 2), (128, 160), (39, 103), (87, 95), (2, 66), (1, 3), (1, 9), (252, 253), (148, 150), (189, 191), (132, 148), (56, 58), (85, 213), (197, 213), (110, 111), (136, 200), (45, 61), (193, 197), (10, 42), (105, 109), (212, 244), (61, 63), (147, 151), (86, 118), (70, 78), (159, 191), (31, 95), (78, 94), (31, 159), (212, 213), (1, 5), (46, 62), (244, 245), (2, 10), (132, 196), (213, 215), (76, 78), (54, 118), (29, 61), (56, 57), (151, 215), (110, 238), (76, 108), (107, 111), (99, 107), (46, 110), (42, 58), (94, 126), (80, 84), (9, 137), (0, 128), (66, 70), (196, 198), (62, 63), (189, 253), (6, 70), (151, 159), (209, 213)}
E2: {(105, 107), (148, 150), (238, 254), (105, 109), (147, 151), (31, 95), (179, 183), (31, 159), (106, 107), (29, 61), (240, 244), (24, 28), (153, 185), (80, 81), (122, 126), (151, 159), (55, 63), (136, 137), (132, 164), (108, 109), (91, 123), (70, 198), (210, 211), (114, 115), (132, 148), (160, 164), (168, 232), (72, 200), (142, 143), (164, 228), (40, 168), (1, 5), (132, 196), (106, 122), (76, 108), (66, 70), (9, 137), (252, 254), (30, 31), (54, 62), (146, 154), (163, 179), (86, 87), (228, 244), (12, 28), (87, 95), (1, 9), (91, 95), (128, 132), (136, 200), (146, 147), (137, 153), (60, 61), (12, 76), (221, 253), (49, 113), (143, 159), (172, 174), (244, 245), (28, 29), (76, 78), (55, 183), (110, 238), (46, 110), (200, 232), (78, 206), (196, 198), (62, 63), (128, 136), (206, 238), (150, 151), (101, 109), (252, 253), (198, 206), (83, 115), (51, 55), (89, 91), (46, 62), (174, 238), (184, 185), (81, 83), (113, 115), (49, 51), (83, 211)}
Obj: 40802

