Log for instance aco_tuning_out/inst27.txt.

Used ({'tau0': 6.895901444357542e-06, 'xi': 0.11930677293557751, 'q0': 0.7766820476791325, 'alpha': 1.762448247826621, 'beta': 0.8740652131662537, 'rho': 0.21713520092331218, 'ants': 13}) and found best instance after 8.640625 seconds.
E1: {(55, 63), (105, 107), (132, 164), (243, 251), (146, 154), (155, 187), (60, 62), (125, 253), (43, 171), (5, 13), (0, 2), (155, 159), (1, 3), (27, 31), (23, 55), (249, 251), (109, 125), (209, 213), (174, 190), (146, 147), (105, 109), (13, 29), (124, 125), (116, 124), (151, 159), (147, 151), (221, 253), (164, 228), (144, 146), (0, 1), (14, 30), (31, 159), (46, 62), (10, 14), (236, 238), (1, 5), (2, 10), (213, 215), (213, 221), (36, 164), (249, 253), (110, 238), (2, 34), (60, 124), (107, 111), (204, 236), (46, 110), (228, 236), (30, 62), (46, 174), (113, 115), (171, 187), (14, 142), (115, 243), (39, 55), (62, 63), (30, 31), (250, 251), (54, 62)}
E2: {(55, 63), (119, 127), (105, 107), (243, 251), (108, 109), (12, 13), (151, 183), (206, 238), (228, 244), (0, 2), (216, 218), (97, 105), (122, 250), (56, 58), (230, 238), (62, 126), (249, 251), (6, 14), (166, 230), (202, 206), (58, 122), (10, 42), (206, 222), (105, 109), (125, 127), (147, 151), (12, 76), (128, 144), (221, 253), (14, 15), (127, 255), (14, 30), (179, 183), (97, 101), (48, 56), (46, 62), (10, 14), (236, 238), (2, 10), (55, 183), (110, 238), (249, 253), (240, 244), (13, 141), (56, 57), (111, 127), (226, 230), (107, 111), (76, 108), (46, 110), (126, 127), (42, 58), (228, 236), (218, 222), (0, 128), (122, 126), (179, 243), (122, 123), (62, 63)}
Obj: 32353

