Log for instance aco_tuning_out/inst21.txt.

Used ({'tau_0': 5.471123269221564e-06, 'xi': 0.0880541662185767, 'q0': 0.30146902385350893, 'alpha': 1.0903620529266727, 'beta': 0.772236865018257, 'rho': 0.4288390189950044, 'ants': 23}) and found best instance after 11.46875 seconds.
E1: {(163, 164), (64, 145), (179, 233), (135, 141), (199, 208), (152, 233), (45, 46), (176, 203), (223, 232), (200, 203), (163, 166), (173, 176), (164, 173), (173, 179), (164, 182), (41, 203), (118, 145), (46, 208), (177, 179), (14, 176), (228, 230), (32, 41), (222, 223), (199, 200), (141, 222), (118, 199), (230, 233), (232, 233)}
E2: {(58, 59), (54, 135), (0, 54), (88, 115), (31, 32), (208, 211), (112, 115), (43, 70), (112, 121), (121, 130), (151, 152), (24, 78), (115, 196), (19, 100), (130, 157), (200, 209), (67, 70), (58, 67), (118, 121), (118, 127), (209, 236), (70, 151), (27, 30), (182, 209), (31, 58), (109, 112), (24, 25), (88, 89), (120, 121), (27, 45), (196, 223), (64, 67), (27, 54), (100, 127), (91, 118), (208, 209), (19, 25), (195, 196), (127, 208), (31, 112), (30, 31)}
Obj: 30244

