Log for instance aco_tuning_out/inst18.txt.

Used ({'tau_0': 6.937615535889433e-06, 'xi': 0.07000322226687372, 'q0': 0.8259328344322499, 'alpha': 1.4144702071977722, 'beta': 1.897582215362626, 'rho': 0.08176475094706645, 'ants': 18}) and found best instance after 32.0625 seconds.
E1: {(136, 137), (128, 136), (193, 201), (99, 103), (58, 62), (5, 7), (150, 151), (128, 160), (1, 3), (114, 118), (1, 9), (252, 253), (85, 213), (62, 126), (7, 71), (45, 61), (209, 213), (193, 197), (26, 90), (61, 63), (147, 151), (193, 209), (245, 253), (31, 95), (112, 114), (31, 159), (103, 111), (46, 62), (1, 5), (29, 61), (213, 215), (54, 118), (80, 112), (6, 7), (110, 238), (151, 215), (137, 201), (213, 245), (70, 71), (46, 110), (71, 103), (7, 39), (57, 61), (26, 58), (9, 137), (66, 70), (62, 63), (31, 63), (151, 159), (54, 62)}
E2: {(136, 137), (128, 136), (232, 236), (154, 155), (232, 248), (163, 179), (5, 7), (150, 151), (128, 160), (210, 211), (114, 115), (155, 159), (28, 30), (114, 118), (252, 253), (8, 24), (172, 236), (78, 110), (83, 211), (115, 123), (62, 126), (7, 71), (240, 248), (83, 115), (142, 143), (28, 60), (245, 253), (221, 253), (70, 78), (248, 252), (31, 159), (8, 72), (143, 159), (46, 62), (8, 136), (236, 238), (97, 101), (184, 248), (97, 113), (54, 118), (110, 238), (24, 28), (108, 110), (81, 83), (81, 89), (51, 115), (51, 179), (46, 110), (70, 71), (113, 115), (80, 81), (9, 137), (66, 70), (70, 86), (62, 63), (30, 31), (31, 63), (151, 159), (54, 62), (8, 40)}
Obj: 29424

