Log for instance aco_tuning_out/inst09.txt.

Used ({'tau_0': 3.0612586277534457e-06, 'xi': 0.1329622135219483, 'q0': 0.7756772068120196, 'alpha': 1.8931956829423289, 'beta': 1.9972080014998133, 'rho': 0.18753105830604566, 'ants': 22}) and found best instance after 15.53125 seconds.
E1: {(165, 219), (162, 165), (162, 171), (39, 201), (14, 68), (162, 168), (135, 138), (171, 198), (66, 69), (138, 219), (39, 66), (218, 236), (201, 202), (162, 164), (223, 241), (102, 183), (168, 177), (165, 166), (214, 241), (120, 201), (58, 76), (66, 68), (55, 217), (205, 214), (89, 170), (55, 58), (76, 157), (168, 170), (164, 218), (202, 205), (0, 162), (217, 218), (69, 78), (165, 183), (43, 205), (198, 201)}
E2: {(166, 175), (162, 171), (175, 202), (125, 134), (171, 198), (98, 125), (89, 98), (100, 101), (39, 66), (98, 152), (97, 178), (96, 97), (30, 39), (82, 83), (223, 241), (189, 195), (157, 238), (93, 96), (36, 198), (20, 101), (66, 68), (36, 39), (12, 39), (19, 20), (238, 241), (30, 32), (36, 45), (0, 162), (59, 68), (229, 238), (82, 100), (96, 123), (12, 93), (202, 229), (211, 238), (123, 125), (19, 25), (83, 92), (175, 178), (92, 98), (189, 198), (177, 178), (120, 123)}
Obj: 31138

