Log for instance aco_tuning_out/inst06.txt.

Used ({'tau0': 5.471123269221564e-06, 'xi': 0.0880541662185767, 'q0': 0.30146902385350893, 'alpha': 1.0903620529266727, 'beta': 0.772236865018257, 'rho': 0.4288390189950044, 'ants': 23}) and found best instance after 23.625 seconds.
E1: {(128, 130), (81, 85), (205, 237), (206, 238), (233, 237), (39, 167), (23, 31), (82, 114), (28, 30), (1, 3), (233, 249), (206, 207), (158, 222), (53, 181), (205, 221), (30, 158), (174, 175), (166, 174), (45, 61), (128, 129), (174, 190), (82, 83), (206, 222), (192, 208), (208, 210), (172, 174), (28, 29), (29, 61), (166, 167), (135, 167), (53, 61), (208, 240), (24, 28), (105, 233), (128, 192), (81, 83), (180, 181), (82, 210), (81, 89), (158, 190), (134, 135), (46, 174), (78, 206), (208, 212), (130, 134), (1, 129), (205, 207), (30, 31), (232, 233), (6, 134)}
E2: {(90, 91), (193, 195), (193, 201), (32, 34), (32, 40), (162, 226), (229, 231), (156, 158), (181, 245), (193, 225), (87, 95), (196, 197), (2, 66), (1, 3), (34, 162), (91, 95), (196, 212), (174, 175), (166, 174), (87, 119), (174, 190), (193, 197), (32, 36), (162, 170), (229, 245), (170, 171), (181, 189), (89, 91), (225, 229), (1, 5), (132, 196), (66, 74), (68, 196), (1, 17), (74, 90), (32, 96), (180, 181), (2, 34), (162, 163), (171, 175), (158, 190), (101, 229), (171, 187), (129, 193), (1, 129), (2, 3), (2, 18), (158, 159)}
Obj: 29127

