Log for instance aco_tuning_out/inst18.txt.

Used ({'tau_0': 2.3890526897386258e-06, 'xi': 0.09728269253474063, 'q0': 0.5264084644635578, 'alpha': 0.34480659763074994, 'beta': 1.2781748892293714, 'rho': 0.12380145068388254, 'ants': 25}) and found best instance after 295.578125 seconds.
E1: {(136, 137), (128, 136), (99, 103), (82, 90), (3, 7), (58, 62), (86, 87), (39, 103), (128, 160), (87, 95), (1, 3), (252, 253), (1, 9), (85, 213), (197, 213), (45, 61), (110, 126), (82, 86), (61, 63), (147, 151), (245, 253), (80, 82), (22, 86), (22, 54), (22, 150), (103, 111), (46, 62), (1, 5), (29, 61), (85, 87), (213, 215), (6, 7), (151, 215), (110, 238), (137, 201), (6, 22), (213, 245), (54, 62), (62, 63), (46, 110), (7, 39), (9, 137), (57, 61), (66, 82), (151, 159), (209, 213)}
E2: {(210, 242), (168, 172), (160, 168), (72, 76), (146, 154), (168, 184), (163, 179), (60, 62), (113, 117), (8, 9), (114, 115), (82, 114), (252, 253), (1, 9), (115, 123), (78, 110), (8, 24), (117, 245), (168, 232), (62, 126), (240, 242), (110, 126), (82, 86), (245, 253), (221, 253), (134, 142), (80, 82), (101, 117), (22, 86), (121, 123), (22, 150), (8, 72), (40, 168), (1, 5), (76, 78), (110, 238), (146, 210), (89, 121), (82, 210), (51, 115), (76, 108), (51, 179), (30, 62), (113, 115), (22, 30), (134, 150), (66, 82), (54, 62), (8, 40)}
Obj: 27096

