Log for instance aco_tuning_out/inst15.txt.

Used ({'tau_0': 7.812894719628246e-06, 'xi': 0.0766649900567211, 'q0': 0.3937027431240757, 'alpha': 1.3517471324904988, 'beta': 1.9563494025351882, 'rho': 0.17338412974172868, 'ants': 20}) and found best instance after 31.890625 seconds.
E1: {(33, 42), (55, 136), (66, 228), (15, 42), (39, 42), (10, 64), (75, 78), (66, 75), (39, 66), (10, 91), (171, 173), (173, 182), (9, 10), (173, 200), (76, 157), (42, 43), (55, 64), (109, 136), (9, 171), (15, 177), (9, 15), (75, 76), (33, 195)}
E2: {(108, 109), (80, 242), (14, 68), (66, 228), (78, 80), (15, 42), (82, 163), (125, 134), (39, 42), (19, 73), (236, 242), (195, 204), (205, 206), (39, 66), (200, 206), (71, 80), (30, 39), (82, 83), (163, 166), (20, 101), (66, 68), (125, 206), (108, 135), (27, 30), (19, 20), (68, 71), (30, 32), (27, 45), (42, 43), (64, 73), (202, 205), (202, 211), (59, 68), (82, 109), (15, 177), (83, 89), (19, 25), (204, 205), (42, 204), (83, 101), (20, 182), (0, 27), (27, 108)}
Obj: 26854

