Log for instance aco_tuning_out/inst21.txt.

Used ({'tau0': 3.870488509745335e-06, 'xi': 0.14375219093339509, 'q0': 0.31937330810318404, 'alpha': 1.2524356087799853, 'beta': 0.8404615317597104, 'rho': 0.2941319030093275, 'ants': 31}) and found best instance after 32.390625 seconds.
E1: {(163, 164), (180, 183), (180, 186), (2, 164), (83, 137), (2, 5), (65, 146), (64, 65), (83, 164), (163, 169), (177, 186), (180, 182), (228, 237), (191, 200), (135, 137), (164, 182), (164, 191), (18, 180), (137, 146), (146, 152), (169, 223), (5, 14), (18, 45), (5, 32), (183, 237), (166, 169)}
E2: {(5, 59), (108, 109), (2, 164), (61, 70), (0, 2), (43, 70), (2, 5), (121, 130), (189, 191), (24, 78), (130, 157), (0, 18), (7, 25), (118, 121), (191, 200), (164, 182), (108, 135), (164, 191), (7, 61), (109, 118), (130, 211), (120, 121), (64, 70), (91, 118), (18, 24), (182, 236), (71, 152), (70, 71), (5, 8), (108, 189), (18, 45), (5, 32), (8, 89), (189, 195), (7, 8), (61, 223)}
Obj: 27368

