Log for instance aco_tuning_out/inst06.txt.

Used ({'tau_0': 5.572049615801917e-06, 'xi': 0.06325004225542018, 'q0': 0.8461092587771804, 'alpha': 1.389681207393384, 'beta': 0.3366413033928038, 'rho': 0.4612946765120627, 'ants': 22}) and found best instance after 11.21875 seconds.
E1: {(177, 181), (105, 107), (166, 174), (105, 109), (243, 247), (61, 63), (31, 95), (31, 159), (29, 61), (1, 17), (240, 244), (24, 28), (6, 70), (232, 233), (209, 213), (243, 251), (108, 109), (70, 198), (210, 211), (1, 3), (66, 194), (206, 207), (249, 251), (245, 247), (165, 181), (129, 145), (135, 167), (249, 253), (76, 108), (98, 114), (66, 70), (47, 111), (165, 167), (12, 28), (87, 95), (130, 194), (91, 95), (174, 175), (45, 61), (81, 209), (12, 76), (221, 253), (49, 113), (49, 177), (143, 159), (212, 213), (172, 174), (244, 245), (28, 29), (76, 78), (110, 238), (105, 233), (180, 181), (46, 110), (23, 87), (78, 206), (115, 243), (19, 83), (62, 63), (192, 194), (237, 253), (198, 206), (207, 239), (53, 181), (85, 213), (143, 175), (174, 190), (83, 115), (206, 222), (89, 91), (39, 47), (17, 81), (46, 62), (19, 23), (17, 145), (81, 83), (98, 99), (107, 111), (99, 107), (113, 115), (83, 211), (175, 239)}
E2: {(177, 181), (244, 246), (156, 188), (166, 174), (231, 239), (105, 109), (188, 189), (90, 218), (170, 171), (31, 95), (31, 159), (166, 167), (68, 196), (183, 247), (2, 34), (218, 222), (97, 225), (6, 134), (132, 164), (108, 109), (70, 198), (0, 2), (1, 3), (245, 247), (165, 181), (97, 101), (1, 5), (129, 145), (132, 196), (213, 215), (36, 164), (66, 98), (76, 108), (98, 114), (66, 70), (129, 193), (132, 134), (96, 98), (8, 40), (193, 195), (165, 167), (87, 95), (97, 105), (18, 50), (187, 191), (91, 95), (174, 175), (193, 197), (181, 189), (49, 113), (49, 177), (212, 213), (10, 14), (244, 245), (2, 10), (76, 78), (134, 166), (180, 181), (23, 87), (78, 206), (167, 183), (196, 198), (19, 83), (193, 201), (163, 167), (0, 8), (198, 206), (6, 14), (174, 190), (83, 115), (206, 222), (89, 91), (17, 81), (19, 23), (17, 145), (119, 247), (226, 230), (175, 191), (81, 83), (50, 114), (230, 246), (163, 171), (113, 115), (87, 215), (1, 129), (175, 239)}
Obj: 43632

