Log for instance aco_tuning_out/inst30.txt.

Used ({'tau_0': 1.3763468429827451e-06, 'xi': 0.13059886401904963, 'q0': 0.7970081104032578, 'alpha': 0.9961946895439933, 'beta': 0.8455334921092874, 'rho': 0.2687684260652423, 'ants': 32}) and found best instance after 37.34375 seconds.
E1: {(226, 229), (162, 171), (226, 235), (175, 202), (20, 23), (171, 177), (64, 145), (179, 233), (176, 185), (20, 47), (152, 233), (102, 104), (201, 202), (171, 173), (173, 176), (47, 128), (120, 201), (173, 179), (191, 197), (191, 200), (195, 197), (118, 145), (235, 236), (19, 20), (173, 200), (175, 176), (109, 118), (128, 134), (23, 185), (91, 118), (14, 176), (0, 162), (32, 41), (202, 211), (145, 226), (202, 229), (19, 25), (104, 185), (14, 41)}
E2: {(145, 146), (101, 155), (162, 165), (162, 171), (162, 168), (171, 177), (64, 145), (179, 233), (147, 228), (171, 198), (135, 153), (152, 233), (145, 148), (171, 173), (147, 148), (165, 166), (198, 207), (173, 179), (168, 195), (153, 155), (173, 182), (20, 101), (45, 207), (118, 145), (173, 200), (19, 20), (109, 118), (128, 134), (91, 118), (146, 155), (0, 162), (128, 155), (19, 25), (148, 157), (20, 182), (155, 236)}
Obj: 31901

