Log for instance aco_tuning_out/inst21.txt.

Used ({'tau0': 6.1953877645287985e-06, 'xi': 0.12592428493863295, 'q0': 0.5371346552036473, 'alpha': 0.6164150020009103, 'beta': 1.0047990339648631, 'rho': 0.10018538445968772, 'ants': 21}) and found best instance after 174.578125 seconds.
E1: {(226, 232), (135, 153), (152, 233), (83, 164), (173, 179), (225, 226), (64, 226), (153, 234), (14, 176), (225, 228), (5, 32), (225, 234), (83, 86), (232, 233), (166, 175), (179, 233), (5, 86), (223, 232), (173, 176), (164, 173), (173, 182), (45, 207), (173, 200), (175, 176), (177, 179), (207, 234)}
E2: {(83, 110), (234, 236), (38, 119), (31, 58), (130, 211), (54, 72), (119, 146), (83, 89), (195, 196), (55, 136), (118, 119), (121, 130), (82, 83), (36, 45), (55, 58), (91, 118), (146, 152), (36, 38), (119, 200), (34, 196), (31, 32), (217, 223), (135, 153), (34, 43), (54, 55), (83, 164), (7, 25), (7, 34), (164, 182), (153, 234), (110, 119), (120, 121), (58, 59), (0, 81), (130, 157), (72, 78), (127, 130), (118, 127), (31, 34), (55, 217), (81, 83), (55, 64), (109, 136), (72, 153), (82, 136)}
Obj: 28722

