Log for instance aco_tuning_out/inst30.txt.

Used ({'tau_0': 4.854876741746394e-06, 'xi': 0.1452545140568255, 'q0': 0.42195591018398276, 'alpha': 0.3555439034289861, 'beta': 0.8668501148752592, 'rho': 0.11887721475075397, 'ants': 32}) and found best instance after 153.875 seconds.
E1: {(120, 129), (171, 198), (131, 134), (236, 242), (86, 113), (123, 132), (113, 131), (192, 195), (130, 211), (5, 14), (189, 198), (118, 119), (109, 110), (105, 106), (110, 113), (0, 162), (25, 106), (128, 155), (162, 171), (119, 200), (129, 131), (198, 200), (117, 123), (108, 117), (110, 119), (108, 110), (91, 145), (189, 192), (123, 204), (32, 113), (64, 145), (5, 86), (161, 242), (177, 204), (118, 145), (155, 161), (110, 128), (105, 132), (130, 131), (152, 161), (102, 105)}
E2: {(162, 168), (171, 198), (100, 101), (204, 231), (145, 154), (25, 52), (81, 135), (162, 163), (144, 145), (81, 82), (222, 231), (163, 166), (228, 231), (36, 198), (20, 101), (52, 133), (36, 45), (90, 144), (171, 172), (6, 168), (162, 171), (198, 200), (136, 145), (154, 160), (90, 171), (0, 6), (133, 160), (91, 172), (64, 145), (134, 161), (160, 161), (154, 157), (195, 222), (177, 204), (155, 161), (168, 222), (109, 136), (82, 100), (152, 161), (100, 154), (20, 182), (155, 236)}
Obj: 34949

