Log for instance aco_tuning_out/inst06.txt.

Used ({'tau_0': 5.726334506587264e-06, 'xi': 0.09378720394945064, 'q0': 0.4650245999867171, 'alpha': 1.6109205787989367, 'beta': 0.9785683305047798, 'rho': 0.3960780669283891, 'ants': 24}) and found best instance after 14.6875 seconds.
E1: {(140, 156), (128, 136), (128, 130), (188, 190), (232, 248), (206, 238), (237, 253), (0, 2), (210, 211), (39, 167), (210, 214), (252, 253), (156, 188), (220, 252), (121, 249), (212, 220), (8, 24), (114, 118), (206, 207), (174, 175), (102, 110), (128, 129), (240, 248), (6, 14), (62, 190), (174, 190), (23, 55), (41, 45), (206, 222), (220, 221), (180, 188), (21, 85), (105, 121), (248, 252), (167, 175), (46, 62), (8, 136), (10, 14), (2, 10), (166, 167), (214, 222), (174, 238), (135, 167), (249, 253), (89, 121), (102, 118), (64, 192), (41, 105), (21, 23), (188, 252), (46, 110), (78, 206), (0, 64), (0, 128), (2, 3), (39, 55), (83, 211), (21, 53), (172, 188), (136, 140)}
E2: {(137, 139), (136, 137), (128, 136), (140, 156), (193, 195), (162, 226), (193, 201), (32, 34), (18, 26), (119, 127), (163, 179), (193, 225), (2, 66), (187, 191), (156, 188), (4, 36), (179, 187), (196, 212), (174, 175), (128, 129), (192, 193), (143, 175), (128, 132), (174, 190), (192, 196), (193, 197), (32, 36), (10, 42), (4, 5), (26, 90), (25, 89), (162, 170), (188, 189), (176, 178), (229, 245), (170, 174), (225, 229), (143, 159), (132, 196), (2, 10), (68, 196), (9, 25), (63, 127), (63, 191), (199, 231), (32, 96), (162, 166), (175, 191), (139, 143), (2, 34), (162, 178), (101, 229), (4, 132), (40, 42), (176, 180), (9, 137), (195, 199), (2, 3), (17, 25), (2, 18), (136, 140)}
Obj: 35712

