Log for instance aco_tuning_out/inst30.txt.

Used ({'tau_0': 6.7016855702575265e-06, 'xi': 0.11061032973207813, 'q0': 0.8522979141088549, 'alpha': 0.9933756089527778, 'beta': 1.0108153997499625, 'rho': 0.20257431029412304, 'ants': 17}) and found best instance after 16.875 seconds.
E1: {(226, 229), (162, 171), (39, 201), (162, 168), (118, 119), (175, 202), (171, 177), (29, 32), (179, 233), (29, 47), (20, 47), (152, 233), (102, 104), (201, 202), (83, 164), (171, 173), (47, 128), (164, 173), (173, 176), (173, 179), (168, 195), (20, 101), (64, 226), (86, 104), (173, 200), (19, 20), (39, 120), (175, 176), (109, 118), (128, 134), (14, 176), (119, 128), (91, 118), (0, 162), (202, 211), (128, 155), (202, 229), (19, 25), (83, 86), (83, 101), (155, 236)}
E2: {(166, 175), (33, 42), (198, 225), (162, 171), (226, 229), (54, 135), (175, 202), (118, 119), (171, 177), (179, 233), (171, 198), (20, 47), (152, 233), (74, 155), (171, 173), (47, 128), (36, 198), (173, 179), (58, 76), (225, 226), (31, 34), (64, 226), (38, 119), (173, 200), (19, 20), (36, 42), (31, 58), (109, 118), (72, 74), (76, 157), (128, 134), (33, 34), (119, 128), (91, 118), (54, 72), (0, 162), (128, 155), (225, 228), (202, 229), (19, 25), (33, 195), (36, 38), (45, 47), (20, 182), (155, 236)}
Obj: 32579

