Log for instance aco_tuning_out/inst03.txt.

Used ({'tau0': 4.426929263156353e-06, 'xi': 0.06025838234537617, 'q0': 0.705001489203017, 'alpha': 1.7379886783859488, 'beta': 1.7095931918554976, 'rho': 0.10716913974093385, 'ants': 23}) and found best instance after 27.234375 seconds.
E1: {(183, 191), (128, 136), (136, 137), (196, 228), (219, 223), (211, 219), (151, 183), (70, 198), (228, 244), (137, 169), (210, 211), (187, 191), (221, 223), (54, 55), (128, 132), (0, 32), (65, 97), (194, 202), (32, 36), (147, 151), (20, 28), (97, 101), (169, 233), (207, 223), (132, 196), (115, 119), (149, 151), (97, 113), (29, 61), (28, 29), (53, 55), (53, 61), (55, 183), (240, 244), (24, 28), (55, 119), (175, 191), (147, 211), (194, 198), (194, 210), (113, 115), (0, 128), (9, 137), (57, 61), (135, 151), (196, 198), (196, 204), (68, 70), (39, 55), (28, 92), (195, 211), (232, 233)}
E2: {(192, 194), (177, 181), (128, 136), (136, 137), (32, 34), (99, 103), (132, 164), (32, 40), (107, 235), (98, 226), (15, 143), (43, 107), (5, 7), (181, 245), (216, 218), (196, 197), (34, 98), (7, 71), (45, 61), (32, 33), (0, 32), (128, 132), (32, 36), (9, 41), (41, 45), (154, 218), (61, 63), (32, 48), (49, 177), (143, 159), (132, 196), (134, 166), (32, 160), (137, 201), (7, 15), (98, 99), (180, 181), (194, 198), (33, 49), (107, 111), (99, 107), (71, 103), (194, 210), (164, 172), (98, 114), (107, 123), (218, 222), (0, 128), (9, 137), (134, 150), (210, 218), (196, 198), (132, 134), (17, 49)}
Obj: 30659

