Log for instance aco_tuning_out/inst18.txt.

Used ({'tau_0': 9.24915798617957e-06, 'xi': 0.05399113180694906, 'q0': 0.5348646852525689, 'alpha': 0.8177192610685395, 'beta': 1.9504865720120417, 'rho': 0.35361961105123524, 'ants': 16}) and found best instance after 13.484375 seconds.
E1: {(128, 136), (16, 20), (136, 137), (58, 59), (20, 148), (35, 39), (0, 2), (128, 160), (2, 66), (1, 3), (148, 150), (110, 111), (62, 126), (85, 213), (45, 61), (197, 213), (16, 80), (238, 254), (59, 63), (35, 99), (61, 63), (147, 151), (20, 22), (31, 95), (0, 1), (57, 59), (31, 159), (22, 54), (46, 62), (0, 16), (1, 5), (29, 61), (213, 215), (151, 215), (110, 238), (137, 201), (54, 62), (213, 245), (46, 110), (90, 122), (0, 128), (9, 137), (122, 126), (3, 35), (2, 6), (252, 254), (62, 63), (31, 63), (151, 159), (209, 213)}
E2: {(72, 73), (16, 20), (232, 236), (72, 76), (108, 109), (146, 154), (232, 248), (20, 148), (163, 179), (101, 109), (40, 44), (44, 60), (252, 253), (114, 118), (1, 9), (148, 150), (172, 236), (54, 55), (30, 158), (160, 164), (16, 80), (240, 248), (146, 150), (44, 108), (73, 89), (108, 236), (86, 118), (20, 22), (221, 253), (245, 253), (70, 78), (248, 252), (121, 123), (142, 158), (179, 183), (1, 5), (236, 238), (76, 78), (54, 118), (55, 183), (89, 121), (16, 24), (146, 210), (76, 108), (51, 179), (118, 126), (164, 172), (22, 30), (9, 73), (66, 70), (113, 121), (122, 126), (122, 123), (22, 54), (184, 248)}
Obj: 31036

