Log for instance aco_tuning_out/inst24.txt.

Used ({'tau_0': 4.324890613407541e-06, 'xi': 0.12290267674013398, 'q0': 0.47304418264323866, 'alpha': 0.9643516325370455, 'beta': 0.8937714391186662, 'rho': 0.17837160642396882, 'ants': 18}) and found best instance after 158.8125 seconds.
E1: {(42, 106), (58, 59), (154, 158), (243, 251), (44, 45), (15, 143), (0, 2), (40, 44), (128, 160), (248, 250), (2, 130), (34, 98), (186, 250), (220, 252), (240, 248), (220, 221), (26, 90), (58, 186), (128, 144), (98, 106), (44, 108), (248, 252), (57, 59), (143, 159), (235, 251), (139, 143), (2, 34), (66, 98), (158, 190), (141, 143), (70, 71), (42, 58), (40, 42), (43, 59), (0, 128), (66, 70), (26, 58), (154, 186), (92, 220), (12, 44), (158, 159), (250, 251)}
E2: {(183, 191), (90, 94), (98, 226), (165, 167), (151, 183), (237, 253), (187, 191), (178, 182), (34, 98), (253, 255), (120, 122), (94, 222), (88, 90), (148, 180), (61, 63), (60, 61), (21, 85), (98, 106), (147, 151), (180, 182), (221, 253), (191, 255), (88, 120), (5, 21), (194, 226), (2, 10), (106, 122), (166, 167), (230, 231), (53, 61), (63, 191), (88, 89), (194, 195), (226, 230), (166, 182), (175, 191), (2, 34), (228, 230), (98, 114), (144, 148), (167, 183), (166, 230), (21, 53)}
Obj: 25893

