Log for instance aco_tuning_out/inst18.txt.

Used ({'tau_0': 5.449825531692064e-06, 'xi': 0.10463551100918586, 'q0': 0.3791032022582517, 'alpha': 1.5968901194470106, 'beta': 0.6682022659911173, 'rho': 0.3643260630360847, 'ants': 18}) and found best instance after 12.734375 seconds.
E1: {(193, 201), (90, 94), (58, 62), (193, 225), (97, 99), (80, 208), (28, 30), (252, 253), (1, 9), (1, 3), (37, 39), (30, 94), (37, 45), (30, 158), (110, 111), (197, 213), (45, 61), (6, 14), (160, 161), (193, 197), (147, 151), (21, 85), (245, 253), (31, 95), (78, 94), (31, 159), (5, 21), (46, 62), (28, 29), (29, 61), (213, 215), (225, 241), (110, 238), (151, 215), (31, 63), (137, 201), (213, 245), (46, 110), (208, 209), (94, 126), (14, 78), (21, 29), (150, 158), (66, 70), (57, 61), (9, 137), (161, 225), (209, 241), (97, 225), (62, 63), (30, 31), (6, 70), (151, 159), (54, 62)}
E2: {(210, 242), (136, 137), (160, 168), (154, 158), (99, 103), (72, 76), (146, 154), (156, 158), (168, 184), (232, 248), (101, 103), (163, 179), (86, 87), (99, 115), (114, 115), (252, 253), (156, 188), (28, 30), (115, 123), (142, 174), (136, 140), (172, 236), (240, 242), (240, 248), (146, 150), (82, 83), (108, 236), (20, 22), (221, 253), (20, 28), (80, 82), (121, 123), (142, 158), (40, 168), (5, 21), (114, 242), (83, 87), (78, 94), (244, 245), (140, 142), (76, 78), (174, 238), (240, 244), (24, 28), (146, 210), (89, 121), (82, 210), (188, 252), (51, 115), (20, 21), (60, 188), (51, 179), (140, 172), (76, 108), (94, 126), (113, 115), (9, 137), (66, 82), (28, 156), (22, 54), (184, 248)}
Obj: 34552

