Log for instance aco_tuning_out/inst15.txt.

Used ({'tau0': 8.598718994035021e-06, 'xi': 0.10575785607911106, 'q0': 0.5072684688226818, 'alpha': 1.441011679191464, 'beta': 1.677952088449605, 'rho': 0.3243596155081548, 'ants': 8}) and found best instance after 5.265625 seconds.
E1: {(106, 133), (55, 136), (171, 177), (66, 228), (43, 52), (48, 51), (39, 48), (195, 204), (112, 130), (39, 66), (83, 164), (171, 173), (82, 83), (130, 157), (136, 145), (164, 173), (49, 52), (164, 182), (52, 133), (173, 200), (205, 214), (100, 106), (109, 112), (91, 100), (55, 64), (82, 100), (48, 49), (91, 145), (51, 78), (204, 205), (49, 130), (52, 214)}
E2: {(175, 184), (166, 175), (185, 188), (67, 68), (39, 201), (175, 202), (66, 228), (43, 52), (199, 202), (184, 211), (176, 185), (51, 132), (26, 188), (39, 66), (174, 175), (30, 33), (218, 236), (83, 164), (30, 39), (82, 83), (51, 52), (173, 176), (164, 173), (66, 68), (164, 182), (26, 53), (27, 30), (45, 51), (175, 176), (30, 32), (174, 177), (164, 218), (64, 67), (14, 176), (59, 68), (52, 53), (174, 201), (199, 200), (135, 136), (82, 109), (51, 78), (132, 134), (83, 89), (33, 195), (82, 136), (0, 27), (25, 26)}
Obj: 30808

