Log for instance aco_tuning_out/inst12.txt.

Used ({'tau_0': 8.93751488559124e-06, 'xi': 0.07498280708831719, 'q0': 0.7003533283222684, 'alpha': 1.84655149702223, 'beta': 0.36999618301213544, 'rho': 0.353807119950786, 'ants': 24}) and found best instance after 8.0625 seconds.
E1: {(1, 28), (4, 58), (3, 4), (99, 100), (34, 196), (84, 87), (125, 134), (31, 32), (100, 101), (28, 109), (214, 241), (99, 102), (51, 52), (168, 195), (0, 1), (31, 34), (20, 101), (19, 20), (238, 241), (205, 214), (196, 205), (31, 58), (4, 166), (91, 100), (45, 51), (89, 170), (168, 170), (120, 123), (87, 96), (96, 123), (211, 238), (3, 84), (123, 125), (195, 196), (43, 205), (28, 34), (1, 19), (20, 182), (52, 214)}
E2: {(166, 175), (188, 242), (28, 46), (185, 188), (34, 196), (118, 119), (159, 160), (64, 145), (47, 74), (176, 185), (20, 47), (100, 101), (5, 86), (174, 176), (34, 43), (238, 239), (152, 233), (185, 239), (45, 46), (240, 242), (83, 164), (28, 109), (223, 241), (214, 241), (79, 160), (103, 157), (47, 128), (164, 173), (46, 47), (86, 89), (78, 79), (135, 137), (20, 101), (134, 215), (233, 242), (100, 103), (118, 145), (173, 200), (238, 241), (196, 205), (102, 103), (205, 214), (175, 176), (25, 79), (174, 177), (110, 119), (146, 155), (137, 146), (211, 214), (110, 128), (74, 236), (128, 155), (59, 77), (74, 77), (159, 240), (5, 32), (83, 86), (214, 215), (28, 34), (83, 101)}
Obj: 37417

