Log for instance aco_tuning_out/inst21.txt.

Used ({'tau0': 5.432541354150304e-06, 'xi': 0.1098768506848867, 'q0': 0.588663995987506, 'alpha': 1.0903417143977059, 'beta': 1.0292353817624138, 'rho': 0.37868431591672963, 'ants': 31}) and found best instance after 21.609375 seconds.
E1: {(175, 184), (226, 232), (3, 4), (166, 184), (226, 229), (228, 229), (31, 32), (49, 50), (152, 233), (45, 46), (223, 232), (81, 84), (209, 212), (200, 209), (64, 226), (31, 49), (50, 212), (182, 209), (175, 176), (4, 166), (81, 135), (177, 178), (14, 176), (46, 49), (178, 232), (3, 84), (4, 31), (175, 178), (232, 233)}
E2: {(43, 205), (154, 155), (68, 149), (28, 46), (101, 155), (88, 97), (226, 229), (19, 46), (18, 20), (78, 80), (146, 227), (101, 182), (135, 153), (45, 46), (39, 66), (97, 178), (71, 80), (154, 157), (28, 109), (153, 155), (200, 227), (20, 101), (66, 68), (64, 226), (19, 20), (68, 71), (39, 120), (196, 205), (91, 97), (88, 89), (226, 227), (178, 205), (196, 223), (146, 149), (146, 155), (202, 205), (202, 211), (59, 68), (146, 152), (32, 59), (202, 229), (19, 25), (195, 196), (0, 18), (155, 236)}
Obj: 30546

