Log for instance aco_tuning_out/inst24.txt.

Used ({'tau0': 5.998921288673613e-06, 'xi': 0.12799050366072715, 'q0': 0.730921478054052, 'alpha': 1.5055228070199218, 'beta': 0.3739261379740735, 'rho': 0.1599798192967875, 'ants': 28}) and found best instance after 20.9375 seconds.
E1: {(76, 92), (154, 155), (137, 139), (32, 34), (32, 40), (99, 103), (243, 251), (108, 109), (146, 154), (155, 187), (107, 235), (43, 107), (0, 2), (242, 243), (155, 159), (252, 253), (2, 130), (187, 191), (122, 250), (249, 251), (45, 61), (137, 141), (240, 242), (58, 122), (12, 76), (221, 253), (14, 15), (144, 146), (106, 107), (10, 14), (2, 10), (187, 251), (106, 122), (45, 109), (249, 253), (32, 160), (2, 34), (12, 14), (76, 108), (99, 107), (71, 103), (139, 155), (190, 191), (57, 61), (90, 122), (242, 250), (130, 146)}
E2: {(55, 63), (243, 251), (5, 7), (237, 253), (108, 124), (178, 179), (187, 191), (121, 249), (147, 179), (253, 255), (53, 181), (120, 122), (249, 251), (206, 222), (221, 253), (176, 178), (165, 181), (179, 183), (10, 14), (187, 251), (2, 10), (106, 122), (230, 231), (76, 78), (53, 55), (120, 124), (144, 176), (55, 183), (249, 253), (226, 227), (120, 121), (226, 230), (89, 121), (175, 191), (180, 181), (85, 93), (228, 230), (2, 34), (195, 227), (60, 124), (76, 108), (14, 78), (78, 206), (7, 39), (90, 122), (179, 243), (89, 93), (114, 122), (39, 55), (166, 230), (227, 243)}
Obj: 27853

