Log for instance aco_tuning_out/inst21.txt.

Used ({'tau0': 9.767241690470751e-06, 'xi': 0.11665997591227979, 'q0': 0.8943962543294219, 'alpha': 1.1523918797969719, 'beta': 1.0104719425759585, 'rho': 0.28187790444783706, 'ants': 10}) and found best instance after 9.9375 seconds.
E1: {(81, 82), (6, 15), (166, 184), (55, 136), (84, 87), (118, 119), (119, 200), (21, 22), (15, 42), (171, 180), (29, 35), (29, 32), (147, 228), (217, 223), (171, 198), (93, 147), (152, 233), (35, 197), (83, 164), (171, 173), (82, 83), (81, 84), (136, 145), (42, 44), (22, 184), (90, 93), (6, 87), (35, 44), (180, 182), (164, 173), (12, 21), (36, 198), (55, 217), (38, 119), (118, 145), (197, 206), (36, 45), (55, 64), (12, 14), (206, 233), (135, 136), (90, 171), (12, 93), (15, 177), (36, 38)}
E2: {(43, 205), (81, 82), (115, 142), (3, 4), (58, 59), (4, 58), (39, 201), (55, 136), (18, 20), (171, 180), (76, 238), (29, 32), (29, 47), (171, 198), (20, 47), (142, 223), (78, 159), (152, 233), (189, 191), (218, 236), (240, 242), (81, 84), (136, 145), (82, 83), (83, 164), (171, 173), (28, 109), (214, 241), (180, 182), (164, 173), (191, 197), (58, 76), (31, 34), (233, 242), (173, 200), (19, 20), (39, 120), (31, 58), (238, 241), (205, 214), (34, 115), (164, 191), (197, 206), (55, 58), (76, 157), (164, 218), (55, 64), (9, 171), (206, 233), (135, 136), (0, 3), (3, 84), (211, 238), (159, 240), (19, 25), (9, 18), (91, 145), (83, 89), (45, 47), (189, 195), (28, 34), (198, 201)}
Obj: 37990

