Log for instance aco_tuning_out/inst12.txt.

Used ({'tau_0': 7.199516623553175e-06, 'xi': 0.11757684122784635, 'q0': 0.8950304976400971, 'alpha': 1.7862372914817117, 'beta': 1.3396042945590478, 'rho': 0.08070539620138223, 'ants': 25}) and found best instance after 56.078125 seconds.
E1: {(1, 28), (81, 82), (43, 205), (166, 175), (29, 32), (51, 132), (84, 102), (1, 82), (97, 178), (96, 97), (81, 84), (83, 164), (82, 83), (0, 1), (164, 182), (28, 29), (91, 97), (114, 123), (123, 132), (205, 214), (45, 51), (178, 205), (82, 91), (211, 214), (96, 123), (82, 109), (83, 89), (132, 134), (175, 178), (114, 195), (120, 123)}
E2: {(163, 164), (81, 82), (226, 232), (5, 59), (171, 177), (151, 232), (159, 160), (153, 159), (135, 153), (78, 159), (5, 86), (134, 161), (218, 236), (157, 160), (223, 232), (160, 161), (83, 164), (171, 173), (82, 83), (99, 102), (163, 166), (164, 173), (81, 99), (25, 52), (64, 226), (173, 200), (205, 214), (99, 153), (151, 160), (164, 218), (211, 214), (205, 232), (45, 72), (72, 153), (82, 109), (152, 161), (83, 89), (5, 32), (83, 86), (43, 205), (52, 214)}
Obj: 30106

