Log for instance aco_tuning_out/inst27.txt.

Used ({'tau0': 9.767241690470751e-06, 'xi': 0.11665997591227979, 'q0': 0.8943962543294219, 'alpha': 1.1523918797969719, 'beta': 1.0104719425759585, 'rho': 0.28187790444783706, 'ants': 10}) and found best instance after 11.0 seconds.
E1: {(105, 107), (243, 251), (108, 109), (155, 187), (156, 158), (147, 155), (43, 107), (146, 154), (60, 62), (206, 238), (228, 244), (87, 95), (252, 253), (156, 188), (114, 118), (34, 98), (198, 206), (158, 222), (244, 252), (132, 148), (76, 204), (249, 251), (209, 213), (146, 147), (105, 109), (206, 222), (32, 36), (116, 118), (142, 143), (147, 151), (221, 253), (96, 98), (31, 95), (142, 158), (39, 47), (143, 159), (46, 62), (11, 27), (28, 29), (27, 155), (76, 78), (132, 196), (187, 251), (54, 118), (214, 222), (213, 215), (110, 238), (32, 96), (250, 251), (76, 108), (188, 252), (107, 111), (43, 47), (158, 190), (46, 110), (62, 63), (3, 11), (30, 62), (113, 115), (78, 206), (144, 148), (98, 114), (23, 87), (196, 198), (115, 243), (214, 215), (28, 156), (30, 31), (151, 159), (54, 62)}
E2: {(55, 63), (105, 107), (58, 59), (243, 251), (108, 109), (156, 158), (12, 13), (216, 218), (0, 2), (101, 109), (228, 244), (135, 199), (252, 253), (156, 188), (122, 250), (253, 255), (198, 206), (158, 222), (244, 252), (56, 58), (224, 228), (62, 126), (249, 251), (109, 125), (6, 14), (202, 206), (59, 63), (105, 109), (206, 222), (128, 144), (142, 143), (12, 76), (147, 151), (202, 218), (221, 253), (14, 30), (48, 56), (57, 59), (142, 158), (143, 159), (10, 14), (198, 199), (2, 10), (76, 78), (166, 167), (135, 167), (249, 253), (13, 141), (240, 244), (55, 119), (59, 123), (107, 111), (76, 108), (188, 252), (30, 62), (107, 123), (78, 206), (0, 128), (122, 126), (62, 63), (13, 15), (224, 226), (151, 159)}
Obj: 35376

