Log for instance aco_tuning_out/inst30.txt.

Used ({'tau0': 6.651155935593466e-06, 'xi': 0.0698190378741818, 'q0': 0.8638669115585977, 'alpha': 1.1622049190539232, 'beta': 1.595958584283492, 'rho': 0.31540247478897615, 'ants': 9}) and found best instance after 7.03125 seconds.
E1: {(226, 232), (4, 58), (3, 4), (226, 229), (38, 200), (171, 177), (118, 119), (175, 202), (29, 32), (29, 38), (120, 147), (176, 185), (171, 198), (25, 187), (152, 233), (0, 81), (185, 239), (39, 66), (102, 104), (28, 109), (81, 84), (171, 173), (214, 241), (173, 176), (36, 198), (31, 34), (64, 226), (38, 119), (36, 39), (28, 29), (238, 241), (31, 58), (175, 176), (205, 214), (66, 147), (187, 214), (128, 134), (33, 34), (14, 176), (146, 155), (91, 118), (158, 239), (205, 232), (104, 158), (119, 146), (128, 155), (3, 84), (202, 229), (211, 238), (33, 195), (36, 38), (28, 34), (232, 233), (155, 236)}
E2: {(166, 175), (33, 42), (39, 201), (226, 229), (55, 136), (175, 202), (118, 119), (66, 228), (135, 138), (179, 233), (38, 47), (127, 128), (171, 198), (46, 127), (20, 47), (100, 101), (152, 233), (198, 200), (39, 66), (218, 236), (171, 173), (136, 145), (42, 44), (35, 44), (46, 47), (36, 198), (173, 179), (58, 76), (173, 182), (20, 101), (31, 34), (55, 217), (64, 226), (38, 119), (118, 145), (19, 20), (36, 42), (31, 58), (91, 100), (36, 45), (66, 147), (76, 157), (177, 179), (128, 134), (109, 136), (9, 171), (145, 226), (217, 218), (0, 9), (34, 35), (202, 229), (19, 25), (33, 195), (36, 38), (138, 147), (198, 201)}
Obj: 41346

