Log for instance aco_tuning_out/inst21.txt.

Used ({'tau0': 8.908613414444593e-06, 'xi': 0.1316659796537964, 'q0': 0.44184378094598165, 'alpha': 1.5856828467501214, 'beta': 0.9751219636880748, 'rho': 0.2735558699054583, 'ants': 18}) and found best instance after 16.234375 seconds.
E1: {(166, 175), (171, 177), (228, 229), (150, 151), (135, 138), (31, 32), (147, 228), (175, 229), (67, 229), (58, 220), (151, 152), (171, 173), (173, 176), (58, 67), (58, 76), (173, 182), (173, 200), (31, 58), (175, 176), (45, 48), (49, 76), (14, 176), (64, 67), (147, 150), (220, 223), (48, 49), (138, 147)}
E2: {(72, 73), (123, 204), (58, 59), (162, 171), (162, 168), (31, 32), (139, 157), (76, 238), (171, 198), (98, 125), (89, 98), (76, 79), (195, 204), (198, 200), (227, 236), (98, 152), (136, 139), (136, 145), (72, 78), (168, 195), (58, 76), (200, 227), (118, 145), (31, 58), (109, 118), (168, 222), (25, 79), (42, 43), (117, 198), (73, 76), (64, 73), (91, 118), (0, 162), (182, 236), (222, 223), (45, 72), (135, 136), (58, 139), (211, 238), (123, 125), (42, 204), (117, 118), (120, 123)}
Obj: 29793

