Log for instance aco_tuning_out/inst09.txt.

Used ({'tau0': 1.6439317200303233e-06, 'xi': 0.07746694961935612, 'q0': 0.6106338054732293, 'alpha': 1.8489351800014946, 'beta': 0.9702307798494468, 'rho': 0.2665529796010956, 'ants': 30}) and found best instance after 13.21875 seconds.
E1: {(81, 82), (123, 204), (226, 232), (226, 229), (171, 177), (176, 185), (84, 102), (171, 198), (123, 124), (236, 239), (76, 79), (175, 229), (13, 14), (58, 220), (0, 81), (185, 239), (166, 220), (223, 232), (81, 84), (136, 139), (82, 83), (79, 160), (86, 89), (78, 79), (58, 76), (13, 175), (43, 124), (139, 220), (175, 176), (81, 135), (76, 157), (124, 133), (220, 229), (133, 160), (83, 86), (198, 204), (82, 136), (120, 123)}
E2: {(111, 120), (166, 175), (68, 149), (226, 229), (55, 136), (171, 177), (175, 202), (29, 32), (38, 47), (127, 128), (217, 223), (171, 198), (20, 47), (149, 152), (89, 116), (154, 157), (136, 145), (211, 212), (136, 154), (108, 111), (47, 128), (36, 198), (113, 116), (55, 217), (19, 20), (27, 33), (113, 131), (127, 154), (27, 36), (36, 45), (128, 131), (131, 212), (128, 134), (146, 149), (146, 155), (59, 68), (145, 226), (128, 155), (202, 229), (19, 25), (33, 195), (36, 38), (27, 29), (0, 27), (27, 108)}
Obj: 32920

