Log for instance aco_tuning_out/inst18.txt.

Used ({'tau0': 5.498217034018323e-06, 'xi': 0.07476910638285614, 'q0': 0.4717218972346363, 'alpha': 1.947841791710605, 'beta': 1.831830451033867, 'rho': 0.12093333427234658, 'ants': 15}) and found best instance after 22.703125 seconds.
E1: {(32, 34), (81, 85), (193, 201), (82, 90), (5, 13), (150, 151), (1, 3), (252, 253), (34, 98), (197, 213), (45, 61), (209, 213), (110, 126), (13, 29), (81, 209), (193, 197), (61, 63), (147, 151), (245, 253), (46, 47), (159, 223), (80, 82), (39, 47), (9, 13), (95, 223), (22, 150), (34, 42), (1, 5), (29, 61), (213, 215), (110, 238), (151, 215), (32, 160), (47, 63), (98, 99), (66, 98), (6, 22), (107, 111), (213, 245), (99, 107), (46, 110), (42, 58), (80, 81), (57, 61), (66, 82), (22, 54), (215, 223), (47, 111)}
E2: {(72, 76), (146, 154), (91, 123), (232, 248), (12, 13), (5, 13), (40, 44), (176, 240), (44, 60), (112, 240), (28, 30), (114, 118), (252, 253), (78, 110), (240, 248), (50, 51), (146, 150), (110, 126), (160, 176), (44, 108), (163, 227), (44, 172), (28, 60), (12, 76), (99, 227), (245, 253), (221, 253), (144, 146), (248, 252), (229, 245), (89, 91), (14, 30), (112, 114), (9, 13), (176, 184), (76, 78), (54, 118), (80, 112), (144, 176), (110, 238), (24, 28), (146, 210), (98, 99), (50, 114), (66, 98), (76, 108), (99, 107), (118, 126), (101, 229), (98, 114), (14, 142), (107, 123), (112, 113), (86, 118)}
Obj: 29890

