Log for instance aco_tuning_out/inst06.txt.

Used ({'tau0': 8.990632486830376e-06, 'xi': 0.09595706500151588, 'q0': 0.4417965567940394, 'alpha': 1.6457162341639056, 'beta': 1.8792939670585154, 'rho': 0.14228615039412212, 'ants': 30}) and found best instance after 275.46875 seconds.
E1: {(192, 194), (188, 190), (206, 238), (237, 253), (135, 199), (82, 114), (130, 194), (252, 253), (83, 91), (2, 130), (233, 249), (198, 206), (192, 193), (174, 175), (45, 61), (166, 174), (82, 83), (206, 222), (180, 188), (221, 253), (46, 47), (89, 91), (208, 210), (199, 207), (39, 47), (83, 87), (172, 174), (198, 199), (28, 29), (29, 61), (85, 87), (174, 238), (208, 240), (53, 61), (249, 253), (24, 28), (105, 233), (194, 198), (82, 210), (188, 252), (194, 210), (23, 87), (46, 174), (208, 212), (78, 206), (129, 193), (2, 3), (2, 6), (45, 47), (172, 188), (232, 233)}
E2: {(90, 91), (193, 195), (193, 201), (188, 190), (68, 100), (164, 180), (193, 225), (225, 227), (196, 197), (2, 66), (1, 3), (156, 188), (100, 101), (187, 191), (189, 191), (117, 245), (196, 212), (193, 197), (96, 100), (180, 188), (188, 189), (101, 117), (170, 171), (89, 91), (1, 5), (34, 42), (117, 119), (132, 196), (66, 74), (68, 196), (36, 100), (1, 17), (36, 164), (74, 90), (226, 227), (175, 191), (163, 171), (2, 34), (164, 166), (171, 187), (40, 42), (129, 193), (1, 129), (2, 3), (227, 231), (2, 18), (159, 191)}
Obj: 29516

