Log for instance aco_tuning_out/inst30.txt.

Used ({'tau0': 6.233831045293282e-06, 'xi': 0.10451661342493951, 'q0': 0.8893124268375978, 'alpha': 1.349306787935924, 'beta': 0.6109712049564031, 'rho': 0.46309129670203547, 'ants': 8}) and found best instance after 3.15625 seconds.
E1: {(81, 82), (226, 232), (33, 42), (6, 15), (226, 229), (3, 4), (4, 58), (55, 136), (175, 202), (84, 87), (118, 119), (21, 22), (15, 42), (29, 32), (152, 233), (54, 55), (97, 178), (240, 242), (96, 97), (81, 84), (83, 164), (82, 83), (209, 215), (136, 145), (72, 75), (214, 241), (6, 87), (0, 18), (164, 173), (42, 123), (22, 25), (209, 236), (31, 34), (64, 226), (233, 242), (118, 145), (173, 200), (28, 29), (238, 241), (205, 214), (175, 176), (91, 97), (31, 58), (153, 234), (109, 118), (110, 119), (128, 134), (21, 75), (18, 21), (91, 118), (14, 176), (54, 72), (205, 232), (110, 128), (72, 153), (96, 123), (202, 229), (211, 238), (3, 84), (234, 240), (21, 102), (214, 215), (175, 178), (28, 34), (33, 195), (177, 178), (120, 123)}
E2: {(166, 175), (81, 82), (136, 137), (6, 15), (3, 4), (4, 58), (39, 201), (162, 171), (55, 136), (84, 87), (118, 119), (162, 168), (75, 237), (20, 23), (15, 42), (190, 199), (179, 233), (171, 198), (109, 127), (181, 208), (39, 48), (190, 208), (152, 233), (0, 81), (54, 55), (200, 206), (72, 75), (136, 145), (171, 173), (83, 164), (82, 83), (181, 235), (81, 84), (6, 87), (164, 173), (228, 237), (36, 198), (173, 179), (58, 76), (135, 137), (118, 145), (235, 236), (38, 119), (19, 20), (175, 176), (197, 206), (45, 48), (174, 177), (76, 157), (128, 134), (168, 170), (21, 75), (33, 42), (55, 64), (119, 128), (54, 72), (91, 118), (181, 182), (21, 23), (174, 201), (3, 84), (19, 25), (118, 199), (127, 208), (36, 38), (33, 195), (174, 176), (198, 201), (170, 197)}
Obj: 48598

