Log for instance aco_tuning_out/inst30.txt.

Used ({'tau0': 8.598718994035021e-06, 'xi': 0.10575785607911106, 'q0': 0.5072684688226818, 'alpha': 1.441011679191464, 'beta': 1.677952088449605, 'rho': 0.3243596155081548, 'ants': 8}) and found best instance after 6.21875 seconds.
E1: {(120, 129), (145, 146), (101, 155), (109, 190), (162, 171), (119, 200), (162, 168), (118, 119), (146, 227), (190, 199), (64, 145), (131, 134), (227, 236), (102, 104), (172, 199), (171, 173), (131, 158), (168, 177), (173, 176), (168, 195), (20, 101), (129, 130), (155, 158), (32, 194), (19, 20), (113, 131), (130, 211), (14, 176), (146, 155), (0, 162), (146, 152), (104, 158), (119, 146), (130, 131), (172, 173), (19, 25), (118, 199), (113, 194), (91, 172)}
E2: {(162, 171), (55, 136), (125, 134), (73, 154), (171, 198), (234, 236), (178, 179), (100, 101), (72, 234), (125, 152), (205, 206), (238, 239), (198, 200), (185, 239), (54, 55), (162, 216), (171, 173), (157, 238), (136, 154), (182, 185), (173, 179), (20, 101), (125, 206), (169, 178), (135, 216), (100, 103), (19, 20), (103, 184), (196, 205), (184, 185), (177, 179), (64, 73), (82, 91), (54, 72), (0, 162), (205, 232), (45, 72), (201, 228), (178, 232), (82, 100), (82, 109), (100, 154), (19, 25), (195, 196), (216, 234), (166, 169), (198, 201)}
Obj: 34962

