Log for instance aco_tuning_out/inst21.txt.

Used ({'tau0': 4.585564497822685e-06, 'xi': 0.058757171197309443, 'q0': 0.34722321487260577, 'alpha': 1.3834921966172709, 'beta': 0.8673616661090202, 'rho': 0.2097770542871472, 'ants': 11}) and found best instance after 11.59375 seconds.
E1: {(166, 175), (38, 200), (37, 64), (29, 32), (29, 38), (38, 47), (175, 229), (83, 164), (2, 29), (223, 241), (232, 241), (173, 176), (164, 173), (164, 182), (38, 119), (37, 38), (175, 176), (174, 177), (2, 83), (81, 135), (14, 176), (81, 83), (229, 232), (146, 152), (119, 146), (174, 228), (45, 47), (174, 176)}
E2: {(3, 4), (4, 58), (37, 64), (58, 59), (80, 242), (175, 202), (165, 167), (54, 135), (78, 80), (176, 185), (167, 176), (236, 242), (152, 233), (3, 165), (223, 232), (16, 25), (182, 185), (77, 80), (16, 43), (168, 195), (118, 121), (58, 76), (233, 242), (121, 202), (175, 176), (54, 57), (109, 118), (5, 167), (120, 121), (76, 157), (3, 57), (91, 118), (54, 72), (202, 211), (45, 72), (165, 168), (199, 200), (37, 199), (5, 8), (0, 3), (5, 32), (76, 77), (118, 199), (8, 89), (37, 43), (232, 233)}
Obj: 30169

