Log for instance aco_tuning_out/inst24.txt.

Used ({'tau_0': 7.905277958202082e-06, 'xi': 0.07780203477312476, 'q0': 0.5400401332579152, 'alpha': 1.238650111364569, 'beta': 1.1701509091931812, 'rho': 0.3657463607855648, 'ants': 16}) and found best instance after 7.921875 seconds.
E1: {(42, 106), (15, 143), (154, 158), (99, 103), (156, 158), (13, 45), (0, 2), (252, 253), (156, 188), (122, 250), (34, 162), (244, 252), (120, 122), (88, 90), (45, 61), (10, 42), (128, 144), (142, 143), (12, 76), (99, 227), (221, 253), (88, 120), (142, 158), (143, 159), (106, 107), (10, 14), (227, 235), (2, 10), (106, 122), (240, 244), (130, 162), (13, 141), (88, 92), (42, 43), (139, 143), (2, 34), (12, 14), (188, 252), (76, 108), (158, 190), (99, 107), (71, 103), (42, 58), (40, 42), (14, 142), (0, 128), (57, 61), (227, 243), (13, 15), (160, 162)}
E2: {(183, 191), (42, 106), (107, 235), (91, 123), (182, 183), (237, 253), (0, 2), (87, 95), (146, 178), (187, 191), (238, 239), (91, 95), (53, 181), (158, 222), (56, 58), (231, 239), (146, 147), (10, 42), (128, 144), (90, 218), (181, 183), (221, 253), (144, 146), (165, 181), (0, 1), (89, 91), (106, 110), (46, 62), (1, 5), (239, 255), (236, 238), (2, 10), (227, 235), (85, 87), (110, 238), (226, 227), (56, 60), (175, 191), (166, 182), (2, 34), (237, 239), (50, 114), (195, 227), (50, 178), (56, 120), (46, 110), (180, 181), (42, 58), (228, 236), (107, 123), (150, 158), (218, 222), (0, 128), (227, 231), (62, 63), (150, 182), (175, 239)}
Obj: 31070

