Log for instance aco_tuning_out/inst09.txt.

Used ({'tau_0': 2.0274933728523487e-06, 'xi': 0.13405703789383258, 'q0': 0.526091823657158, 'alpha': 1.6793374858698646, 'beta': 0.6970800710605479, 'rho': 0.13613590490376215, 'ants': 11}) and found best instance after 7.28125 seconds.
E1: {(123, 204), (87, 141), (0, 54), (87, 89), (153, 156), (234, 236), (153, 159), (135, 153), (5, 86), (102, 156), (157, 238), (72, 78), (4, 5), (86, 89), (177, 204), (234, 235), (141, 159), (153, 234), (4, 166), (54, 72), (222, 223), (72, 153), (5, 14), (87, 96), (96, 123), (141, 222), (204, 205), (235, 238), (43, 205), (120, 123)}
E2: {(87, 141), (5, 59), (166, 193), (160, 241), (6, 33), (159, 160), (31, 32), (87, 89), (33, 51), (134, 161), (39, 66), (160, 161), (6, 8), (31, 193), (223, 241), (6, 87), (51, 52), (150, 159), (25, 52), (141, 159), (39, 120), (45, 51), (177, 231), (66, 147), (147, 150), (150, 152), (193, 211), (5, 8), (0, 6), (150, 231), (5, 32), (33, 195), (157, 160)}
Obj: 27768

