Log for instance aco_tuning_out/inst09.txt.

Used ({'tau_0': 5.341643627837584e-06, 'xi': 0.12828902895224037, 'q0': 0.5825040751853071, 'alpha': 1.680352012001748, 'beta': 1.7927432976473112, 'rho': 0.24781837895583786, 'ants': 32}) and found best instance after 23.21875 seconds.
E1: {(81, 82), (222, 231), (121, 124), (69, 150), (123, 124), (227, 233), (13, 14), (0, 81), (227, 236), (121, 148), (231, 233), (83, 164), (82, 83), (90, 96), (99, 102), (81, 90), (164, 167), (81, 99), (40, 43), (166, 167), (177, 231), (81, 135), (123, 150), (13, 40), (222, 223), (96, 123), (69, 78), (150, 231), (83, 89), (40, 121), (148, 157), (120, 123)}
E2: {(33, 42), (171, 177), (139, 157), (92, 146), (171, 198), (149, 152), (166, 220), (92, 173), (171, 173), (82, 83), (16, 25), (42, 44), (120, 201), (36, 198), (44, 53), (139, 220), (85, 139), (36, 42), (27, 36), (27, 45), (17, 44), (146, 149), (82, 85), (53, 134), (220, 223), (50, 53), (32, 50), (50, 77), (220, 238), (59, 77), (211, 238), (83, 89), (33, 195), (83, 92), (198, 201), (0, 27), (16, 17)}
Obj: 29067

