Log for instance aco_tuning_out/inst24.txt.

Used ({'tau_0': 5.471123269221564e-06, 'xi': 0.0880541662185767, 'q0': 0.30146902385350893, 'alpha': 1.0903620529266727, 'beta': 0.772236865018257, 'rho': 0.4288390189950044, 'ants': 23}) and found best instance after 15.640625 seconds.
E1: {(154, 155), (42, 106), (15, 79), (58, 59), (44, 45), (0, 2), (128, 160), (40, 44), (108, 124), (144, 208), (141, 157), (155, 159), (2, 130), (186, 250), (157, 159), (122, 250), (44, 108), (128, 144), (92, 124), (15, 47), (234, 235), (57, 59), (34, 42), (227, 235), (106, 122), (208, 240), (71, 79), (2, 34), (43, 47), (124, 252), (139, 155), (42, 58), (43, 59), (0, 128), (90, 122), (154, 186), (186, 190), (106, 234), (45, 47), (157, 221), (12, 44), (227, 243)}
E2: {(183, 191), (193, 195), (162, 226), (81, 85), (229, 231), (164, 165), (229, 237), (220, 222), (197, 229), (0, 2), (178, 179), (147, 179), (179, 187), (133, 165), (34, 162), (53, 181), (120, 122), (193, 197), (220, 221), (128, 144), (164, 228), (181, 183), (191, 255), (88, 120), (165, 181), (179, 183), (178, 242), (114, 242), (2, 10), (106, 122), (88, 89), (63, 191), (88, 92), (162, 166), (56, 60), (175, 191), (180, 181), (2, 34), (81, 89), (162, 178), (165, 229), (5, 133), (90, 122), (0, 128), (114, 122), (92, 220), (56, 120)}
Obj: 26617

