Log for instance aco_tuning_out/inst24.txt.

Used ({'tau_0': 3.0612586277534457e-06, 'xi': 0.1329622135219483, 'q0': 0.7756772068120196, 'alpha': 1.8931956829423289, 'beta': 1.9972080014998133, 'rho': 0.18753105830604566, 'ants': 22}) and found best instance after 24.296875 seconds.
E1: {(76, 92), (154, 158), (15, 143), (188, 190), (171, 235), (99, 103), (44, 45), (43, 171), (0, 2), (40, 44), (128, 160), (242, 243), (252, 253), (40, 56), (34, 98), (2, 130), (122, 250), (56, 58), (240, 242), (10, 42), (58, 122), (44, 108), (128, 144), (142, 143), (12, 76), (221, 253), (142, 158), (139, 171), (143, 159), (2, 10), (106, 122), (56, 57), (42, 43), (139, 143), (2, 34), (98, 99), (188, 252), (158, 190), (141, 143), (76, 108), (71, 103), (42, 58), (0, 128), (90, 122), (242, 250)}
E2: {(90, 91), (183, 191), (132, 164), (196, 228), (98, 226), (58, 62), (164, 165), (237, 253), (87, 95), (146, 178), (187, 191), (34, 98), (132, 133), (91, 95), (253, 255), (158, 222), (53, 181), (56, 58), (143, 175), (146, 147), (10, 42), (58, 122), (147, 151), (142, 143), (181, 183), (221, 253), (191, 255), (89, 91), (165, 181), (31, 95), (144, 146), (142, 158), (31, 159), (143, 159), (198, 199), (2, 10), (132, 196), (85, 87), (106, 122), (199, 231), (56, 60), (175, 191), (180, 181), (2, 34), (164, 166), (42, 58), (98, 114), (5, 133), (195, 199), (196, 198), (62, 63), (31, 63), (151, 159), (56, 120)}
Obj: 28034

