Log for instance aco_tuning_out/inst24.txt.

Used ({'tau_0': 9.375317187382458e-06, 'xi': 0.1262899054888864, 'q0': 0.7055217120426633, 'alpha': 1.8010444237149952, 'beta': 1.3070739401200755, 'rho': 0.0819059266997208, 'ants': 15}) and found best instance after 30.03125 seconds.
E1: {(15, 79), (32, 34), (171, 235), (32, 40), (243, 251), (146, 154), (44, 45), (12, 13), (43, 171), (40, 44), (176, 240), (141, 157), (40, 56), (187, 191), (252, 253), (157, 159), (122, 250), (56, 58), (0, 32), (58, 122), (220, 221), (154, 218), (44, 108), (90, 218), (92, 220), (221, 253), (144, 146), (139, 171), (187, 251), (106, 122), (144, 176), (56, 57), (13, 141), (32, 160), (71, 79), (218, 250), (190, 191), (171, 187), (130, 146), (157, 221), (12, 44), (13, 15), (250, 251)}
E2: {(90, 91), (183, 191), (98, 226), (180, 244), (237, 253), (228, 244), (178, 179), (187, 191), (34, 98), (147, 179), (122, 250), (178, 182), (253, 255), (53, 181), (120, 122), (90, 218), (21, 85), (181, 183), (221, 253), (176, 178), (191, 255), (52, 60), (89, 91), (165, 181), (5, 21), (179, 183), (2, 10), (106, 122), (222, 254), (63, 191), (144, 176), (226, 227), (175, 191), (218, 250), (2, 34), (180, 181), (166, 182), (195, 227), (52, 53), (254, 255), (98, 114), (218, 222), (227, 231), (114, 122), (21, 53)}
Obj: 25905

