Log for instance aco_tuning_out/inst15.txt.

Used ({'tau_0': 3.151708497185101e-06, 'xi': 0.05632693656731169, 'q0': 0.5279577748463967, 'alpha': 0.47226881213046684, 'beta': 1.430973702133798, 'rho': 0.06294574331706608, 'ants': 24}) and found best instance after 297.1875 seconds.
E1: {(171, 180), (171, 198), (118, 124), (42, 43), (174, 228), (33, 42), (79, 160), (180, 182), (36, 198), (78, 79), (36, 63), (91, 118), (124, 151), (118, 199), (33, 195), (36, 38), (171, 174), (36, 42), (174, 177), (38, 200), (63, 64), (198, 199), (109, 118), (151, 160), (157, 160)}
E2: {(52, 214), (116, 134), (74, 155), (200, 206), (204, 231), (25, 52), (177, 231), (27, 45), (54, 72), (174, 201), (28, 55), (33, 35), (228, 231), (164, 173), (66, 68), (89, 170), (197, 206), (201, 204), (72, 74), (165, 174), (204, 205), (33, 195), (214, 215), (28, 34), (0, 27), (27, 108), (39, 201), (43, 52), (27, 28), (54, 55), (34, 52), (39, 66), (34, 61), (28, 109), (211, 212), (116, 197), (170, 197), (58, 59), (14, 68), (58, 61), (165, 166), (72, 78), (164, 170), (173, 182), (108, 135), (205, 214), (206, 215), (32, 35), (33, 34), (55, 64), (212, 215), (155, 236)}
Obj: 29539

