Log for instance aco_tuning_out/inst12.txt.

Used ({'tau_0': 3.0123184321619356e-06, 'xi': 0.12162366348291398, 'q0': 0.6525057095214953, 'alpha': 0.3418731697773203, 'beta': 1.7855031617760102, 'rho': 0.2482497904794193, 'ants': 32}) and found best instance after 272.4375 seconds.
E1: {(99, 100), (131, 134), (99, 102), (130, 211), (83, 89), (195, 196), (45, 126), (121, 130), (82, 83), (82, 85), (85, 166), (4, 31), (34, 196), (31, 32), (34, 43), (83, 164), (164, 182), (120, 121), (100, 127), (82, 91), (126, 127), (3, 4), (4, 85), (127, 130), (31, 34), (109, 136), (82, 100), (130, 131), (0, 3), (82, 136)}
E2: {(38, 44), (171, 198), (131, 134), (89, 107), (200, 206), (72, 75), (67, 70), (3, 6), (38, 119), (31, 58), (21, 75), (98, 107), (171, 177), (118, 119), (208, 214), (62, 224), (51, 52), (58, 67), (207, 208), (36, 198), (72, 74), (224, 233), (64, 70), (85, 166), (26, 107), (6, 168), (36, 38), (25, 26), (92, 119), (6, 24), (139, 157), (31, 32), (43, 70), (135, 153), (152, 233), (44, 206), (6, 8), (21, 24), (211, 214), (74, 236), (222, 223), (58, 139), (127, 208), (92, 98), (3, 4), (4, 58), (4, 85), (103, 130), (127, 130), (118, 127), (45, 207), (102, 103), (168, 222), (109, 127), (59, 62), (206, 233), (72, 153), (8, 62), (130, 131), (51, 78), (52, 214)}
Obj: 33722

