Log for instance aco_tuning_out/inst09.txt.

Used ({'tau0': 1.8744203829802787e-06, 'xi': 0.06974601013646063, 'q0': 0.6646227429685135, 'alpha': 0.837812461347453, 'beta': 0.9110718814664547, 'rho': 0.3627109167529502, 'ants': 14}) and found best instance after 7.15625 seconds.
E1: {(3, 4), (4, 58), (162, 171), (171, 177), (137, 218), (190, 199), (190, 196), (83, 137), (84, 102), (171, 198), (75, 78), (13, 14), (218, 236), (81, 84), (0, 18), (86, 89), (3, 21), (58, 76), (40, 43), (31, 40), (198, 199), (31, 58), (4, 166), (81, 135), (76, 157), (196, 223), (120, 121), (21, 75), (18, 21), (81, 83), (13, 40), (81, 162), (3, 84), (83, 86), (40, 121)}
E2: {(166, 175), (162, 171), (203, 212), (118, 119), (190, 199), (29, 32), (120, 147), (190, 196), (176, 185), (210, 211), (171, 198), (174, 176), (152, 233), (185, 239), (176, 203), (77, 239), (230, 233), (147, 148), (176, 230), (36, 198), (77, 80), (86, 89), (134, 215), (94, 148), (29, 110), (198, 199), (86, 113), (175, 176), (36, 45), (79, 80), (110, 113), (110, 119), (174, 177), (25, 79), (196, 223), (201, 210), (94, 175), (0, 162), (174, 201), (59, 77), (195, 196), (118, 199), (212, 215), (148, 157), (198, 201)}
Obj: 31115

