Log for instance aco_tuning_out/inst12.txt.

Used ({'tau_0': 6.2578016549988135e-06, 'xi': 0.07695855038194482, 'q0': 0.6338595363337294, 'alpha': 1.3781099098119947, 'beta': 1.0918136498914073, 'rho': 0.20985761634934252, 'ants': 15}) and found best instance after 8.75 seconds.
E1: {(81, 82), (109, 190), (99, 100), (84, 87), (82, 163), (190, 199), (127, 128), (199, 205), (101, 182), (46, 127), (100, 101), (5, 86), (0, 81), (45, 46), (81, 84), (82, 83), (163, 166), (99, 102), (163, 190), (114, 123), (205, 214), (91, 100), (128, 134), (211, 214), (82, 100), (83, 89), (5, 32), (83, 86), (101, 128), (43, 205), (87, 114), (114, 195), (120, 123)}
E2: {(81, 82), (226, 232), (3, 4), (39, 201), (171, 174), (88, 115), (159, 160), (29, 32), (29, 47), (134, 161), (152, 233), (39, 66), (201, 202), (157, 160), (200, 206), (160, 161), (218, 236), (83, 164), (171, 173), (82, 83), (81, 84), (223, 241), (102, 183), (214, 241), (47, 128), (164, 173), (25, 52), (66, 68), (64, 226), (205, 214), (109, 115), (4, 166), (240, 241), (174, 177), (174, 183), (81, 135), (128, 134), (164, 218), (78, 240), (229, 232), (202, 211), (205, 232), (59, 68), (206, 233), (82, 88), (174, 201), (202, 229), (3, 84), (159, 240), (83, 89), (45, 47), (43, 205), (232, 233), (52, 214)}
Obj: 33658

