Log for instance aco_tuning_out/inst30.txt.

Used ({'tau0': 1.6998009274389792e-06, 'xi': 0.07574288908876978, 'q0': 0.3437997878588728, 'alpha': 0.9960324515524092, 'beta': 0.6033193519507508, 'rho': 0.22849098583736227, 'ants': 30}) and found best instance after 26.109375 seconds.
E1: {(90, 91), (171, 177), (208, 211), (29, 32), (97, 151), (9, 63), (171, 198), (189, 198), (198, 200), (151, 152), (189, 191), (63, 64), (209, 215), (16, 25), (99, 102), (90, 99), (120, 201), (209, 236), (191, 209), (134, 215), (91, 97), (109, 127), (9, 171), (12, 14), (16, 97), (208, 209), (90, 171), (9, 12), (0, 9), (127, 208), (189, 195), (198, 201), (29, 191)}
E2: {(226, 229), (162, 171), (171, 177), (228, 229), (139, 157), (97, 151), (171, 198), (199, 208), (107, 134), (46, 127), (195, 204), (166, 220), (199, 226), (198, 200), (45, 46), (151, 152), (162, 216), (145, 151), (209, 236), (139, 220), (64, 226), (106, 107), (135, 216), (182, 209), (198, 199), (91, 97), (109, 127), (0, 162), (25, 106), (145, 226), (220, 229), (208, 209), (97, 106), (127, 208), (198, 204)}
Obj: 29650

