Log for instance aco_tuning_out/inst06.txt.

Used ({'tau0': 1.6998009274389792e-06, 'xi': 0.07574288908876978, 'q0': 0.3437997878588728, 'alpha': 0.9960324515524092, 'beta': 0.6033193519507508, 'rho': 0.22849098583736227, 'ants': 30}) and found best instance after 61.015625 seconds.
E1: {(192, 194), (210, 242), (192, 200), (24, 88), (220, 222), (206, 238), (237, 253), (129, 131), (130, 194), (131, 135), (212, 220), (206, 207), (166, 174), (174, 175), (240, 242), (23, 55), (174, 190), (105, 109), (206, 222), (220, 221), (148, 180), (221, 253), (3, 131), (114, 242), (83, 87), (172, 174), (85, 87), (134, 166), (45, 109), (53, 55), (174, 238), (109, 237), (88, 89), (249, 253), (85, 93), (134, 135), (194, 210), (200, 232), (23, 87), (46, 174), (78, 206), (130, 134), (89, 93), (39, 55), (148, 212), (93, 221), (6, 134)}
E2: {(193, 195), (32, 34), (162, 226), (132, 164), (32, 40), (193, 201), (101, 103), (164, 180), (193, 225), (103, 231), (2, 66), (1, 3), (187, 191), (68, 69), (34, 162), (189, 191), (69, 101), (212, 220), (197, 213), (88, 90), (193, 197), (32, 36), (73, 89), (162, 170), (170, 171), (212, 213), (1, 5), (1, 17), (36, 164), (88, 89), (32, 96), (162, 166), (175, 191), (163, 171), (2, 34), (73, 201), (213, 245), (156, 220), (190, 191), (5, 69), (171, 187), (69, 197), (129, 193), (103, 119), (2, 3), (2, 18), (159, 191)}
Obj: 29035

