Log for instance aco_tuning_out/inst06.txt.

Used ({'tau0': 9.546586330686151e-06, 'xi': 0.07432857356120594, 'q0': 0.39855006298732903, 'alpha': 1.1362553523500754, 'beta': 1.13375631131127, 'rho': 0.39805176799684205, 'ants': 18}) and found best instance after 20.59375 seconds.
E1: {(232, 236), (7, 23), (188, 190), (3, 7), (84, 212), (133, 135), (206, 238), (237, 253), (192, 224), (114, 115), (8, 24), (206, 207), (174, 175), (45, 61), (7, 135), (6, 14), (174, 190), (82, 83), (83, 115), (206, 222), (105, 109), (224, 240), (180, 188), (221, 253), (70, 78), (129, 133), (10, 14), (172, 174), (236, 238), (134, 166), (45, 109), (6, 7), (174, 238), (109, 237), (249, 253), (85, 93), (53, 61), (82, 210), (84, 85), (134, 135), (46, 174), (78, 206), (7, 39), (8, 10), (130, 134), (66, 70), (236, 237), (89, 93), (66, 82), (93, 221), (6, 70), (224, 232)}
E2: {(193, 195), (193, 201), (90, 94), (188, 190), (98, 226), (180, 244), (163, 179), (99, 115), (40, 44), (38, 166), (193, 225), (178, 179), (146, 178), (1, 3), (156, 188), (187, 191), (34, 98), (179, 187), (96, 97), (193, 197), (163, 227), (212, 244), (73, 89), (188, 189), (180, 188), (245, 253), (99, 227), (70, 78), (78, 94), (97, 101), (40, 168), (1, 5), (115, 119), (134, 166), (1, 17), (226, 227), (168, 170), (175, 191), (18, 146), (66, 98), (73, 201), (190, 191), (66, 70), (129, 193), (1, 129), (34, 38), (68, 70), (227, 231), (97, 225), (132, 134), (36, 38), (36, 44), (189, 253), (159, 191), (96, 98)}
Obj: 32469

