Log for instance aco_tuning_out/inst21.txt.

Used ({'tau_0': 5.726334506587264e-06, 'xi': 0.09378720394945064, 'q0': 0.4650245999867171, 'alpha': 1.6109205787989367, 'beta': 0.9785683305047798, 'rho': 0.3960780669283891, 'ants': 24}) and found best instance after 9.53125 seconds.
E1: {(81, 82), (23, 77), (47, 74), (179, 233), (29, 32), (176, 179), (176, 185), (29, 47), (71, 233), (152, 233), (83, 164), (82, 83), (165, 166), (173, 176), (164, 173), (164, 182), (173, 200), (81, 135), (224, 233), (64, 70), (177, 179), (23, 185), (70, 71), (165, 174), (14, 23), (74, 77), (174, 228), (45, 47), (174, 176), (223, 224)}
E2: {(111, 120), (81, 82), (185, 188), (19, 46), (55, 136), (162, 168), (175, 202), (6, 24), (111, 138), (179, 233), (176, 179), (176, 185), (1, 55), (236, 242), (152, 233), (24, 78), (1, 82), (45, 46), (35, 197), (89, 116), (83, 164), (19, 100), (82, 83), (154, 157), (136, 145), (164, 173), (58, 67), (173, 179), (168, 195), (118, 124), (182, 188), (43, 124), (0, 1), (138, 139), (116, 197), (233, 242), (195, 197), (173, 200), (118, 145), (175, 176), (55, 58), (81, 135), (55, 61), (32, 35), (64, 67), (109, 136), (91, 118), (202, 211), (81, 162), (82, 100), (58, 139), (32, 59), (6, 168), (100, 154), (19, 25), (61, 223)}
Obj: 32256

