Log for instance aco_tuning_out/inst12.txt.

Used ({'tau0': 1.909159906569024e-06, 'xi': 0.11956886836355252, 'q0': 0.3752425237189395, 'alpha': 1.7473087080286895, 'beta': 0.3768151318487377, 'rho': 0.3399270042677068, 'ants': 31}) and found best instance after 17.484375 seconds.
E1: {(39, 201), (210, 211), (180, 207), (195, 204), (115, 196), (30, 39), (0, 18), (165, 166), (99, 102), (180, 182), (133, 134), (120, 201), (173, 179), (173, 182), (45, 207), (18, 180), (196, 205), (109, 115), (89, 170), (30, 32), (201, 204), (201, 210), (174, 201), (165, 174), (99, 180), (172, 173), (170, 179), (204, 205), (43, 205), (198, 201), (198, 207), (115, 133), (91, 172)}
E2: {(93, 102), (145, 146), (58, 59), (212, 215), (34, 196), (31, 32), (64, 145), (179, 233), (49, 50), (144, 147), (135, 144), (75, 78), (34, 43), (152, 233), (93, 147), (93, 95), (115, 196), (72, 75), (200, 209), (209, 215), (49, 211), (17, 179), (86, 89), (58, 76), (209, 236), (144, 146), (31, 34), (86, 95), (134, 215), (17, 26), (50, 212), (31, 58), (109, 115), (49, 76), (76, 157), (169, 196), (196, 223), (224, 233), (177, 179), (146, 152), (45, 72), (75, 76), (166, 169), (223, 224), (25, 26)}
Obj: 33261

