Log for instance aco_tuning_out/inst06.txt.

Used ({'tau0': 5.341643627837584e-06, 'xi': 0.12828902895224037, 'q0': 0.5825040751853071, 'alpha': 1.680352012001748, 'beta': 1.7927432976473112, 'rho': 0.24781837895583786, 'ants': 32}) and found best instance after 27.40625 seconds.
E1: {(192, 194), (188, 190), (4, 6), (206, 238), (237, 253), (192, 224), (135, 199), (17, 21), (130, 194), (82, 114), (1, 3), (83, 91), (198, 206), (196, 212), (174, 175), (166, 174), (45, 61), (174, 190), (82, 83), (105, 109), (206, 222), (224, 240), (180, 188), (21, 85), (46, 47), (221, 253), (89, 91), (199, 207), (39, 47), (172, 174), (198, 199), (132, 196), (29, 61), (28, 29), (45, 109), (1, 17), (174, 238), (109, 237), (53, 61), (249, 253), (24, 28), (82, 210), (194, 198), (21, 23), (194, 210), (4, 132), (46, 174), (21, 29), (78, 206), (1, 129), (196, 198), (45, 47), (224, 232)}
E2: {(90, 91), (241, 245), (193, 195), (193, 201), (42, 170), (162, 226), (188, 190), (193, 225), (87, 95), (196, 197), (2, 66), (1, 3), (187, 191), (4, 36), (156, 188), (91, 95), (189, 191), (196, 212), (87, 119), (96, 97), (193, 197), (10, 42), (162, 170), (188, 189), (180, 188), (89, 91), (31, 95), (14, 30), (97, 101), (31, 159), (1, 5), (10, 14), (132, 196), (2, 10), (225, 241), (230, 231), (1, 17), (226, 230), (175, 191), (162, 163), (2, 34), (4, 68), (4, 132), (40, 42), (129, 193), (1, 129), (2, 3), (97, 225), (2, 18), (166, 230), (30, 31), (159, 191)}
Obj: 30669

