Log for instance aco_tuning_out/inst09.txt.

Used ({'tau0': 3.986574795084688e-06, 'xi': 0.12869898263116974, 'q0': 0.7324104580466773, 'alpha': 0.38736117587741714, 'beta': 0.6247624947394189, 'rho': 0.4525392981526261, 'ants': 9}) and found best instance after 6.140625 seconds.
E1: {(99, 100), (20, 23), (166, 193), (190, 193), (190, 199), (199, 205), (153, 159), (100, 101), (135, 153), (2, 8), (236, 242), (78, 159), (0, 81), (2, 20), (240, 242), (223, 232), (154, 157), (99, 102), (81, 90), (120, 201), (81, 99), (90, 117), (20, 101), (198, 199), (174, 177), (117, 198), (205, 232), (174, 201), (14, 23), (153, 154), (100, 154), (159, 240), (8, 89), (43, 205), (198, 201)}
E2: {(3, 4), (4, 58), (58, 59), (99, 100), (84, 87), (166, 193), (171, 177), (87, 89), (139, 157), (190, 193), (125, 134), (171, 198), (125, 152), (0, 81), (117, 120), (19, 100), (81, 84), (195, 222), (81, 99), (36, 198), (189, 190), (117, 119), (4, 166), (36, 45), (119, 125), (117, 198), (222, 223), (193, 211), (58, 139), (32, 59), (3, 84), (19, 25), (189, 195), (189, 198)}
Obj: 29606

