Log for instance aco_tuning_out/inst21.txt.

Used ({'tau0': 7.35696843598511e-06, 'xi': 0.13099405837312028, 'q0': 0.39430175087041053, 'alpha': 1.838983583452214, 'beta': 0.7213281426644318, 'rho': 0.11968092308615733, 'ants': 31}) and found best instance after 51.609375 seconds.
E1: {(171, 177), (11, 173), (29, 32), (190, 196), (11, 14), (64, 65), (171, 173), (171, 225), (164, 167), (164, 173), (11, 65), (164, 182), (135, 216), (164, 191), (173, 200), (166, 167), (27, 45), (196, 223), (71, 152), (190, 191), (225, 228), (216, 225), (65, 71), (27, 29), (29, 191)}
E2: {(81, 82), (115, 142), (58, 59), (88, 115), (78, 80), (31, 32), (76, 79), (142, 223), (34, 43), (0, 81), (67, 229), (201, 202), (83, 164), (82, 83), (120, 201), (164, 173), (58, 67), (58, 76), (31, 34), (164, 182), (173, 200), (31, 58), (80, 161), (34, 115), (79, 80), (88, 89), (72, 74), (25, 79), (76, 157), (81, 135), (33, 34), (64, 67), (82, 91), (82, 88), (202, 211), (74, 236), (45, 72), (82, 109), (152, 161), (202, 229), (74, 80), (33, 195)}
Obj: 27689

