Log for instance aco_tuning_out/inst27.txt.

Used ({'tau_0': 5.886189817315941e-06, 'xi': 0.08222368157872886, 'q0': 0.5177131034654385, 'alpha': 1.8715621976373542, 'beta': 1.496250370264296, 'rho': 0.33920762188241993, 'ants': 22}) and found best instance after 9.984375 seconds.
E1: {(55, 63), (108, 109), (146, 154), (220, 222), (211, 219), (12, 13), (4, 6), (156, 158), (186, 250), (4, 36), (187, 191), (27, 31), (132, 148), (94, 222), (148, 156), (249, 251), (23, 55), (6, 14), (13, 29), (83, 115), (206, 222), (220, 221), (116, 118), (108, 236), (12, 76), (60, 61), (144, 146), (159, 191), (14, 30), (31, 159), (39, 47), (204, 206), (236, 238), (29, 61), (76, 78), (54, 118), (214, 222), (209, 211), (47, 63), (218, 250), (2, 34), (12, 14), (76, 108), (43, 47), (158, 159), (228, 236), (94, 126), (118, 126), (113, 115), (78, 206), (14, 142), (144, 148), (218, 222), (218, 219), (186, 190), (2, 3), (2, 6), (214, 215), (83, 211), (109, 111), (30, 31), (31, 63), (250, 251)}
E2: {(111, 239), (15, 79), (105, 107), (243, 251), (220, 222), (101, 103), (12, 13), (216, 218), (176, 240), (97, 105), (57, 121), (48, 176), (121, 249), (224, 228), (249, 251), (6, 14), (202, 206), (10, 42), (224, 240), (206, 222), (220, 221), (108, 236), (12, 76), (105, 121), (78, 79), (79, 111), (14, 30), (97, 101), (10, 14), (239, 255), (76, 78), (123, 251), (144, 176), (13, 141), (226, 230), (145, 147), (218, 250), (228, 230), (12, 14), (76, 108), (107, 111), (228, 236), (144, 145), (42, 58), (78, 206), (218, 222), (121, 125), (103, 119), (166, 230)}
Obj: 31415

