Log for instance aco_tuning_out/inst24.txt.

Used ({'tau_0': 4.020220899909005e-06, 'xi': 0.13174644598316573, 'q0': 0.6110235189733683, 'alpha': 1.6598844502421457, 'beta': 1.4439786122174993, 'rho': 0.18623233223962188, 'ants': 32}) and found best instance after 194.21875 seconds.
E1: {(76, 92), (42, 106), (99, 103), (90, 94), (15, 143), (107, 235), (154, 158), (156, 158), (43, 107), (0, 2), (128, 160), (40, 41), (242, 243), (92, 94), (2, 130), (220, 252), (122, 250), (240, 242), (41, 45), (220, 221), (128, 144), (12, 76), (41, 57), (143, 159), (106, 107), (34, 42), (106, 122), (139, 143), (2, 34), (76, 108), (158, 190), (141, 143), (99, 107), (71, 103), (156, 220), (42, 58), (40, 42), (90, 122), (0, 128), (242, 250), (92, 220), (158, 159)}
E2: {(183, 191), (90, 91), (98, 226), (228, 229), (229, 237), (151, 183), (0, 2), (157, 221), (187, 191), (189, 191), (53, 181), (120, 122), (147, 151), (21, 85), (181, 183), (128, 144), (157, 189), (191, 255), (165, 181), (89, 91), (5, 21), (198, 199), (2, 10), (106, 122), (230, 231), (214, 222), (199, 231), (63, 191), (120, 124), (198, 214), (226, 230), (175, 191), (180, 181), (50, 114), (228, 230), (2, 34), (50, 178), (60, 124), (165, 229), (98, 114), (0, 128), (90, 122), (195, 199), (114, 122), (166, 230), (21, 53), (34, 50)}
Obj: 26332

