Log for instance aco_tuning_out/inst06.txt.

Used ({'tau_0': 2.2570844960363238e-06, 'xi': 0.1499824051273781, 'q0': 0.6397024715024884, 'alpha': 1.3177960201993473, 'beta': 1.7274258641979925, 'rho': 0.06839890232135862, 'ants': 10}) and found best instance after 64.765625 seconds.
E1: {(128, 130), (20, 148), (133, 135), (206, 238), (38, 102), (22, 23), (176, 240), (210, 211), (233, 237), (1, 3), (121, 249), (132, 133), (83, 211), (206, 207), (132, 148), (85, 213), (102, 110), (45, 61), (128, 132), (206, 222), (148, 180), (180, 182), (173, 237), (20, 22), (20, 28), (105, 121), (6, 38), (129, 133), (212, 213), (28, 29), (29, 61), (213, 221), (45, 173), (53, 61), (110, 238), (24, 28), (128, 192), (146, 210), (166, 182), (105, 233), (89, 121), (6, 22), (98, 102), (46, 110), (173, 175), (182, 190), (38, 39), (98, 114), (78, 206), (176, 180), (172, 173), (1, 129), (130, 146), (148, 212), (232, 233)}
E2: {(193, 195), (193, 201), (42, 170), (132, 164), (148, 212), (82, 90), (156, 158), (193, 225), (97, 105), (2, 66), (1, 3), (187, 191), (132, 133), (189, 191), (132, 148), (148, 156), (96, 97), (82, 83), (83, 115), (193, 197), (212, 244), (148, 180), (163, 227), (105, 121), (129, 133), (97, 101), (34, 42), (1, 5), (244, 245), (115, 119), (1, 17), (36, 164), (226, 227), (89, 121), (175, 191), (2, 34), (164, 166), (195, 227), (158, 190), (40, 42), (66, 70), (129, 193), (2, 3), (1, 129), (68, 70), (97, 225), (227, 231), (66, 82), (2, 18), (158, 159), (159, 191)}
Obj: 31187

