Log for instance aco_tuning_out/inst27.txt.

Used ({'tau0': 6.937615535889433e-06, 'xi': 0.07000322226687372, 'q0': 0.8259328344322499, 'alpha': 1.4144702071977722, 'beta': 1.897582215362626, 'rho': 0.08176475094706645, 'ants': 18}) and found best instance after 33.5 seconds.
E1: {(154, 155), (177, 181), (155, 187), (60, 62), (125, 253), (23, 31), (155, 159), (114, 118), (36, 37), (37, 39), (53, 181), (110, 111), (209, 213), (62, 190), (116, 118), (142, 143), (125, 127), (29, 31), (221, 253), (49, 113), (31, 159), (49, 177), (143, 159), (114, 242), (236, 238), (27, 155), (132, 196), (213, 215), (213, 221), (54, 118), (63, 127), (144, 176), (110, 238), (249, 253), (37, 53), (111, 127), (11, 43), (3, 11), (204, 236), (228, 236), (30, 62), (38, 39), (176, 177), (38, 54), (34, 38), (242, 250), (196, 204), (62, 63), (30, 31), (11, 27), (54, 62)}
E2: {(119, 127), (15, 143), (58, 59), (243, 251), (155, 187), (147, 155), (125, 253), (101, 109), (176, 240), (242, 243), (155, 159), (251, 255), (123, 127), (253, 255), (174, 175), (166, 174), (240, 242), (109, 125), (143, 175), (6, 14), (202, 206), (220, 221), (125, 127), (221, 253), (216, 220), (14, 30), (31, 159), (57, 59), (143, 159), (10, 14), (187, 251), (144, 176), (111, 127), (59, 123), (141, 143), (226, 242), (14, 78), (78, 206), (48, 49), (49, 57), (242, 250), (30, 31)}
Obj: 26665

