Log for instance aco_tuning_out/inst15.txt.

Used ({'tau_0': 9.342356314703797e-06, 'xi': 0.11093798894348852, 'q0': 0.3936504222796646, 'alpha': 1.8613339066625738, 'beta': 0.5900213499937936, 'rho': 0.2538267278899345, 'ants': 22}) and found best instance after 10.59375 seconds.
E1: {(171, 177), (171, 180), (64, 145), (171, 198), (75, 78), (34, 43), (198, 200), (72, 75), (28, 109), (180, 234), (145, 154), (180, 182), (228, 237), (58, 76), (31, 58), (153, 234), (76, 157), (33, 34), (72, 153), (234, 237), (153, 154), (75, 76), (91, 145), (28, 31), (33, 195), (28, 34)}
E2: {(189, 216), (108, 109), (40, 41), (169, 170), (75, 78), (25, 187), (189, 191), (35, 197), (72, 75), (200, 209), (40, 202), (35, 44), (191, 197), (27, 189), (166, 169), (209, 236), (35, 53), (54, 216), (191, 209), (108, 135), (182, 209), (169, 187), (89, 170), (72, 74), (177, 179), (32, 35), (41, 44), (53, 134), (64, 67), (43, 44), (54, 72), (202, 211), (13, 40), (45, 72), (108, 189), (216, 225), (225, 228), (59, 77), (74, 77), (170, 179), (13, 67), (189, 195), (14, 41), (170, 197), (0, 27)}
Obj: 28538

