Log for instance aco_tuning_out/inst03.txt.

Used ({'tau_0': 9.701809206152345e-06, 'xi': 0.09407325991753526, 'q0': 0.3044948820351523, 'alpha': 1.8442079342859672, 'beta': 1.893720745386587, 'rho': 0.3120024078765271, 'ants': 29}) and found best instance after 21.09375 seconds.
E1: {(76, 92), (33, 97), (16, 20), (196, 228), (101, 103), (211, 219), (68, 100), (39, 103), (210, 211), (100, 101), (132, 148), (76, 204), (205, 221), (240, 242), (36, 52), (143, 175), (9, 41), (65, 97), (33, 41), (52, 54), (202, 218), (41, 57), (135, 143), (97, 101), (187, 251), (132, 196), (97, 113), (148, 149), (36, 100), (20, 52), (100, 228), (200, 202), (16, 24), (218, 250), (147, 211), (52, 53), (200, 232), (143, 207), (218, 219), (103, 119), (205, 207), (242, 250), (196, 204), (204, 205), (195, 211), (250, 251), (200, 204)}
E2: {(154, 155), (177, 181), (192, 200), (41, 43), (15, 143), (132, 164), (200, 201), (107, 235), (98, 226), (200, 216), (211, 219), (43, 107), (181, 245), (164, 180), (0, 2), (210, 211), (40, 41), (196, 197), (155, 159), (34, 98), (132, 133), (158, 222), (160, 164), (192, 196), (9, 41), (33, 41), (15, 47), (49, 177), (143, 159), (155, 219), (132, 196), (36, 164), (47, 63), (98, 99), (2, 34), (180, 181), (33, 49), (107, 111), (164, 166), (99, 107), (164, 172), (107, 123), (98, 114), (150, 158), (48, 49), (5, 133), (196, 198), (45, 47), (158, 159), (47, 111), (17, 49)}
Obj: 29679

