Log for instance aco_tuning_out/inst03.txt.

Used ({'tau_0': 5.886189817315941e-06, 'xi': 0.08222368157872886, 'q0': 0.5177131034654385, 'alpha': 1.8715621976373542, 'beta': 1.496250370264296, 'rho': 0.33920762188241993, 'ants': 22}) and found best instance after 11.609375 seconds.
E1: {(204, 220), (72, 73), (76, 92), (193, 195), (193, 201), (72, 76), (47, 175), (108, 109), (155, 187), (220, 222), (228, 229), (20, 148), (211, 219), (147, 155), (86, 87), (232, 248), (101, 109), (8, 9), (193, 225), (210, 214), (65, 73), (187, 191), (8, 24), (76, 204), (87, 119), (36, 52), (240, 248), (220, 221), (44, 108), (202, 203), (52, 54), (86, 214), (225, 229), (113, 241), (39, 47), (132, 196), (20, 52), (225, 241), (148, 149), (9, 25), (195, 203), (214, 222), (240, 241), (175, 191), (73, 201), (203, 207), (147, 211), (20, 21), (76, 108), (134, 135), (9, 73), (25, 57), (132, 134), (196, 204), (36, 44), (21, 53), (195, 211), (68, 76)}
E2: {(128, 136), (136, 137), (177, 181), (32, 34), (32, 40), (41, 43), (107, 235), (86, 87), (216, 218), (0, 2), (128, 160), (40, 44), (87, 95), (17, 21), (196, 197), (210, 214), (34, 98), (148, 150), (53, 181), (132, 148), (87, 119), (128, 132), (1, 33), (41, 45), (148, 180), (154, 218), (33, 41), (198, 230), (98, 106), (245, 247), (32, 48), (44, 172), (86, 214), (31, 95), (0, 1), (31, 159), (106, 107), (1, 5), (132, 196), (106, 122), (134, 166), (214, 222), (1, 17), (119, 247), (198, 214), (226, 230), (137, 201), (64, 192), (2, 34), (15, 31), (107, 111), (99, 107), (98, 114), (0, 64), (218, 222), (0, 128), (9, 137), (132, 134), (196, 198), (122, 123), (36, 44), (21, 53), (31, 63)}
Obj: 35839

