Log for instance aco_tuning_out/inst27.txt.

Used ({'tau_0': 9.493726088905091e-06, 'xi': 0.11484843759454823, 'q0': 0.6111218433796399, 'alpha': 1.5748339874818995, 'beta': 1.6004495863491173, 'rho': 0.40117280761880736, 'ants': 26}) and found best instance after 14.25 seconds.
E1: {(154, 158), (243, 251), (156, 158), (206, 238), (44, 60), (87, 95), (187, 191), (114, 118), (27, 31), (132, 148), (30, 158), (76, 204), (249, 251), (209, 213), (148, 156), (230, 238), (116, 118), (12, 76), (29, 31), (221, 253), (36, 44), (31, 95), (142, 158), (39, 47), (114, 242), (10, 14), (187, 251), (2, 10), (76, 78), (213, 221), (54, 118), (213, 215), (63, 191), (249, 253), (47, 63), (2, 34), (228, 230), (43, 47), (158, 190), (23, 87), (142, 206), (113, 115), (78, 206), (144, 148), (14, 78), (2, 3), (115, 243), (242, 250), (12, 44), (30, 31), (31, 63), (250, 251), (47, 111)}
E2: {(33, 97), (93, 221), (88, 216), (15, 143), (98, 226), (4, 6), (4, 12), (12, 13), (112, 240), (242, 243), (48, 112), (146, 178), (186, 250), (2, 130), (178, 182), (253, 255), (93, 95), (96, 97), (146, 147), (202, 206), (33, 41), (58, 186), (12, 76), (41, 57), (221, 253), (93, 125), (176, 178), (88, 120), (31, 95), (112, 114), (112, 120), (97, 101), (178, 242), (114, 242), (115, 119), (2, 10), (76, 78), (144, 176), (13, 141), (166, 182), (98, 99), (15, 31), (107, 111), (141, 143), (99, 107), (107, 123), (98, 114), (78, 206), (242, 250), (115, 243), (2, 6), (130, 146), (30, 31), (96, 98)}
Obj: 31134

