Log for instance aco_tuning_out/inst03.txt.

Used ({'tau_0': 9.84719681858141e-06, 'xi': 0.07010842379960239, 'q0': 0.6134461647846249, 'alpha': 1.8618032848172066, 'beta': 0.8495777604552623, 'rho': 0.35523900559656113, 'ants': 21}) and found best instance after 10.546875 seconds.
E1: {(192, 194), (128, 136), (136, 137), (93, 221), (232, 236), (193, 195), (211, 219), (12, 13), (4, 6), (133, 135), (133, 141), (237, 253), (0, 2), (39, 103), (228, 244), (210, 211), (39, 167), (8, 12), (77, 93), (210, 214), (4, 36), (8, 24), (76, 204), (64, 65), (185, 187), (64, 68), (6, 14), (13, 29), (65, 97), (206, 222), (194, 202), (137, 153), (12, 76), (20, 22), (221, 253), (78, 79), (133, 149), (167, 175), (97, 101), (10, 14), (2, 10), (29, 61), (76, 78), (92, 93), (115, 119), (20, 52), (214, 222), (135, 167), (240, 244), (13, 141), (128, 192), (153, 185), (147, 211), (6, 22), (52, 53), (228, 236), (113, 115), (78, 206), (0, 64), (0, 128), (9, 137), (103, 119), (236, 237), (57, 61), (65, 193), (76, 77), (68, 76), (22, 54), (79, 207)}
E2: {(177, 181), (15, 79), (105, 107), (32, 40), (132, 164), (193, 201), (98, 226), (108, 109), (52, 180), (228, 244), (0, 2), (201, 233), (216, 218), (1, 9), (34, 98), (53, 181), (160, 164), (62, 126), (36, 52), (32, 33), (193, 197), (32, 36), (1, 33), (10, 42), (105, 109), (206, 222), (164, 228), (108, 236), (142, 143), (150, 214), (78, 79), (143, 159), (1, 5), (138, 142), (244, 245), (2, 10), (132, 196), (45, 109), (1, 17), (36, 164), (214, 222), (138, 154), (32, 96), (198, 214), (105, 233), (128, 192), (166, 182), (42, 43), (2, 34), (107, 111), (52, 53), (99, 107), (164, 172), (228, 236), (142, 206), (98, 114), (78, 206), (233, 235), (218, 222), (0, 128), (48, 52), (122, 126), (210, 218), (196, 198), (114, 122), (122, 123), (62, 63), (150, 182), (96, 98)}
Obj: 40490

