Log for instance aco_tuning_out/inst30.txt.

Used ({'tau0': 7.905277958202082e-06, 'xi': 0.07780203477312476, 'q0': 0.5400401332579152, 'alpha': 1.238650111364569, 'beta': 1.1701509091931812, 'rho': 0.3657463607855648, 'ants': 16}) and found best instance after 9.78125 seconds.
E1: {(145, 146), (38, 200), (39, 201), (226, 229), (99, 100), (32, 113), (24, 51), (33, 51), (47, 74), (38, 47), (131, 134), (30, 33), (201, 202), (30, 39), (99, 102), (64, 226), (27, 30), (118, 145), (39, 120), (30, 32), (113, 131), (27, 36), (109, 118), (174, 177), (24, 25), (14, 176), (91, 118), (202, 211), (146, 152), (74, 236), (145, 226), (174, 201), (82, 100), (82, 109), (202, 229), (33, 195), (36, 38), (174, 176), (0, 27)}
E2: {(185, 188), (166, 184), (118, 119), (125, 134), (176, 185), (125, 152), (198, 200), (227, 236), (26, 188), (145, 148), (219, 222), (219, 228), (36, 198), (182, 188), (64, 226), (135, 216), (118, 145), (198, 199), (27, 33), (27, 36), (109, 118), (174, 177), (36, 45), (184, 185), (226, 227), (119, 125), (91, 118), (145, 226), (174, 201), (216, 222), (148, 157), (174, 228), (118, 199), (33, 195), (174, 176), (198, 201), (0, 27), (25, 26)}
Obj: 33228

