Log for instance aco_tuning_out/inst18.txt.

Used ({'tau_0': 1.6439317200303233e-06, 'xi': 0.07746694961935612, 'q0': 0.6106338054732293, 'alpha': 1.8489351800014946, 'beta': 0.9702307798494468, 'rho': 0.2665529796010956, 'ants': 30}) and found best instance after 23.921875 seconds.
E1: {(55, 63), (193, 201), (81, 85), (82, 90), (86, 87), (150, 151), (0, 2), (128, 160), (87, 95), (1, 3), (1, 9), (156, 188), (148, 150), (54, 55), (85, 213), (23, 55), (148, 156), (45, 61), (6, 14), (6, 70), (110, 126), (193, 197), (10, 42), (82, 86), (61, 63), (147, 151), (193, 209), (0, 1), (1, 5), (10, 14), (2, 10), (29, 61), (213, 215), (151, 215), (110, 238), (111, 127), (213, 245), (107, 111), (188, 252), (99, 107), (46, 110), (42, 58), (126, 127), (23, 87), (87, 215), (80, 81), (0, 128), (66, 70), (70, 86), (57, 61), (39, 55), (95, 127), (151, 159), (209, 213)}
E2: {(168, 172), (160, 168), (26, 30), (168, 184), (60, 62), (86, 87), (163, 179), (70, 198), (128, 160), (87, 95), (112, 240), (210, 214), (252, 253), (1, 9), (100, 101), (123, 127), (78, 110), (91, 95), (142, 174), (54, 55), (168, 232), (24, 26), (110, 126), (51, 55), (26, 154), (245, 253), (221, 253), (84, 86), (150, 214), (86, 214), (89, 91), (0, 1), (112, 114), (40, 168), (179, 183), (46, 62), (1, 5), (172, 174), (74, 78), (76, 78), (184, 188), (80, 112), (72, 74), (110, 238), (55, 183), (198, 214), (188, 252), (76, 108), (46, 110), (126, 127), (46, 174), (30, 62), (80, 84), (112, 113), (0, 128), (66, 70), (100, 108), (95, 127), (54, 62)}
Obj: 31951

