Log for instance aco_tuning_out/inst09.txt.

Used ({'tau0': 7.103605161777611e-06, 'xi': 0.13387993202949272, 'q0': 0.5522845785971021, 'alpha': 0.8010267528590788, 'beta': 1.1979962907017299, 'rho': 0.33102581714472007, 'ants': 26}) and found best instance after 27.59375 seconds.
E1: {(3, 4), (84, 87), (156, 158), (87, 89), (135, 138), (120, 147), (84, 102), (75, 78), (87, 168), (13, 14), (168, 177), (84, 138), (40, 43), (155, 158), (157, 158), (4, 166), (75, 156), (13, 40), (169, 223), (4, 13), (0, 3), (3, 84), (138, 147), (138, 156), (168, 169), (155, 236)}
E2: {(58, 59), (4, 58), (3, 4), (84, 87), (151, 232), (87, 89), (125, 134), (76, 79), (87, 168), (125, 152), (58, 220), (201, 202), (223, 232), (72, 75), (168, 177), (124, 125), (120, 201), (168, 195), (58, 76), (4, 166), (25, 79), (76, 157), (229, 232), (202, 211), (45, 72), (220, 229), (32, 59), (0, 3), (3, 84), (202, 229), (75, 76), (124, 151)}
Obj: 24690

