Log for instance aco_tuning_out/inst24.txt.

Used ({'tau_0': 9.342356314703797e-06, 'xi': 0.11093798894348852, 'q0': 0.3936504222796646, 'alpha': 1.8613339066625738, 'beta': 0.5900213499937936, 'rho': 0.2538267278899345, 'ants': 22}) and found best instance after 15.265625 seconds.
E1: {(76, 92), (42, 106), (171, 235), (58, 59), (15, 143), (108, 109), (43, 107), (0, 2), (128, 160), (248, 250), (141, 157), (187, 191), (186, 250), (157, 159), (2, 130), (240, 248), (26, 90), (58, 186), (128, 144), (12, 76), (248, 252), (57, 59), (139, 171), (103, 111), (34, 42), (227, 235), (45, 109), (2, 34), (107, 111), (59, 187), (141, 143), (76, 108), (71, 103), (42, 58), (171, 187), (43, 59), (40, 42), (26, 58), (154, 186), (0, 128), (186, 190), (109, 111), (157, 221), (159, 191), (227, 243)}
E2: {(90, 91), (164, 165), (237, 253), (0, 2), (167, 231), (178, 179), (187, 191), (147, 179), (179, 187), (78, 110), (253, 255), (53, 181), (120, 122), (85, 213), (206, 222), (128, 144), (164, 228), (221, 253), (176, 178), (191, 255), (52, 60), (165, 181), (89, 91), (0, 1), (178, 242), (179, 183), (106, 110), (114, 242), (1, 5), (2, 10), (106, 122), (166, 167), (213, 221), (144, 176), (63, 191), (175, 191), (147, 211), (2, 34), (180, 181), (226, 242), (52, 53), (78, 206), (0, 128), (176, 180), (167, 183), (90, 122), (114, 122), (195, 211)}
Obj: 27979

