Log for instance aco_tuning_out/inst30.txt.

Used ({'tau0': 4.426929263156353e-06, 'xi': 0.06025838234537617, 'q0': 0.705001489203017, 'alpha': 1.7379886783859488, 'beta': 1.7095931918554976, 'rho': 0.10716913974093385, 'ants': 23}) and found best instance after 46.734375 seconds.
E1: {(145, 146), (101, 155), (226, 229), (28, 55), (0, 54), (96, 177), (29, 32), (217, 226), (11, 14), (198, 200), (11, 20), (54, 55), (34, 52), (117, 123), (72, 75), (25, 52), (20, 101), (55, 217), (64, 226), (118, 145), (28, 29), (155, 236), (109, 118), (128, 134), (21, 75), (117, 198), (146, 155), (33, 34), (54, 72), (146, 152), (202, 211), (91, 118), (145, 226), (128, 155), (96, 123), (202, 229), (21, 102), (33, 195), (117, 118), (28, 34), (120, 123)}
E2: {(166, 175), (145, 146), (171, 174), (162, 171), (171, 198), (198, 200), (174, 175), (162, 216), (145, 148), (136, 145), (171, 173), (195, 222), (16, 25), (36, 198), (13, 175), (173, 182), (118, 145), (13, 16), (36, 45), (109, 118), (174, 177), (40, 67), (128, 134), (64, 67), (146, 155), (91, 118), (146, 152), (13, 40), (0, 162), (128, 155), (135, 136), (67, 148), (216, 222), (174, 228), (148, 157), (155, 236)}
Obj: 32632

