Log for instance aco_tuning_out/inst06.txt.

Used ({'tau0': 6.916816029978271e-06, 'xi': 0.13109583259981678, 'q0': 0.7096508529113955, 'alpha': 0.8294099029859726, 'beta': 1.23731470593669, 'rho': 0.12314043168046776, 'ants': 23}) and found best instance after 297.1875 seconds.
E1: {(128, 130), (232, 236), (243, 251), (188, 190), (180, 244), (206, 238), (210, 211), (23, 31), (242, 243), (211, 243), (91, 95), (166, 174), (128, 129), (85, 213), (249, 251), (240, 242), (174, 175), (143, 175), (174, 190), (45, 61), (105, 109), (206, 222), (14, 46), (212, 244), (6, 14), (180, 188), (46, 47), (89, 91), (135, 143), (31, 95), (31, 159), (39, 47), (143, 159), (114, 242), (212, 213), (172, 174), (236, 238), (28, 29), (29, 61), (10, 14), (213, 221), (45, 109), (174, 238), (109, 237), (53, 61), (240, 244), (24, 28), (128, 192), (146, 210), (10, 11), (3, 11), (46, 174), (143, 207), (78, 206), (130, 146), (83, 211), (45, 47)}
E2: {(90, 91), (32, 34), (193, 201), (162, 226), (188, 190), (32, 40), (101, 103), (180, 244), (103, 231), (193, 225), (196, 197), (2, 66), (1, 3), (156, 188), (91, 95), (196, 212), (174, 175), (166, 174), (143, 175), (174, 190), (193, 197), (32, 36), (212, 244), (180, 188), (188, 189), (162, 170), (89, 91), (170, 171), (31, 95), (31, 159), (143, 159), (1, 5), (244, 245), (132, 196), (68, 196), (1, 17), (199, 231), (32, 96), (163, 171), (2, 34), (171, 175), (171, 187), (129, 193), (103, 119), (2, 3), (1, 129), (195, 199), (197, 199), (2, 18)}
Obj: 30182

