Log for instance aco_tuning_out/inst30.txt.

Used ({'tau0': 7.103605161777611e-06, 'xi': 0.13387993202949272, 'q0': 0.5522845785971021, 'alpha': 0.8010267528590788, 'beta': 1.1979962907017299, 'rho': 0.33102581714472007, 'ants': 26}) and found best instance after 74.796875 seconds.
E1: {(179, 206), (101, 155), (119, 200), (20, 23), (118, 119), (64, 145), (29, 32), (125, 152), (0, 18), (211, 212), (20, 101), (125, 206), (195, 197), (118, 145), (29, 110), (19, 20), (197, 206), (109, 118), (110, 119), (119, 125), (206, 215), (128, 134), (18, 21), (119, 128), (91, 118), (177, 179), (21, 23), (128, 155), (120, 123), (14, 23), (21, 102), (123, 125), (19, 25), (212, 215), (155, 236)}
E2: {(92, 119), (119, 200), (162, 168), (118, 119), (1, 55), (20, 47), (98, 152), (2, 20), (168, 177), (163, 166), (47, 128), (168, 195), (58, 76), (209, 236), (0, 1), (1, 2), (19, 20), (109, 118), (55, 58), (174, 177), (81, 135), (76, 157), (128, 134), (119, 128), (162, 163), (91, 118), (55, 64), (1, 163), (81, 162), (47, 209), (19, 25), (174, 228), (45, 47), (92, 98), (20, 182)}
Obj: 30473

