Log for instance aco_tuning_out/inst30.txt.

Used ({'tau_0': 8.037069826251222e-06, 'xi': 0.09645020294268639, 'q0': 0.6378636958577493, 'alpha': 1.5874523603304216, 'beta': 1.117749324798499, 'rho': 0.3122873583242921, 'ants': 22}) and found best instance after 11.265625 seconds.
E1: {(120, 129), (4, 58), (226, 229), (3, 4), (162, 171), (84, 87), (162, 168), (171, 177), (32, 113), (6, 33), (102, 129), (207, 209), (210, 211), (100, 101), (14, 95), (87, 168), (131, 134), (67, 229), (199, 226), (129, 210), (94, 103), (103, 130), (200, 209), (148, 229), (6, 87), (58, 67), (209, 236), (20, 101), (129, 130), (64, 226), (94, 148), (100, 103), (19, 20), (148, 149), (113, 131), (109, 118), (146, 149), (91, 118), (146, 152), (130, 131), (207, 210), (0, 3), (3, 84), (19, 25), (118, 199), (33, 195), (94, 95)}
E2: {(175, 184), (81, 82), (145, 146), (33, 42), (166, 184), (226, 229), (119, 200), (171, 177), (118, 119), (228, 229), (171, 198), (100, 101), (83, 164), (171, 173), (82, 83), (81, 84), (103, 157), (173, 176), (164, 173), (36, 198), (20, 101), (172, 226), (64, 226), (118, 145), (198, 199), (100, 103), (19, 20), (36, 42), (175, 176), (36, 45), (109, 118), (81, 135), (128, 134), (119, 128), (91, 118), (146, 152), (182, 236), (0, 3), (3, 84), (172, 173), (19, 25), (118, 199), (101, 128), (33, 195), (20, 182)}
Obj: 36371

