Log for instance aco_tuning_out/inst18.txt.

Used ({'tau0': 6.651390889237055e-06, 'xi': 0.11158156951036152, 'q0': 0.3891327832249725, 'alpha': 0.5704086329673803, 'beta': 0.45022269695520334, 'rho': 0.05657845121910911, 'ants': 23}) and found best instance after 235.84375 seconds.
E1: {(148, 150), (82, 86), (61, 63), (147, 151), (150, 214), (31, 95), (57, 59), (31, 159), (29, 61), (213, 245), (124, 252), (118, 126), (66, 82), (209, 213), (25, 29), (132, 164), (124, 126), (82, 90), (5, 7), (132, 148), (62, 126), (197, 213), (160, 164), (213, 215), (47, 63), (47, 111), (3, 7), (86, 87), (5, 13), (87, 95), (110, 126), (80, 82), (110, 238), (209, 217), (46, 110), (45, 47), (62, 63), (58, 59), (13, 45), (150, 151), (201, 217), (86, 214), (39, 47), (9, 13), (85, 87), (54, 118), (6, 7), (151, 215), (107, 111), (99, 107), (25, 57), (31, 63)}
E2: {(8, 9), (114, 118), (240, 242), (82, 86), (162, 163), (124, 252), (118, 126), (66, 82), (95, 127), (160, 162), (124, 126), (108, 109), (123, 127), (115, 123), (62, 126), (168, 232), (44, 108), (40, 168), (8, 40), (154, 158), (168, 184), (86, 87), (5, 13), (40, 44), (44, 60), (87, 95), (8, 24), (91, 95), (78, 110), (110, 126), (245, 253), (221, 253), (80, 82), (8, 72), (114, 242), (110, 238), (82, 210), (51, 115), (126, 127), (150, 158), (168, 172), (160, 168), (101, 109), (252, 253), (30, 158), (89, 91), (142, 158), (9, 13), (54, 118), (60, 124), (30, 62), (113, 115)}
Obj: 29395

