Log for instance aco_tuning_out/inst06.txt.

Used ({'tau_0': 2.924453704862743e-06, 'xi': 0.10102715591656777, 'q0': 0.8483785554218048, 'alpha': 1.0515532863745962, 'beta': 0.39867352753450425, 'rho': 0.28727195311451986, 'ants': 26}) and found best instance after 27.15625 seconds.
E1: {(200, 201), (192, 200), (156, 158), (180, 244), (206, 238), (237, 253), (201, 233), (129, 131), (210, 211), (233, 237), (8, 12), (114, 115), (73, 105), (156, 188), (2, 130), (8, 24), (53, 181), (85, 213), (174, 175), (166, 174), (143, 175), (6, 14), (174, 190), (83, 115), (206, 222), (212, 244), (73, 89), (180, 188), (142, 143), (147, 151), (12, 76), (221, 253), (3, 131), (46, 47), (142, 158), (39, 47), (143, 159), (212, 213), (172, 174), (76, 78), (213, 221), (240, 244), (249, 253), (105, 233), (180, 181), (147, 211), (46, 174), (200, 232), (142, 206), (143, 207), (23, 151), (14, 142), (78, 206), (2, 3), (135, 151), (45, 47), (83, 211), (131, 147), (151, 159)}
E2: {(90, 91), (193, 195), (193, 201), (32, 34), (101, 103), (156, 158), (201, 233), (129, 131), (103, 231), (40, 41), (97, 105), (196, 197), (1, 3), (156, 188), (187, 191), (91, 95), (196, 212), (174, 175), (143, 175), (96, 97), (174, 190), (193, 197), (146, 147), (32, 36), (147, 151), (142, 143), (188, 189), (180, 188), (245, 253), (89, 91), (31, 95), (142, 158), (97, 101), (31, 159), (143, 159), (170, 174), (1, 5), (132, 196), (68, 196), (134, 166), (230, 231), (1, 17), (32, 96), (105, 233), (226, 230), (175, 191), (18, 146), (41, 105), (131, 163), (66, 70), (129, 193), (103, 119), (1, 129), (132, 134), (68, 70), (97, 225), (131, 147), (189, 253), (151, 159)}
Obj: 33357

