Log for instance aco_tuning_out/inst03.txt.

Used ({'tau_0': 4.020220899909005e-06, 'xi': 0.13174644598316573, 'q0': 0.6110235189733683, 'alpha': 1.6598844502421457, 'beta': 1.4439786122174993, 'rho': 0.18623233223962188, 'ants': 32}) and found best instance after 33.40625 seconds.
E1: {(204, 220), (177, 181), (132, 164), (145, 149), (165, 167), (164, 165), (211, 219), (228, 244), (210, 211), (39, 167), (187, 191), (198, 206), (53, 181), (206, 207), (224, 228), (202, 206), (65, 97), (220, 221), (52, 54), (164, 228), (165, 181), (49, 113), (167, 175), (49, 177), (97, 101), (132, 196), (20, 52), (115, 119), (68, 196), (97, 113), (9, 25), (135, 167), (36, 164), (24, 25), (240, 244), (175, 191), (145, 147), (147, 211), (52, 53), (113, 115), (25, 57), (145, 177), (49, 57), (196, 198), (196, 204), (92, 220), (195, 211), (224, 232)}
E2: {(177, 181), (193, 201), (132, 164), (15, 143), (32, 34), (32, 40), (44, 45), (146, 154), (98, 226), (107, 235), (43, 107), (181, 245), (216, 218), (40, 44), (196, 197), (34, 98), (198, 206), (192, 193), (32, 33), (146, 150), (193, 197), (32, 36), (206, 222), (154, 218), (4, 5), (142, 143), (32, 48), (49, 177), (0, 4), (143, 159), (132, 196), (63, 191), (36, 164), (32, 160), (137, 201), (146, 210), (180, 181), (98, 99), (164, 166), (33, 49), (107, 111), (99, 107), (164, 172), (142, 206), (4, 132), (98, 114), (107, 123), (218, 222), (9, 137), (196, 198), (159, 191), (17, 49)}
Obj: 29656

