Log for instance aco_tuning_out/inst12.txt.

Used ({'tau0': 5.342828546400694e-06, 'xi': 0.10757152839420789, 'q0': 0.48310874806332305, 'alpha': 0.7345220815729948, 'beta': 0.5000932542690112, 'rho': 0.1091478953450425, 'ants': 30}) and found best instance after 279.796875 seconds.
E1: {(120, 129), (45, 126), (128, 209), (102, 129), (34, 196), (31, 32), (126, 129), (127, 128), (169, 170), (34, 43), (126, 128), (166, 169), (127, 130), (118, 127), (31, 34), (3, 30), (31, 49), (182, 209), (89, 170), (109, 118), (130, 211), (128, 134), (169, 196), (91, 118), (0, 3), (195, 196), (49, 130), (30, 31)}
E2: {(106, 133), (45, 126), (5, 59), (128, 209), (43, 52), (64, 145), (127, 128), (167, 170), (169, 170), (153, 159), (135, 153), (87, 168), (78, 159), (151, 152), (105, 106), (130, 157), (200, 209), (145, 151), (168, 177), (126, 128), (166, 169), (127, 130), (118, 127), (209, 236), (127, 133), (52, 133), (118, 145), (89, 170), (109, 118), (130, 211), (5, 167), (128, 134), (25, 106), (169, 223), (5, 32), (87, 105), (102, 105), (168, 169), (105, 159)}
Obj: 27734

