Log for instance aco_tuning_out/inst27.txt.

Used ({'tau_0': 4.498936448740942e-06, 'xi': 0.13853729626942535, 'q0': 0.527822666374638, 'alpha': 1.6196713237028468, 'beta': 0.6656100225587412, 'rho': 0.18622598889901743, 'ants': 24}) and found best instance after 210.0 seconds.
E1: {(7, 23), (243, 251), (146, 154), (27, 59), (3, 7), (4, 6), (43, 107), (60, 62), (114, 115), (146, 178), (34, 50), (211, 243), (4, 36), (110, 111), (249, 251), (6, 14), (62, 190), (59, 63), (211, 215), (29, 31), (221, 253), (176, 178), (14, 30), (112, 114), (236, 238), (187, 251), (6, 7), (144, 176), (209, 211), (249, 253), (110, 238), (50, 114), (59, 187), (107, 111), (50, 178), (204, 236), (228, 236), (4, 132), (43, 59), (113, 115), (7, 39), (14, 142), (112, 116), (115, 243), (62, 63), (30, 31), (31, 63), (250, 251), (54, 62)}
E2: {(185, 249), (105, 107), (243, 251), (98, 226), (50, 58), (150, 151), (125, 253), (216, 218), (176, 240), (38, 166), (114, 115), (97, 105), (48, 176), (57, 185), (148, 150), (115, 123), (253, 255), (30, 158), (249, 251), (6, 14), (137, 141), (137, 153), (147, 151), (202, 218), (221, 253), (14, 15), (6, 38), (14, 30), (48, 50), (97, 101), (10, 14), (115, 119), (144, 176), (249, 253), (153, 185), (218, 250), (50, 114), (107, 111), (98, 114), (144, 148), (150, 158), (107, 123), (115, 243), (250, 251)}
Obj: 26473

