Log for instance aco_tuning_out/inst24.txt.

Used ({'tau_0': 7.151935564269642e-06, 'xi': 0.10184361707760894, 'q0': 0.5077701235510973, 'alpha': 0.5847895154504361, 'beta': 0.6413829753178264, 'rho': 0.2990121644546394, 'ants': 8}) and found best instance after 9.171875 seconds.
E1: {(76, 92), (42, 106), (154, 158), (15, 143), (243, 251), (108, 109), (101, 103), (0, 2), (101, 109), (176, 240), (252, 253), (122, 250), (34, 162), (249, 251), (45, 61), (10, 42), (160, 176), (12, 76), (221, 253), (14, 15), (143, 159), (10, 14), (2, 10), (106, 122), (45, 109), (235, 251), (144, 176), (249, 253), (130, 162), (42, 43), (139, 143), (2, 34), (12, 14), (76, 108), (158, 190), (141, 143), (71, 103), (42, 58), (40, 42), (90, 122), (57, 61), (158, 159), (160, 162), (250, 251)}
E2: {(183, 191), (98, 226), (165, 167), (220, 222), (211, 219), (237, 253), (89, 217), (187, 191), (34, 98), (253, 255), (53, 181), (120, 122), (33, 35), (1, 33), (220, 221), (221, 253), (176, 178), (191, 255), (165, 181), (217, 219), (1, 5), (2, 10), (106, 122), (230, 231), (166, 167), (120, 124), (63, 191), (144, 176), (85, 93), (226, 230), (175, 191), (180, 181), (2, 34), (228, 230), (147, 211), (60, 124), (98, 114), (217, 221), (90, 122), (34, 35), (167, 183), (89, 93), (176, 180), (114, 122), (166, 230), (195, 211)}
Obj: 26720

