Log for instance aco_tuning_out/inst03.txt.

Used ({'tau_0': 1.6439317200303233e-06, 'xi': 0.07746694961935612, 'q0': 0.6106338054732293, 'alpha': 1.8489351800014946, 'beta': 0.9702307798494468, 'rho': 0.2665529796010956, 'ants': 30}) and found best instance after 24.671875 seconds.
E1: {(177, 181), (220, 222), (211, 219), (180, 244), (86, 87), (228, 244), (176, 240), (210, 211), (87, 95), (97, 105), (187, 191), (36, 37), (206, 207), (37, 39), (76, 204), (143, 175), (202, 206), (83, 115), (206, 222), (220, 221), (65, 97), (147, 151), (232, 233), (92, 220), (20, 22), (31, 95), (22, 86), (49, 113), (31, 159), (97, 101), (143, 159), (49, 177), (19, 23), (115, 119), (149, 151), (76, 78), (97, 113), (9, 25), (24, 25), (37, 53), (105, 233), (175, 191), (180, 181), (23, 87), (113, 115), (143, 207), (78, 206), (176, 177), (25, 57), (49, 57), (135, 151), (19, 83), (37, 101), (83, 211), (195, 211), (68, 76), (22, 54), (151, 159)}
E2: {(177, 181), (193, 201), (132, 164), (107, 235), (146, 154), (43, 107), (134, 198), (99, 115), (164, 180), (0, 2), (128, 160), (228, 244), (40, 44), (87, 95), (216, 218), (114, 115), (36, 37), (115, 123), (5, 37), (37, 45), (192, 193), (160, 164), (146, 150), (193, 197), (83, 115), (154, 218), (36, 44), (31, 95), (48, 50), (31, 159), (19, 23), (244, 245), (134, 166), (36, 164), (33, 37), (128, 192), (226, 230), (137, 201), (180, 181), (2, 34), (50, 114), (15, 31), (107, 111), (228, 230), (146, 210), (99, 107), (164, 172), (23, 87), (16, 48), (218, 222), (0, 128), (9, 137), (134, 150), (132, 134), (19, 83), (166, 230), (34, 50), (31, 63), (16, 17)}
Obj: 33965

