Log for instance aco_tuning_out/inst24.txt.

Used ({'tau_0': 4.854876741746394e-06, 'xi': 0.1452545140568255, 'q0': 0.42195591018398276, 'alpha': 0.3555439034289861, 'beta': 0.8668501148752592, 'rho': 0.11887721475075397, 'ants': 32}) and found best instance after 281.625 seconds.
E1: {(76, 92), (58, 59), (171, 235), (146, 154), (15, 143), (188, 190), (43, 171), (44, 45), (0, 2), (176, 240), (141, 157), (40, 44), (186, 250), (2, 130), (243, 251), (7, 71), (10, 42), (74, 106), (160, 176), (44, 108), (12, 76), (144, 146), (57, 59), (139, 171), (143, 159), (2, 10), (74, 90), (144, 176), (7, 15), (139, 143), (2, 34), (188, 252), (76, 108), (141, 143), (42, 58), (43, 59), (40, 42), (154, 186), (186, 190), (10, 74), (130, 146), (157, 221), (250, 251)}
E2: {(90, 94), (98, 226), (237, 253), (146, 178), (187, 191), (2, 130), (221, 223), (34, 98), (253, 255), (53, 181), (94, 222), (88, 90), (146, 147), (74, 106), (61, 63), (60, 61), (21, 85), (181, 183), (221, 253), (191, 255), (88, 120), (165, 181), (144, 146), (167, 175), (5, 21), (2, 10), (166, 167), (230, 231), (74, 90), (63, 191), (88, 89), (226, 227), (226, 230), (175, 191), (180, 181), (2, 34), (228, 230), (195, 227), (222, 223), (98, 114), (167, 183), (10, 74), (130, 146), (21, 53)}
Obj: 25288

