Log for instance aco_tuning_out/inst03.txt.

Used ({'tau0': 5.420704371762057e-06, 'xi': 0.09688583805471983, 'q0': 0.31023948946680013, 'alpha': 0.7611440380801126, 'beta': 1.2418611307887504, 'rho': 0.4656758616586811, 'ants': 22}) and found best instance after 180.546875 seconds.
E1: {(76, 92), (232, 236), (219, 223), (211, 219), (8, 9), (112, 240), (210, 211), (0, 8), (36, 37), (187, 191), (221, 223), (8, 24), (37, 39), (54, 55), (64, 65), (76, 204), (64, 68), (0, 32), (143, 175), (32, 36), (96, 112), (147, 151), (202, 218), (21, 149), (135, 143), (57, 59), (149, 151), (53, 55), (32, 96), (37, 53), (55, 119), (175, 191), (147, 211), (20, 21), (204, 236), (59, 187), (228, 236), (112, 113), (0, 64), (143, 207), (218, 219), (135, 151), (37, 101), (21, 53), (195, 211), (68, 76)}
E2: {(128, 136), (193, 201), (132, 164), (32, 34), (136, 152), (32, 40), (98, 226), (107, 235), (134, 198), (43, 107), (5, 13), (152, 154), (164, 180), (210, 214), (34, 98), (192, 193), (197, 213), (128, 132), (0, 32), (32, 33), (193, 197), (32, 36), (32, 48), (15, 47), (49, 177), (9, 13), (31, 159), (134, 166), (214, 222), (198, 214), (32, 160), (128, 192), (47, 63), (98, 99), (33, 49), (213, 245), (107, 111), (99, 107), (164, 172), (98, 114), (152, 216), (107, 123), (0, 128), (134, 150), (132, 134), (45, 47), (13, 15), (31, 63), (47, 111), (17, 49)}
Obj: 29521

