Log for instance aco_tuning_out/inst15.txt.

Used ({'tau0': 5.998921288673613e-06, 'xi': 0.12799050366072715, 'q0': 0.730921478054052, 'alpha': 1.5055228070199218, 'beta': 0.3739261379740735, 'rho': 0.1599798192967875, 'ants': 28}) and found best instance after 29.3125 seconds.
E1: {(81, 82), (6, 15), (33, 42), (66, 228), (15, 42), (64, 145), (75, 78), (66, 75), (200, 209), (81, 87), (156, 157), (6, 87), (118, 145), (182, 209), (75, 156), (42, 43), (64, 67), (91, 118), (82, 91), (199, 200), (82, 109), (15, 177), (66, 67), (118, 199), (33, 195)}
E2: {(81, 82), (6, 15), (4, 58), (58, 59), (33, 42), (66, 228), (15, 42), (78, 80), (121, 130), (131, 134), (0, 81), (121, 148), (6, 8), (4, 5), (173, 176), (58, 67), (173, 182), (173, 200), (8, 26), (4, 166), (130, 211), (72, 74), (26, 80), (81, 135), (42, 43), (64, 67), (14, 176), (74, 236), (45, 72), (67, 148), (5, 8), (130, 131), (5, 14), (82, 109), (15, 177), (0, 6), (66, 67), (5, 32), (74, 80), (8, 89), (33, 195), (25, 26)}
Obj: 27528

