Log for instance aco_tuning_out/inst09.txt.

Used ({'tau0': 1.944733890460195e-06, 'xi': 0.10406489729971813, 'q0': 0.5015133780289627, 'alpha': 0.48372224880231074, 'beta': 1.7691019222478264, 'rho': 0.4010581607160818, 'ants': 21}) and found best instance after 29.53125 seconds.
E1: {(93, 102), (154, 155), (3, 4), (4, 58), (93, 120), (87, 89), (43, 70), (6, 60), (223, 232), (136, 139), (154, 157), (136, 154), (6, 87), (69, 70), (3, 6), (3, 12), (155, 236), (4, 166), (12, 14), (178, 232), (135, 136), (58, 139), (60, 69), (0, 3), (60, 78), (12, 93), (177, 178), (70, 232)}
E2: {(162, 165), (98, 107), (162, 168), (75, 237), (210, 211), (89, 98), (107, 134), (25, 187), (57, 75), (98, 152), (30, 39), (177, 186), (195, 222), (165, 166), (156, 157), (30, 57), (107, 188), (57, 59), (186, 188), (36, 39), (39, 120), (30, 32), (36, 45), (168, 222), (75, 156), (210, 237), (183, 186), (0, 162), (222, 223), (183, 210), (165, 183), (186, 187)}
Obj: 26622

