Log for instance aco_tuning_out/inst06.txt.

Used ({'tau_0': 8.990632486830376e-06, 'xi': 0.09595706500151588, 'q0': 0.4417965567940394, 'alpha': 1.6457162341639056, 'beta': 1.8792939670585154, 'rho': 0.14228615039412212, 'ants': 30}) and found best instance after 168.6875 seconds.
E1: {(192, 194), (81, 85), (3, 7), (232, 248), (206, 238), (237, 253), (129, 131), (210, 214), (130, 194), (114, 118), (212, 214), (238, 239), (206, 207), (174, 175), (45, 61), (240, 248), (174, 190), (105, 109), (206, 222), (180, 182), (21, 85), (221, 253), (3, 131), (248, 249), (118, 246), (172, 174), (28, 29), (29, 61), (45, 109), (214, 222), (109, 237), (6, 7), (249, 253), (24, 28), (166, 182), (81, 83), (81, 89), (237, 239), (21, 23), (214, 246), (194, 210), (182, 190), (21, 29), (46, 174), (78, 206), (130, 131), (7, 39), (131, 135), (21, 53), (175, 239)}
E2: {(193, 195), (193, 201), (32, 40), (32, 34), (188, 190), (98, 226), (229, 231), (197, 229), (3, 19), (129, 131), (193, 225), (196, 197), (1, 3), (187, 191), (156, 188), (189, 191), (196, 212), (193, 197), (18, 19), (32, 36), (180, 182), (188, 189), (73, 89), (67, 195), (3, 131), (101, 117), (229, 245), (170, 171), (1, 5), (117, 119), (66, 74), (132, 196), (68, 196), (74, 90), (32, 96), (175, 191), (73, 201), (163, 171), (66, 98), (166, 182), (131, 163), (101, 229), (182, 190), (171, 187), (17, 19), (129, 193), (66, 67), (159, 191), (96, 98)}
Obj: 29789

