Log for instance aco_tuning_out/inst21.txt.

Used ({'tau0': 7.905277958202082e-06, 'xi': 0.07780203477312476, 'q0': 0.5400401332579152, 'alpha': 1.238650111364569, 'beta': 1.1701509091931812, 'rho': 0.3657463607855648, 'ants': 16}) and found best instance after 8.71875 seconds.
E1: {(166, 175), (226, 229), (162, 168), (175, 202), (162, 180), (228, 229), (170, 224), (180, 207), (152, 233), (176, 203), (83, 164), (162, 164), (200, 203), (168, 177), (173, 176), (164, 173), (173, 182), (45, 207), (64, 226), (175, 176), (81, 135), (168, 170), (224, 233), (14, 176), (81, 83), (5, 14), (202, 229), (5, 32), (223, 224)}
E2: {(63, 144), (162, 171), (147, 149), (120, 147), (199, 205), (59, 140), (144, 147), (171, 198), (135, 144), (69, 150), (236, 239), (36, 37), (198, 200), (63, 64), (140, 149), (140, 158), (83, 164), (171, 173), (49, 211), (164, 173), (36, 198), (25, 52), (49, 52), (40, 49), (164, 182), (40, 43), (27, 33), (196, 205), (157, 158), (27, 36), (109, 118), (27, 45), (196, 223), (36, 63), (91, 118), (147, 150), (158, 239), (0, 162), (150, 152), (37, 199), (69, 78), (32, 59), (83, 89), (118, 199), (37, 40), (33, 195)}
Obj: 31052

