Log for instance aco_tuning_out/inst12.txt.

Used ({'tau_0': 9.563421643378381e-06, 'xi': 0.09724359984230846, 'q0': 0.3832373282206037, 'alpha': 0.33412689971093434, 'beta': 0.5388896399688413, 'rho': 0.11521783790776492, 'ants': 25}) and found best instance after 185.984375 seconds.
E1: {(39, 201), (166, 193), (88, 115), (101, 182), (100, 101), (102, 104), (201, 202), (115, 196), (30, 39), (133, 134), (120, 201), (27, 30), (196, 205), (30, 32), (88, 89), (193, 196), (27, 45), (82, 91), (202, 205), (82, 88), (193, 211), (101, 104), (82, 100), (82, 109), (195, 196), (43, 205), (0, 27), (115, 133)}
E2: {(72, 73), (76, 79), (158, 161), (21, 183), (89, 143), (41, 44), (21, 75), (73, 76), (64, 73), (211, 238), (77, 158), (82, 163), (217, 235), (163, 166), (235, 236), (25, 79), (32, 41), (59, 77), (21, 102), (76, 238), (217, 223), (200, 203), (135, 137), (75, 77), (41, 203), (73, 235), (174, 177), (41, 50), (143, 161), (134, 161), (72, 78), (174, 183), (163, 217), (76, 157), (137, 143), (43, 44), (45, 72), (50, 77), (82, 109), (152, 161), (76, 77)}
Obj: 29707

