Log for instance aco_tuning_out/inst30.txt.

Used ({'tau_0': 9.767241690470751e-06, 'xi': 0.11665997591227979, 'q0': 0.8943962543294219, 'alpha': 1.1523918797969719, 'beta': 1.0104719425759585, 'rho': 0.28187790444783706, 'ants': 10}) and found best instance after 5.234375 seconds.
E1: {(81, 82), (226, 232), (3, 4), (4, 58), (39, 201), (171, 177), (118, 119), (120, 147), (171, 198), (100, 101), (5, 86), (152, 233), (0, 81), (39, 66), (200, 206), (83, 164), (171, 173), (82, 83), (81, 84), (209, 215), (28, 109), (214, 241), (164, 173), (209, 236), (31, 34), (20, 101), (64, 226), (134, 215), (100, 103), (118, 145), (19, 20), (238, 241), (31, 58), (205, 214), (102, 103), (66, 147), (206, 215), (33, 34), (119, 128), (91, 118), (205, 232), (206, 233), (145, 226), (82, 100), (5, 14), (3, 84), (211, 238), (19, 25), (5, 32), (83, 86), (101, 128), (214, 215), (33, 195), (28, 34), (198, 201)}
E2: {(81, 82), (226, 232), (6, 15), (3, 4), (4, 58), (33, 42), (39, 201), (18, 20), (84, 87), (118, 119), (171, 177), (147, 149), (15, 42), (119, 200), (66, 228), (83, 101), (171, 198), (149, 152), (58, 220), (39, 66), (81, 84), (83, 164), (82, 83), (209, 215), (6, 87), (36, 198), (58, 76), (135, 137), (209, 236), (139, 220), (20, 101), (164, 182), (134, 215), (64, 226), (85, 139), (38, 119), (118, 145), (19, 20), (36, 42), (205, 214), (36, 45), (66, 147), (76, 157), (146, 149), (137, 146), (91, 118), (85, 166), (205, 232), (145, 226), (82, 109), (3, 84), (19, 25), (33, 195), (36, 38), (214, 215), (0, 18), (198, 201)}
Obj: 40327

