Log for instance aco_tuning_out/inst27.txt.

Used ({'tau0': 6.013615341921658e-06, 'xi': 0.14211938125893342, 'q0': 0.3248975661404837, 'alpha': 1.1289454136305503, 'beta': 1.4285276537384943, 'rho': 0.3107997616316016, 'ants': 20}) and found best instance after 49.265625 seconds.
E1: {(154, 155), (155, 187), (60, 62), (3, 19), (29, 157), (155, 159), (121, 249), (140, 204), (157, 159), (142, 174), (249, 251), (100, 116), (145, 209), (62, 190), (174, 190), (132, 140), (31, 159), (39, 47), (19, 23), (187, 251), (27, 155), (140, 142), (36, 100), (47, 111), (174, 238), (100, 228), (151, 215), (47, 63), (145, 153), (250, 251), (62, 63), (43, 47), (144, 145), (38, 39), (153, 157), (23, 151), (113, 121), (34, 38), (36, 38), (157, 221), (30, 31), (31, 63), (151, 159), (54, 62)}
E2: {(119, 127), (101, 103), (216, 218), (141, 157), (242, 243), (123, 127), (157, 159), (122, 250), (56, 58), (240, 242), (6, 14), (166, 230), (10, 42), (58, 122), (125, 127), (202, 218), (14, 15), (127, 255), (14, 30), (31, 159), (48, 56), (10, 14), (56, 57), (226, 230), (145, 147), (218, 250), (145, 153), (111, 127), (226, 242), (42, 58), (144, 145), (153, 157), (103, 119), (122, 123), (242, 250), (157, 221), (30, 31)}
Obj: 23868

