Log for instance aco_tuning_out/inst24.txt.

Used ({'tau0': 1.3920749967998762e-06, 'xi': 0.08397237700240848, 'q0': 0.6682959638256109, 'alpha': 1.2969464614531203, 'beta': 1.130493567371472, 'rho': 0.47674134103904503, 'ants': 21}) and found best instance after 8.515625 seconds.
E1: {(76, 92), (177, 181), (171, 235), (58, 59), (243, 251), (99, 103), (155, 187), (146, 154), (147, 155), (12, 13), (43, 107), (12, 28), (0, 2), (176, 240), (178, 179), (146, 178), (28, 30), (187, 191), (2, 130), (252, 253), (53, 181), (56, 58), (174, 175), (249, 251), (45, 61), (174, 190), (10, 42), (160, 176), (147, 151), (12, 76), (181, 183), (90, 218), (221, 253), (14, 15), (31, 159), (179, 183), (143, 159), (106, 107), (10, 14), (28, 29), (29, 61), (2, 10), (53, 61), (144, 176), (56, 57), (249, 253), (13, 141), (175, 191), (139, 143), (2, 34), (250, 251), (218, 250), (76, 108), (99, 107), (71, 103), (42, 58), (171, 187), (40, 42), (176, 177), (43, 59), (57, 61), (179, 243), (30, 31), (151, 159)}
E2: {(55, 63), (177, 181), (90, 91), (193, 195), (243, 251), (155, 187), (58, 62), (147, 155), (165, 167), (50, 58), (237, 253), (228, 244), (167, 231), (244, 246), (1, 3), (147, 179), (187, 191), (91, 95), (53, 181), (56, 58), (14, 46), (249, 251), (166, 230), (193, 197), (58, 122), (147, 151), (151, 159), (181, 183), (21, 85), (221, 253), (89, 91), (165, 181), (31, 95), (179, 183), (31, 159), (178, 242), (46, 62), (10, 14), (1, 5), (114, 242), (2, 10), (106, 122), (166, 167), (199, 231), (144, 176), (55, 183), (151, 215), (249, 253), (56, 60), (226, 230), (175, 191), (180, 181), (2, 34), (50, 114), (230, 246), (222, 223), (223, 255), (176, 177), (179, 243), (2, 3), (197, 199), (62, 63), (21, 53), (215, 223), (56, 120)}
Obj: 35055

