Log for instance aco_tuning_out/inst24.txt.

Used ({'tau0': 5.984400518709856e-06, 'xi': 0.13241385165248287, 'q0': 0.4542903648549634, 'alpha': 0.4898957854025313, 'beta': 0.29966337375676566, 'rho': 0.06680927871977722, 'ants': 9}) and found best instance after 213.078125 seconds.
E1: {(76, 92), (243, 251), (44, 45), (15, 143), (43, 171), (0, 2), (176, 240), (248, 250), (40, 44), (40, 56), (220, 252), (186, 250), (2, 130), (56, 58), (7, 71), (240, 248), (160, 176), (220, 221), (154, 218), (74, 106), (90, 218), (12, 76), (248, 252), (138, 139), (139, 171), (143, 159), (2, 10), (235, 251), (138, 154), (74, 90), (144, 176), (56, 57), (7, 15), (218, 250), (2, 34), (139, 143), (76, 108), (141, 143), (186, 190), (10, 74), (92, 220), (12, 44), (250, 251)}
E2: {(183, 191), (98, 226), (220, 222), (182, 183), (237, 253), (146, 178), (178, 182), (187, 191), (253, 255), (53, 181), (85, 213), (88, 90), (146, 147), (74, 106), (220, 221), (98, 106), (181, 183), (221, 253), (191, 255), (52, 60), (165, 181), (144, 146), (88, 120), (69, 85), (2, 10), (230, 231), (213, 221), (74, 90), (63, 191), (199, 231), (88, 89), (226, 230), (175, 191), (166, 182), (180, 181), (228, 230), (2, 34), (52, 53), (5, 69), (98, 114), (195, 199), (10, 74), (166, 230)}
Obj: 25486

