Log for instance aco_tuning_out/inst15.txt.

Used ({'tau_0': 4.498936448740942e-06, 'xi': 0.13853729626942535, 'q0': 0.527822666374638, 'alpha': 1.6196713237028468, 'beta': 0.6656100225587412, 'rho': 0.18622598889901743, 'ants': 24}) and found best instance after 15.15625 seconds.
E1: {(199, 205), (199, 208), (180, 207), (78, 159), (195, 204), (199, 226), (204, 231), (156, 157), (180, 182), (228, 231), (207, 208), (150, 159), (64, 226), (109, 118), (177, 231), (91, 118), (156, 159), (199, 200), (150, 231), (204, 205), (118, 199), (43, 205)}
E2: {(226, 232), (162, 165), (162, 171), (45, 126), (108, 109), (162, 168), (171, 177), (5, 59), (225, 227), (5, 86), (52, 79), (227, 236), (83, 164), (171, 225), (162, 164), (165, 166), (126, 128), (86, 89), (168, 195), (78, 79), (200, 227), (225, 226), (81, 108), (108, 126), (164, 182), (64, 226), (205, 214), (25, 79), (81, 135), (128, 134), (81, 83), (211, 214), (205, 232), (0, 162), (5, 14), (225, 228), (5, 32), (83, 86), (43, 205), (52, 214)}
Obj: 25721

