Log for instance aco_tuning_out/inst21.txt.

Used ({'tau_0': 5.886189817315941e-06, 'xi': 0.08222368157872886, 'q0': 0.5177131034654385, 'alpha': 1.8715621976373542, 'beta': 1.496250370264296, 'rho': 0.33920762188241993, 'ants': 22}) and found best instance after 8.765625 seconds.
E1: {(4, 58), (54, 135), (11, 173), (66, 228), (31, 32), (179, 233), (11, 14), (5, 86), (152, 233), (67, 229), (223, 232), (83, 164), (4, 5), (164, 173), (58, 67), (173, 182), (173, 200), (31, 58), (63, 66), (54, 63), (4, 166), (55, 58), (27, 36), (36, 45), (177, 179), (27, 54), (64, 73), (229, 232), (55, 73), (66, 67), (83, 86), (232, 233)}
E2: {(58, 59), (54, 135), (162, 171), (118, 119), (171, 180), (69, 71), (207, 209), (199, 205), (39, 42), (40, 41), (42, 69), (171, 198), (162, 189), (180, 207), (109, 110), (198, 200), (58, 220), (117, 120), (39, 66), (64, 65), (223, 232), (83, 164), (162, 164), (18, 19), (157, 238), (0, 18), (58, 67), (36, 198), (86, 89), (39, 41), (209, 236), (40, 43), (164, 182), (36, 39), (198, 199), (18, 180), (27, 36), (110, 119), (27, 45), (117, 198), (27, 54), (91, 118), (205, 232), (32, 41), (71, 152), (69, 78), (220, 238), (211, 238), (66, 67), (65, 71), (19, 25), (118, 199), (83, 86), (189, 195)}
Obj: 32469

