Log for instance aco_tuning_out/inst06.txt.

Used ({'tau0': 3.151708497185101e-06, 'xi': 0.05632693656731169, 'q0': 0.5279577748463967, 'alpha': 0.47226881213046684, 'beta': 1.430973702133798, 'rho': 0.06294574331706608, 'ants': 24}) and found best instance after 69.640625 seconds.
E1: {(47, 175), (81, 85), (188, 190), (220, 222), (6, 134), (206, 238), (237, 253), (210, 211), (17, 21), (114, 115), (1, 3), (121, 249), (212, 220), (206, 207), (174, 175), (166, 174), (143, 175), (174, 190), (83, 115), (206, 222), (220, 221), (192, 208), (180, 188), (221, 253), (105, 121), (208, 210), (135, 143), (234, 238), (17, 81), (39, 47), (172, 174), (232, 234), (1, 17), (208, 240), (249, 253), (16, 24), (81, 83), (81, 89), (21, 23), (134, 135), (46, 174), (208, 212), (78, 206), (143, 207), (130, 134), (1, 129), (45, 47), (83, 211), (21, 53), (16, 17)}
E2: {(18, 26), (196, 197), (2, 66), (156, 188), (166, 174), (96, 97), (25, 89), (162, 170), (188, 189), (68, 196), (1, 17), (32, 96), (162, 163), (2, 34), (97, 225), (193, 225), (1, 3), (245, 247), (97, 101), (1, 5), (132, 196), (129, 193), (17, 25), (159, 191), (193, 195), (32, 34), (162, 226), (188, 190), (187, 191), (34, 162), (196, 212), (174, 175), (32, 36), (193, 197), (180, 188), (199, 231), (162, 166), (231, 247), (195, 199), (193, 201), (32, 40), (174, 190), (26, 90), (119, 247), (175, 191), (1, 129), (2, 18)}
Obj: 28481

