Log for instance aco_tuning_out/inst27.txt.

Used ({'tau0': 1.3920749967998762e-06, 'xi': 0.08397237700240848, 'q0': 0.6682959638256109, 'alpha': 1.2969464614531203, 'beta': 1.130493567371472, 'rho': 0.47674134103904503, 'ants': 21}) and found best instance after 6.84375 seconds.
E1: {(105, 107), (18, 26), (114, 118), (117, 245), (105, 109), (93, 125), (31, 95), (112, 114), (31, 159), (97, 113), (32, 96), (2, 34), (151, 159), (209, 213), (108, 109), (186, 250), (36, 52), (142, 143), (29, 31), (132, 196), (213, 215), (10, 26), (249, 253), (47, 63), (76, 108), (98, 114), (14, 142), (112, 113), (186, 190), (30, 31), (96, 98), (155, 187), (4, 6), (43, 107), (228, 244), (87, 95), (97, 105), (76, 204), (14, 46), (16, 144), (32, 36), (12, 76), (221, 253), (143, 159), (10, 14), (244, 245), (2, 10), (117, 125), (110, 238), (46, 110), (46, 174), (23, 87), (186, 187), (2, 3), (62, 63), (4, 12), (52, 116), (109, 125), (6, 14), (174, 190), (124, 125), (26, 154), (39, 47), (46, 62), (27, 155), (54, 118), (151, 215), (16, 18), (107, 111), (60, 124), (196, 204), (93, 221)}
E2: {(56, 184), (105, 107), (243, 251), (108, 109), (118, 119), (12, 13), (86, 87), (87, 95), (97, 105), (48, 112), (121, 249), (114, 118), (78, 110), (56, 58), (249, 251), (240, 242), (6, 14), (238, 254), (202, 206), (105, 109), (10, 42), (220, 221), (206, 222), (99, 227), (12, 76), (147, 151), (105, 121), (221, 253), (93, 125), (150, 214), (14, 15), (216, 220), (86, 214), (31, 95), (112, 114), (97, 101), (176, 184), (31, 159), (112, 120), (10, 14), (114, 242), (76, 78), (123, 251), (30, 31), (214, 222), (144, 176), (249, 253), (110, 238), (13, 141), (56, 57), (226, 227), (166, 182), (76, 108), (107, 111), (99, 107), (42, 58), (14, 78), (254, 255), (78, 206), (242, 250), (93, 221), (150, 182), (151, 159), (56, 120)}
Obj: 37639

