Log for instance aco_tuning_out/inst24.txt.

Used ({'tau_0': 3.0123184321619356e-06, 'xi': 0.12162366348291398, 'q0': 0.6525057095214953, 'alpha': 0.3418731697773203, 'beta': 1.7855031617760102, 'rho': 0.2482497904794193, 'ants': 32}) and found best instance after 286.53125 seconds.
E1: {(76, 92), (32, 34), (32, 40), (171, 235), (146, 154), (147, 155), (12, 13), (13, 45), (43, 171), (141, 157), (242, 243), (155, 159), (40, 56), (186, 250), (220, 252), (157, 159), (122, 250), (56, 58), (7, 71), (240, 242), (0, 32), (146, 147), (58, 122), (220, 221), (12, 76), (144, 146), (139, 171), (106, 122), (56, 57), (13, 141), (32, 160), (7, 15), (76, 108), (139, 155), (90, 122), (154, 186), (186, 190), (242, 250), (130, 146), (157, 221), (13, 15)}
E2: {(183, 191), (90, 91), (155, 187), (165, 167), (147, 155), (220, 222), (237, 253), (146, 178), (187, 191), (253, 255), (53, 181), (120, 122), (166, 230), (146, 147), (220, 221), (21, 85), (221, 253), (52, 60), (191, 255), (165, 181), (144, 146), (89, 91), (5, 21), (2, 10), (106, 122), (230, 231), (166, 167), (199, 231), (63, 191), (226, 230), (175, 191), (180, 181), (50, 114), (228, 230), (2, 34), (50, 178), (52, 53), (90, 122), (167, 183), (195, 199), (114, 122), (21, 53), (34, 50)}
Obj: 24778

