Log for instance aco_tuning_out/inst09.txt.

Used ({'tau_0': 6.895901444357542e-06, 'xi': 0.11930677293557751, 'q0': 0.7766820476791325, 'alpha': 1.762448247826621, 'beta': 0.8740652131662537, 'rho': 0.21713520092331218, 'ants': 13}) and found best instance after 8.453125 seconds.
E1: {(166, 175), (81, 82), (3, 4), (4, 58), (96, 177), (176, 185), (84, 102), (75, 78), (142, 223), (88, 142), (97, 178), (96, 97), (81, 84), (72, 75), (3, 21), (58, 76), (40, 43), (40, 49), (175, 176), (88, 89), (49, 76), (72, 74), (76, 157), (81, 135), (21, 75), (23, 185), (82, 88), (21, 23), (74, 236), (96, 123), (14, 23), (0, 3), (3, 84), (175, 178), (120, 123)}
E2: {(81, 82), (4, 58), (58, 59), (3, 4), (162, 171), (39, 201), (162, 168), (118, 119), (171, 177), (159, 160), (141, 142), (29, 32), (142, 223), (192, 193), (81, 84), (72, 75), (82, 83), (18, 19), (145, 151), (86, 89), (168, 195), (3, 21), (58, 76), (141, 159), (31, 34), (20, 101), (118, 145), (28, 29), (19, 20), (31, 58), (39, 120), (4, 166), (192, 195), (76, 157), (151, 160), (128, 134), (21, 75), (18, 21), (146, 155), (119, 128), (192, 201), (0, 162), (146, 152), (45, 72), (193, 211), (128, 155), (3, 84), (19, 25), (83, 86), (101, 128), (0, 18), (28, 34)}
Obj: 32464

