Log for instance aco_tuning_out/inst21.txt.

Used ({'tau_0': 5.420704371762057e-06, 'xi': 0.09688583805471983, 'q0': 0.31023948946680013, 'alpha': 0.7611440380801126, 'beta': 1.2418611307887504, 'rho': 0.4656758616586811, 'ants': 22}) and found best instance after 18.609375 seconds.
E1: {(166, 175), (189, 207), (226, 232), (226, 229), (151, 232), (30, 192), (175, 229), (151, 152), (223, 232), (173, 176), (173, 182), (45, 207), (64, 226), (108, 135), (173, 200), (30, 32), (175, 176), (174, 177), (14, 176), (192, 201), (174, 201), (108, 189), (174, 228), (189, 192), (174, 176)}
E2: {(37, 64), (118, 119), (87, 89), (18, 99), (101, 182), (87, 168), (151, 152), (39, 66), (157, 160), (30, 39), (223, 241), (81, 87), (79, 160), (49, 211), (81, 99), (118, 124), (168, 195), (78, 79), (66, 68), (40, 49), (39, 120), (30, 32), (109, 118), (25, 79), (81, 135), (151, 160), (119, 128), (99, 101), (91, 118), (182, 236), (59, 68), (199, 200), (37, 199), (39, 40), (18, 45), (79, 241), (124, 151), (118, 199), (101, 128), (37, 40), (0, 18), (37, 43)}
Obj: 28025

