Log for instance aco_tuning_out/inst18.txt.

Used ({'tau0': 7.405500650510694e-06, 'xi': 0.0538011928337849, 'q0': 0.7808066118135257, 'alpha': 1.9053416179409846, 'beta': 1.1675645378953803, 'rho': 0.23263286946707473, 'ants': 25}) and found best instance after 23.9375 seconds.
E1: {(55, 63), (128, 136), (136, 137), (105, 107), (26, 30), (108, 109), (5, 7), (70, 198), (228, 244), (0, 2), (28, 30), (1, 3), (148, 150), (198, 206), (158, 222), (132, 148), (85, 213), (62, 126), (215, 223), (209, 213), (88, 90), (0, 32), (105, 109), (206, 222), (26, 90), (108, 236), (142, 143), (147, 151), (88, 120), (142, 158), (69, 85), (95, 223), (143, 159), (46, 62), (80, 88), (1, 5), (244, 245), (132, 196), (28, 29), (76, 78), (213, 215), (45, 109), (6, 7), (110, 238), (56, 57), (32, 160), (137, 201), (108, 110), (76, 108), (213, 245), (107, 111), (99, 107), (46, 110), (56, 120), (228, 236), (30, 62), (5, 69), (78, 206), (69, 197), (66, 70), (26, 58), (0, 128), (9, 137), (196, 198), (2, 6), (39, 55), (62, 63), (236, 252), (151, 159), (54, 62)}
E2: {(55, 63), (168, 172), (128, 136), (136, 137), (154, 158), (32, 40), (72, 76), (108, 109), (91, 123), (168, 184), (60, 62), (86, 87), (70, 198), (228, 244), (163, 179), (5, 7), (72, 88), (210, 211), (87, 95), (101, 109), (114, 115), (28, 30), (83, 91), (252, 253), (148, 150), (172, 236), (91, 95), (198, 206), (158, 222), (54, 55), (132, 148), (224, 228), (62, 126), (6, 14), (0, 32), (83, 115), (206, 222), (142, 143), (108, 236), (221, 253), (89, 91), (31, 95), (142, 158), (31, 159), (14, 30), (143, 159), (46, 62), (179, 183), (40, 168), (244, 245), (132, 196), (80, 88), (76, 78), (6, 7), (110, 238), (24, 28), (55, 183), (240, 244), (32, 160), (76, 108), (62, 63), (51, 115), (46, 110), (228, 236), (113, 115), (78, 206), (66, 70), (0, 128), (9, 137), (196, 198), (83, 211), (30, 31), (31, 63), (236, 252), (224, 232)}
Obj: 36901

