Log for instance aco_tuning_out/inst24.txt.

Used ({'tau0': 3.023061298280671e-06, 'xi': 0.05271286661722294, 'q0': 0.5077385132207571, 'alpha': 0.4440555976676415, 'beta': 1.176945645340894, 'rho': 0.3517258170055353, 'ants': 22}) and found best instance after 51.203125 seconds.
E1: {(76, 92), (41, 43), (99, 103), (15, 143), (107, 235), (43, 107), (12, 13), (13, 45), (0, 2), (128, 160), (248, 250), (40, 41), (8, 12), (0, 8), (252, 253), (186, 250), (2, 130), (122, 250), (240, 248), (58, 122), (128, 144), (99, 227), (12, 76), (41, 57), (221, 253), (248, 252), (143, 159), (106, 107), (106, 122), (13, 141), (139, 143), (2, 34), (76, 108), (141, 143), (99, 107), (71, 103), (154, 186), (90, 122), (0, 128), (186, 190), (227, 243), (8, 40)}
E2: {(93, 221), (98, 226), (237, 253), (178, 179), (187, 191), (147, 179), (179, 187), (5, 37), (253, 255), (53, 181), (120, 122), (181, 183), (221, 253), (176, 178), (191, 255), (165, 181), (179, 183), (2, 10), (106, 122), (222, 254), (230, 231), (144, 176), (120, 124), (63, 191), (199, 231), (85, 93), (37, 53), (226, 230), (175, 191), (180, 181), (2, 34), (50, 114), (228, 230), (60, 124), (50, 178), (254, 255), (98, 114), (90, 122), (89, 93), (195, 199), (114, 122), (166, 230), (34, 50)}
Obj: 25584

