Log for instance aco_tuning_out/inst12.txt.

Used ({'tau0': 4.060261844275314e-06, 'xi': 0.08488866370438058, 'q0': 0.7517708033130077, 'alpha': 0.7568921075953849, 'beta': 1.442677676309637, 'rho': 0.31238065733584786, 'ants': 26}) and found best instance after 36.65625 seconds.
E1: {(166, 175), (83, 110), (81, 82), (43, 205), (175, 202), (118, 119), (32, 113), (199, 202), (176, 185), (0, 81), (117, 123), (102, 104), (82, 83), (189, 195), (182, 185), (36, 198), (134, 215), (198, 199), (205, 214), (175, 176), (109, 118), (36, 45), (110, 113), (110, 119), (91, 118), (211, 214), (202, 205), (83, 89), (118, 199), (214, 215), (117, 118), (104, 185), (189, 198), (120, 123)}
E2: {(166, 175), (175, 202), (171, 177), (43, 52), (199, 202), (29, 32), (29, 38), (208, 214), (217, 223), (171, 198), (199, 208), (135, 153), (38, 65), (102, 104), (218, 236), (83, 164), (171, 173), (72, 78), (133, 134), (164, 173), (58, 67), (36, 198), (25, 52), (58, 76), (66, 68), (52, 133), (86, 104), (198, 199), (68, 71), (109, 118), (36, 45), (72, 74), (76, 157), (164, 218), (64, 67), (211, 214), (59, 68), (71, 152), (72, 153), (217, 218), (199, 200), (66, 67), (65, 71), (83, 89), (118, 199), (83, 86), (65, 74), (36, 38), (52, 214)}
Obj: 32027

