Log for instance aco_tuning_out/inst27.txt.

Used ({'tau_0': 2.2570844960363238e-06, 'xi': 0.1499824051273781, 'q0': 0.6397024715024884, 'alpha': 1.3177960201993473, 'beta': 1.7274258641979925, 'rho': 0.06839890232135862, 'ants': 10}) and found best instance after 34.421875 seconds.
E1: {(154, 158), (60, 62), (43, 171), (206, 238), (23, 31), (114, 115), (27, 31), (132, 148), (30, 158), (110, 111), (249, 251), (209, 213), (102, 110), (145, 209), (100, 116), (29, 31), (221, 253), (142, 158), (39, 47), (204, 206), (114, 242), (187, 251), (213, 215), (213, 221), (36, 100), (100, 228), (249, 253), (110, 238), (47, 63), (54, 62), (43, 47), (158, 190), (35, 43), (144, 145), (30, 62), (171, 187), (113, 115), (144, 148), (34, 35), (3, 35), (242, 250), (100, 102), (62, 63), (30, 31), (250, 251), (47, 111)}
E2: {(119, 127), (243, 251), (200, 216), (58, 62), (153, 217), (97, 105), (57, 121), (121, 249), (253, 255), (56, 58), (249, 251), (240, 242), (6, 14), (125, 127), (105, 121), (221, 253), (14, 15), (216, 217), (121, 123), (97, 101), (48, 56), (14, 30), (10, 14), (54, 182), (200, 202), (249, 253), (56, 57), (13, 141), (111, 127), (145, 153), (145, 147), (166, 182), (226, 242), (144, 145), (30, 62), (217, 221), (121, 125), (242, 250), (13, 15), (250, 251), (54, 62)}
Obj: 25486

