Log for instance aco_tuning_out/inst21.txt.

Used ({'tau0': 9.375317187382458e-06, 'xi': 0.1262899054888864, 'q0': 0.7055217120426633, 'alpha': 1.8010444237149952, 'beta': 1.3070739401200755, 'rho': 0.0819059266997208, 'ants': 15}) and found best instance after 35.59375 seconds.
E1: {(81, 82), (171, 177), (171, 198), (5, 86), (63, 64), (83, 164), (171, 173), (82, 83), (164, 173), (36, 198), (88, 169), (164, 182), (173, 200), (38, 119), (36, 45), (81, 135), (36, 63), (82, 88), (146, 152), (119, 146), (169, 223), (201, 228), (5, 14), (5, 32), (83, 86), (36, 38), (166, 169), (198, 201)}
E2: {(120, 129), (101, 155), (118, 119), (42, 51), (139, 157), (126, 129), (59, 140), (171, 198), (5, 86), (135, 153), (126, 153), (63, 64), (83, 164), (171, 173), (164, 173), (36, 198), (86, 89), (153, 155), (139, 220), (20, 101), (164, 182), (38, 119), (173, 200), (19, 20), (36, 42), (36, 45), (109, 118), (139, 140), (42, 43), (91, 118), (146, 155), (36, 63), (9, 171), (202, 211), (146, 152), (220, 223), (86, 140), (119, 146), (220, 229), (0, 9), (202, 229), (19, 25), (5, 32), (51, 78), (83, 86), (36, 38), (189, 195), (189, 198), (155, 236)}
Obj: 28440

