Log for instance aco_tuning_out/inst30.txt.

Used ({'tau0': 8.753936472387218e-06, 'xi': 0.09720016068128765, 'q0': 0.8231293796694477, 'alpha': 0.5431396504147108, 'beta': 1.6359800101718294, 'rho': 0.1536282766541045, 'ants': 15}) and found best instance after 105.203125 seconds.
E1: {(18, 72), (119, 200), (118, 119), (159, 160), (64, 145), (38, 41), (40, 41), (153, 159), (134, 161), (13, 14), (195, 213), (201, 202), (160, 161), (18, 19), (145, 151), (213, 240), (40, 202), (120, 201), (153, 155), (38, 119), (118, 145), (109, 118), (174, 177), (151, 160), (18, 21), (91, 118), (202, 211), (13, 40), (32, 41), (72, 153), (174, 201), (152, 161), (21, 102), (159, 240), (19, 25), (0, 18), (155, 236)}
E2: {(81, 82), (39, 201), (147, 149), (66, 228), (127, 128), (10, 64), (46, 127), (149, 152), (195, 204), (45, 46), (1, 82), (149, 158), (39, 66), (10, 91), (83, 164), (164, 173), (22, 25), (118, 127), (0, 1), (164, 182), (155, 158), (173, 200), (157, 158), (4, 166), (109, 118), (66, 147), (201, 204), (81, 135), (174, 177), (128, 134), (81, 83), (91, 118), (128, 155), (174, 201), (4, 22), (1, 4), (1, 10), (155, 236)}
Obj: 32287

