Log for instance aco_tuning_out/inst03.txt.

Used ({'tau0': 3.0001635742109975e-06, 'xi': 0.10185978321027386, 'q0': 0.44627514452798456, 'alpha': 0.42223734675301555, 'beta': 0.774592723916731, 'rho': 0.08073686501278173, 'ants': 8}) and found best instance after 235.3125 seconds.
E1: {(204, 220), (219, 223), (155, 187), (211, 219), (84, 212), (147, 155), (20, 84), (228, 244), (113, 117), (210, 211), (36, 37), (1, 9), (221, 223), (212, 220), (53, 117), (37, 39), (68, 84), (143, 175), (220, 221), (212, 244), (147, 151), (52, 54), (20, 28), (101, 117), (135, 143), (207, 223), (117, 119), (20, 52), (9, 25), (149, 151), (24, 25), (200, 202), (240, 244), (24, 28), (37, 53), (52, 53), (200, 232), (143, 207), (25, 57), (1, 65), (135, 151), (28, 92), (195, 211), (200, 204)}
E2: {(177, 181), (32, 34), (32, 40), (132, 164), (98, 226), (154, 158), (146, 154), (193, 201), (43, 107), (13, 45), (134, 198), (107, 235), (181, 245), (164, 180), (1, 9), (34, 98), (158, 222), (160, 164), (192, 193), (193, 197), (1, 33), (32, 36), (192, 208), (32, 48), (208, 210), (208, 216), (0, 1), (9, 13), (1, 5), (134, 166), (1, 17), (13, 15), (32, 160), (47, 63), (98, 99), (146, 210), (180, 181), (43, 47), (99, 107), (158, 159), (164, 172), (107, 123), (98, 114), (150, 158), (134, 150), (132, 134), (45, 47), (47, 111)}
Obj: 28507

