Log for instance aco_tuning_out/inst06.txt.

Used ({'tau0': 1.3763468429827451e-06, 'xi': 0.13059886401904963, 'q0': 0.7970081104032578, 'alpha': 0.9961946895439933, 'beta': 0.8455334921092874, 'rho': 0.2687684260652423, 'ants': 32}) and found best instance after 45.75 seconds.
E1: {(128, 130), (210, 242), (47, 175), (200, 201), (193, 201), (156, 158), (237, 253), (87, 95), (97, 105), (210, 214), (156, 188), (2, 130), (212, 214), (221, 223), (91, 95), (158, 222), (174, 175), (14, 46), (166, 174), (240, 242), (96, 97), (6, 14), (143, 175), (174, 190), (45, 61), (192, 193), (180, 188), (221, 253), (89, 91), (135, 143), (39, 47), (95, 223), (207, 223), (114, 242), (10, 14), (172, 174), (83, 87), (2, 10), (85, 87), (214, 222), (174, 238), (53, 61), (249, 253), (24, 28), (128, 192), (46, 174), (14, 78), (98, 114), (143, 207), (23, 87), (200, 232), (129, 193), (2, 3), (45, 47), (28, 156), (172, 188), (96, 98)}
E2: {(90, 91), (193, 195), (193, 201), (32, 34), (32, 40), (98, 226), (156, 158), (86, 87), (193, 225), (87, 95), (196, 197), (1, 3), (156, 188), (212, 214), (91, 95), (158, 222), (196, 212), (174, 175), (87, 119), (166, 174), (96, 97), (143, 175), (174, 190), (193, 197), (32, 36), (212, 244), (188, 189), (180, 188), (86, 214), (89, 91), (170, 171), (97, 101), (170, 174), (143, 159), (1, 5), (244, 245), (132, 196), (68, 196), (214, 222), (199, 231), (1, 17), (32, 96), (163, 171), (2, 34), (66, 98), (171, 187), (129, 193), (195, 199), (2, 3), (97, 225), (2, 18), (158, 159), (96, 98)}
Obj: 30258

