Log for instance aco_tuning_out/inst27.txt.

Used ({'tau0': 9.701809206152345e-06, 'xi': 0.09407325991753526, 'q0': 0.3044948820351523, 'alpha': 1.8442079342859672, 'beta': 1.893720745386587, 'rho': 0.3120024078765271, 'ants': 29}) and found best instance after 18.125 seconds.
E1: {(119, 127), (154, 158), (196, 228), (243, 251), (188, 190), (43, 107), (52, 116), (206, 238), (0, 2), (39, 103), (23, 31), (27, 31), (132, 148), (30, 158), (249, 251), (36, 52), (0, 32), (32, 36), (52, 54), (29, 31), (221, 253), (52, 60), (142, 158), (204, 206), (115, 119), (187, 251), (213, 215), (213, 221), (63, 127), (132, 196), (249, 253), (111, 127), (2, 34), (107, 111), (158, 190), (60, 188), (142, 206), (113, 115), (144, 148), (103, 119), (2, 3), (115, 243), (196, 204), (30, 31), (31, 63), (250, 251), (209, 213)}
E2: {(119, 127), (162, 226), (132, 164), (101, 103), (50, 58), (133, 141), (216, 218), (176, 240), (202, 234), (114, 115), (146, 178), (123, 127), (132, 133), (56, 58), (6, 14), (146, 147), (10, 42), (220, 221), (125, 127), (226, 234), (202, 218), (176, 178), (216, 220), (14, 15), (127, 255), (14, 30), (48, 56), (10, 14), (115, 119), (144, 176), (56, 57), (162, 166), (111, 127), (218, 250), (50, 114), (164, 166), (50, 178), (162, 178), (42, 58), (103, 119), (115, 243)}
Obj: 26347

