Log for instance aco_tuning_out/inst30.txt.

Used ({'tau0': 3.462877209278076e-06, 'xi': 0.0658154748162855, 'q0': 0.6970370798529836, 'alpha': 1.3037173239481683, 'beta': 0.3291761938293081, 'rho': 0.413035014315252, 'ants': 16}) and found best instance after 6.109375 seconds.
E1: {(145, 146), (226, 232), (39, 201), (18, 20), (20, 23), (21, 22), (64, 145), (184, 211), (144, 147), (102, 156), (74, 155), (39, 66), (72, 75), (136, 145), (30, 39), (22, 184), (120, 201), (144, 146), (3, 30), (134, 215), (118, 145), (19, 20), (205, 214), (196, 205), (30, 32), (66, 147), (72, 74), (75, 156), (174, 177), (21, 75), (18, 21), (146, 155), (109, 136), (91, 118), (205, 232), (146, 152), (74, 236), (145, 226), (174, 201), (199, 200), (14, 23), (0, 3), (19, 25), (195, 196), (118, 199), (214, 215)}
E2: {(38, 200), (101, 155), (3, 4), (36, 117), (162, 171), (128, 209), (171, 177), (162, 168), (84, 87), (66, 228), (139, 157), (135, 138), (207, 209), (144, 147), (171, 198), (217, 226), (217, 220), (100, 101), (87, 168), (149, 152), (19, 100), (136, 145), (84, 138), (117, 144), (36, 198), (168, 195), (209, 236), (139, 220), (45, 207), (64, 226), (118, 145), (198, 199), (182, 209), (4, 166), (66, 147), (128, 134), (146, 149), (109, 136), (146, 155), (0, 162), (145, 226), (128, 155), (3, 84), (91, 145), (19, 25), (118, 199), (36, 38), (198, 207)}
Obj: 37599

