Log for instance aco_tuning_out/inst03.txt.

Used ({'tau0': 7.151935564269642e-06, 'xi': 0.10184361707760894, 'q0': 0.5077701235510973, 'alpha': 0.5847895154504361, 'beta': 0.6413829753178264, 'rho': 0.2990121644546394, 'ants': 8}) and found best instance after 97.125 seconds.
E1: {(76, 92), (128, 136), (136, 137), (193, 195), (132, 164), (155, 187), (220, 222), (211, 219), (147, 155), (118, 119), (228, 244), (210, 211), (210, 214), (49, 53), (244, 246), (36, 37), (206, 207), (37, 39), (207, 239), (76, 204), (136, 200), (128, 132), (202, 206), (206, 222), (220, 221), (20, 28), (21, 149), (118, 246), (49, 113), (54, 118), (214, 222), (36, 164), (200, 202), (240, 244), (24, 28), (37, 53), (147, 211), (214, 246), (134, 135), (200, 232), (9, 137), (65, 193), (49, 57), (132, 134), (28, 92), (37, 101), (92, 220), (21, 53), (195, 211), (68, 76), (175, 239)}
E2: {(111, 239), (136, 137), (128, 136), (41, 43), (200, 201), (132, 164), (193, 201), (146, 154), (200, 216), (162, 226), (43, 107), (181, 245), (164, 180), (40, 41), (210, 214), (123, 127), (34, 162), (198, 206), (206, 207), (207, 239), (160, 164), (128, 132), (9, 41), (136, 200), (193, 197), (1, 33), (206, 222), (150, 214), (15, 47), (0, 1), (48, 50), (235, 239), (1, 5), (177, 181), (214, 222), (63, 191), (36, 164), (1, 17), (146, 210), (128, 192), (47, 63), (111, 127), (180, 181), (162, 166), (50, 114), (107, 111), (99, 107), (164, 172), (9, 137), (0, 128), (45, 47), (34, 50), (159, 191), (160, 162), (47, 111)}
Obj: 30504

