Log for instance aco_tuning_out/inst27.txt.

Used ({'tau0': 8.524438848395618e-06, 'xi': 0.08260719400248602, 'q0': 0.6770641636613806, 'alpha': 0.6089210219484695, 'beta': 0.5746980829231113, 'rho': 0.06462761009956378, 'ants': 17}) and found best instance after 127.6875 seconds.
E1: {(154, 155), (196, 228), (155, 187), (20, 148), (52, 116), (3, 19), (17, 21), (142, 174), (19, 27), (132, 148), (249, 251), (209, 213), (36, 52), (62, 190), (174, 190), (81, 209), (52, 54), (221, 253), (52, 60), (39, 47), (17, 81), (19, 23), (132, 196), (20, 52), (213, 215), (27, 155), (187, 251), (174, 238), (249, 253), (47, 63), (2, 34), (54, 62), (20, 21), (43, 47), (30, 62), (21, 29), (144, 148), (17, 19), (81, 113), (2, 3), (196, 204), (62, 63), (250, 251), (47, 111)}
E2: {(119, 127), (58, 59), (243, 251), (101, 103), (74, 202), (176, 240), (141, 157), (123, 127), (48, 176), (253, 255), (249, 251), (240, 242), (6, 14), (10, 42), (220, 221), (125, 127), (221, 253), (216, 220), (14, 15), (127, 255), (57, 59), (14, 30), (10, 14), (134, 166), (144, 176), (249, 253), (111, 127), (145, 147), (59, 123), (226, 242), (42, 58), (144, 145), (103, 119), (242, 250), (10, 74), (157, 221), (250, 251), (6, 134)}
Obj: 24710

