Log for instance aco_tuning_out/inst21.txt.

Used ({'tau0': 9.926534885232458e-06, 'xi': 0.06692036828162971, 'q0': 0.3019379808030227, 'alpha': 1.9521308295520166, 'beta': 1.4674217120935573, 'rho': 0.15756254670228562, 'ants': 22}) and found best instance after 30.984375 seconds.
E1: {(166, 175), (37, 64), (171, 177), (66, 228), (135, 138), (152, 233), (39, 66), (30, 39), (171, 173), (30, 48), (176, 230), (173, 176), (173, 182), (173, 200), (30, 32), (175, 176), (45, 48), (66, 147), (224, 233), (14, 176), (228, 230), (39, 40), (37, 40), (138, 147), (230, 233), (223, 224)}
E2: {(189, 207), (189, 216), (5, 59), (87, 141), (88, 106), (118, 119), (119, 200), (2, 164), (87, 89), (64, 145), (210, 211), (222, 240), (123, 124), (2, 5), (162, 216), (218, 236), (145, 148), (162, 164), (118, 124), (141, 150), (87, 88), (43, 124), (45, 207), (164, 182), (135, 216), (118, 145), (109, 118), (123, 150), (164, 218), (78, 240), (91, 118), (0, 162), (25, 106), (222, 223), (150, 152), (207, 210), (216, 222), (141, 222), (5, 32), (189, 195), (148, 157), (120, 123)}
Obj: 28966

