Log for instance aco_tuning_out/inst06.txt.

Used ({'tau0': 5.984400518709856e-06, 'xi': 0.13241385165248287, 'q0': 0.4542903648549634, 'alpha': 0.4898957854025313, 'beta': 0.29966337375676566, 'rho': 0.06680927871977722, 'ants': 9}) and found best instance after 264.421875 seconds.
E1: {(24, 88), (81, 85), (233, 237), (210, 214), (192, 193), (105, 109), (212, 244), (217, 249), (240, 244), (81, 89), (134, 135), (180, 244), (114, 115), (212, 214), (180, 182), (46, 47), (3, 131), (214, 222), (182, 190), (217, 221), (129, 193), (2, 6), (47, 175), (192, 224), (129, 131), (174, 175), (212, 213), (172, 174), (213, 221), (45, 109), (88, 89), (105, 233), (166, 182), (180, 181), (23, 87), (78, 206), (143, 207), (130, 134), (2, 3), (131, 135), (224, 232), (193, 201), (206, 238), (201, 233), (89, 217), (53, 181), (143, 175), (174, 190), (83, 115), (206, 222), (201, 217), (39, 47), (85, 87), (81, 83)}
E2: {(18, 26), (156, 188), (212, 244), (1, 17), (2, 34), (98, 226), (101, 103), (180, 244), (0, 2), (193, 225), (1, 3), (131, 195), (4, 36), (157, 159), (10, 42), (180, 182), (3, 131), (157, 189), (1, 5), (230, 231), (66, 98), (131, 163), (4, 68), (182, 190), (4, 132), (40, 42), (129, 193), (103, 119), (166, 230), (96, 98), (99, 103), (188, 190), (129, 131), (187, 191), (34, 98), (174, 175), (193, 197), (156, 157), (0, 4), (244, 245), (2, 10), (166, 182), (2, 3), (193, 201), (89, 217), (174, 190), (26, 90), (201, 217), (170, 174), (226, 230), (98, 99), (190, 191), (2, 18)}
Obj: 30397

