Log for instance aco_tuning_out/inst30.txt.

Used ({'tau_0': 1.6439317200303233e-06, 'xi': 0.07746694961935612, 'q0': 0.6106338054732293, 'alpha': 1.8489351800014946, 'beta': 0.9702307798494468, 'rho': 0.2665529796010956, 'ants': 30}) and found best instance after 14.125 seconds.
E1: {(226, 229), (162, 165), (162, 171), (171, 177), (118, 119), (165, 167), (175, 202), (167, 176), (171, 198), (198, 200), (117, 123), (200, 206), (102, 183), (20, 74), (20, 101), (64, 226), (195, 197), (19, 20), (175, 176), (197, 206), (109, 118), (5, 167), (123, 150), (128, 134), (117, 198), (119, 128), (91, 118), (14, 176), (0, 162), (202, 211), (74, 236), (150, 152), (165, 183), (202, 229), (5, 32), (19, 25), (101, 128), (117, 118), (120, 123)}
E2: {(39, 201), (162, 171), (99, 100), (128, 209), (20, 23), (162, 168), (66, 228), (171, 180), (23, 77), (127, 128), (171, 198), (46, 127), (100, 101), (198, 200), (45, 46), (39, 66), (64, 65), (71, 80), (81, 99), (77, 80), (168, 195), (209, 236), (20, 101), (182, 209), (19, 20), (91, 100), (174, 177), (81, 135), (109, 127), (128, 134), (76, 157), (0, 162), (71, 152), (174, 201), (99, 180), (65, 71), (76, 77), (19, 25), (101, 128), (166, 169), (198, 201), (168, 169)}
Obj: 33609

