Log for instance aco_tuning_out/inst03.txt.

Used ({'tau_0': 1.944733890460195e-06, 'xi': 0.10406489729971813, 'q0': 0.5015133780289627, 'alpha': 0.48372224880231074, 'beta': 1.7691019222478264, 'rho': 0.4010581607160818, 'ants': 21}) and found best instance after 223.4375 seconds.
E1: {(76, 92), (219, 223), (155, 187), (147, 155), (211, 219), (210, 211), (39, 167), (65, 67), (100, 101), (221, 223), (76, 204), (224, 228), (36, 52), (224, 240), (202, 203), (52, 54), (147, 151), (20, 28), (67, 195), (167, 175), (115, 119), (20, 52), (149, 151), (9, 25), (36, 100), (53, 55), (24, 25), (135, 167), (100, 228), (24, 28), (55, 119), (147, 211), (203, 207), (52, 53), (203, 219), (113, 115), (25, 57), (135, 151), (28, 92), (39, 55), (195, 211), (68, 76), (224, 232)}
E2: {(192, 194), (177, 181), (200, 201), (168, 172), (32, 34), (160, 168), (193, 201), (32, 40), (107, 235), (146, 154), (200, 216), (43, 107), (181, 245), (150, 151), (210, 214), (114, 115), (1, 9), (115, 123), (192, 193), (33, 35), (128, 132), (0, 32), (193, 197), (1, 33), (32, 36), (32, 48), (150, 214), (15, 47), (0, 1), (49, 177), (194, 226), (1, 5), (1, 17), (214, 222), (198, 214), (128, 192), (226, 230), (180, 181), (194, 198), (32, 160), (33, 49), (107, 111), (47, 63), (146, 210), (35, 43), (99, 107), (107, 123), (0, 128), (45, 47), (166, 230), (151, 159), (47, 111)}
Obj: 29601

