Log for instance aco_tuning_out/inst24.txt.

Used ({'tau0': 3.151708497185101e-06, 'xi': 0.05632693656731169, 'q0': 0.5279577748463967, 'alpha': 0.47226881213046684, 'beta': 1.430973702133798, 'rho': 0.06294574331706608, 'ants': 24}) and found best instance after 92.40625 seconds.
E1: {(42, 106), (76, 92), (171, 235), (15, 143), (243, 251), (146, 154), (44, 45), (43, 171), (0, 2), (40, 44), (176, 240), (40, 41), (252, 253), (2, 130), (253, 255), (7, 71), (143, 175), (160, 176), (154, 218), (44, 108), (90, 218), (12, 76), (41, 57), (221, 253), (191, 255), (144, 146), (143, 159), (34, 42), (235, 251), (144, 176), (7, 15), (175, 191), (218, 250), (2, 34), (139, 143), (171, 175), (76, 108), (141, 143), (190, 191), (42, 58), (40, 42), (130, 146), (250, 251)}
E2: {(90, 91), (183, 191), (42, 106), (146, 154), (98, 226), (237, 253), (146, 178), (147, 179), (187, 191), (53, 117), (133, 165), (253, 255), (53, 181), (120, 122), (146, 147), (10, 42), (154, 218), (90, 218), (181, 183), (221, 253), (191, 255), (144, 146), (89, 91), (165, 181), (179, 183), (34, 42), (106, 122), (230, 231), (199, 231), (63, 191), (56, 60), (175, 191), (180, 181), (226, 230), (228, 230), (85, 117), (98, 114), (5, 133), (218, 222), (90, 122), (195, 199), (114, 122), (166, 230), (56, 120)}
Obj: 24833

