Log for instance aco_tuning_out/inst30.txt.

Used ({'tau0': 5.072339472437726e-06, 'xi': 0.06750660483788565, 'q0': 0.39673942663117334, 'alpha': 1.3764884196051321, 'beta': 0.7955077619397278, 'rho': 0.4521931615046479, 'ants': 17}) and found best instance after 6.671875 seconds.
E1: {(109, 190), (11, 173), (125, 134), (38, 41), (208, 214), (10, 64), (133, 214), (123, 124), (9, 11), (11, 14), (190, 208), (195, 204), (227, 236), (38, 65), (151, 152), (18, 19), (15, 96), (124, 125), (118, 124), (177, 204), (10, 11), (11, 65), (173, 200), (18, 21), (91, 118), (211, 214), (32, 41), (65, 227), (124, 133), (96, 123), (0, 9), (21, 102), (9, 15), (15, 177), (124, 151), (9, 18), (19, 25), (120, 123)}
E2: {(189, 207), (28, 46), (3, 4), (4, 58), (162, 171), (162, 180), (10, 64), (171, 198), (9, 11), (46, 127), (130, 133), (236, 242), (195, 204), (152, 233), (198, 200), (45, 46), (231, 233), (28, 109), (10, 91), (204, 231), (180, 182), (133, 134), (228, 231), (177, 204), (25, 52), (127, 130), (108, 126), (10, 11), (108, 135), (126, 207), (31, 58), (4, 166), (76, 157), (224, 233), (73, 76), (224, 242), (9, 171), (126, 127), (46, 52), (0, 3), (28, 31), (46, 73), (198, 204), (189, 198)}
Obj: 34460

