Log for instance aco_tuning_out/inst27.txt.

Used ({'tau_0': 5.432541354150304e-06, 'xi': 0.1098768506848867, 'q0': 0.588663995987506, 'alpha': 1.0903417143977059, 'beta': 1.0292353817624138, 'rho': 0.37868431591672963, 'ants': 31}) and found best instance after 37.515625 seconds.
E1: {(32, 34), (0, 2), (23, 31), (186, 250), (121, 249), (142, 174), (27, 31), (83, 211), (205, 221), (110, 111), (230, 238), (249, 251), (128, 132), (62, 190), (174, 190), (10, 42), (32, 36), (83, 115), (128, 144), (61, 63), (60, 61), (116, 124), (211, 215), (221, 253), (39, 47), (2, 10), (29, 61), (187, 251), (209, 211), (110, 238), (249, 253), (42, 43), (47, 63), (2, 34), (228, 230), (54, 62), (43, 47), (60, 124), (113, 115), (0, 128), (154, 186), (2, 3), (186, 190), (113, 121), (204, 205), (62, 63), (30, 31), (31, 63), (250, 251), (47, 111)}
E2: {(119, 127), (192, 200), (105, 107), (243, 251), (200, 216), (150, 151), (0, 2), (192, 224), (97, 105), (251, 255), (123, 127), (221, 223), (56, 58), (6, 14), (10, 42), (224, 240), (125, 127), (151, 159), (147, 151), (128, 144), (159, 223), (14, 15), (127, 255), (14, 30), (97, 101), (31, 159), (48, 56), (10, 14), (2, 10), (13, 15), (200, 202), (56, 57), (13, 141), (128, 192), (111, 127), (166, 182), (107, 111), (42, 58), (223, 255), (0, 128), (30, 31), (150, 182), (224, 226), (250, 251)}
Obj: 27718

