Log for instance aco_tuning_out/inst21.txt.

Used ({'tau_0': 8.613914963906393e-06, 'xi': 0.14574697859969848, 'q0': 0.4568549694035073, 'alpha': 1.0997466880204505, 'beta': 1.26467494952901, 'rho': 0.20648622793681415, 'ants': 10}) and found best instance after 10.4375 seconds.
E1: {(68, 149), (38, 200), (14, 68), (147, 149), (38, 41), (38, 47), (147, 228), (217, 223), (20, 47), (149, 152), (163, 166), (228, 231), (216, 217), (55, 217), (135, 216), (177, 231), (163, 217), (55, 64), (32, 41), (41, 68), (216, 225), (225, 231), (45, 47), (20, 182)}
E2: {(10, 37), (87, 114), (38, 200), (69, 71), (87, 89), (217, 223), (10, 64), (71, 233), (66, 69), (27, 28), (218, 224), (152, 233), (39, 66), (218, 236), (10, 91), (30, 39), (180, 234), (28, 109), (49, 211), (180, 182), (33, 114), (22, 25), (216, 217), (66, 68), (40, 49), (135, 216), (27, 30), (37, 38), (39, 120), (30, 32), (27, 33), (49, 76), (76, 157), (224, 233), (27, 45), (59, 68), (22, 76), (217, 218), (69, 78), (37, 40), (28, 37), (216, 234), (33, 195), (37, 43), (0, 27)}
Obj: 28152

