Log for instance aco_tuning_out/inst06.txt.

Used ({'tau0': 9.24915798617957e-06, 'xi': 0.05399113180694906, 'q0': 0.5348646852525689, 'alpha': 0.8177192610685395, 'beta': 1.9504865720120417, 'rho': 0.35361961105123524, 'ants': 16}) and found best instance after 17.84375 seconds.
E1: {(47, 175), (232, 236), (105, 107), (243, 251), (220, 222), (206, 238), (0, 2), (176, 240), (210, 211), (87, 95), (114, 115), (2, 130), (211, 243), (172, 236), (91, 95), (212, 220), (174, 175), (14, 46), (128, 129), (45, 61), (143, 175), (6, 14), (174, 190), (24, 26), (83, 115), (206, 222), (220, 221), (249, 251), (61, 63), (180, 182), (46, 47), (89, 91), (135, 143), (31, 95), (39, 47), (10, 14), (172, 174), (83, 87), (2, 10), (236, 238), (85, 87), (10, 26), (53, 61), (128, 192), (47, 63), (166, 182), (107, 111), (182, 190), (23, 87), (78, 206), (143, 207), (176, 180), (0, 128), (236, 237), (2, 3), (83, 211), (31, 63), (47, 111)}
E2: {(90, 91), (193, 195), (193, 201), (162, 226), (84, 212), (86, 87), (181, 245), (0, 2), (87, 95), (193, 225), (0, 8), (2, 66), (1, 3), (187, 191), (4, 36), (157, 159), (91, 95), (34, 162), (189, 191), (68, 84), (87, 119), (96, 97), (193, 197), (156, 157), (180, 182), (162, 170), (84, 86), (157, 189), (89, 91), (181, 189), (97, 101), (0, 4), (1, 5), (1, 17), (199, 231), (162, 166), (166, 182), (162, 163), (2, 34), (180, 181), (175, 191), (4, 68), (182, 190), (4, 132), (129, 193), (2, 3), (1, 129), (195, 199), (97, 225), (2, 18), (8, 40)}
Obj: 32139

