Log for instance aco_tuning_out/inst06.txt.

Used ({'tau0': 7.0057149642065636e-06, 'xi': 0.149252803480768, 'q0': 0.4567360890655719, 'alpha': 0.7950975145067807, 'beta': 0.7667552217352966, 'rho': 0.11974195928540937, 'ants': 28}) and found best instance after 103.6875 seconds.
E1: {(7, 23), (3, 7), (232, 248), (0, 2), (233, 237), (82, 114), (83, 91), (233, 249), (212, 220), (206, 207), (207, 239), (174, 175), (23, 55), (240, 248), (7, 135), (128, 129), (174, 190), (82, 83), (206, 222), (220, 221), (180, 182), (46, 47), (221, 253), (248, 249), (89, 91), (39, 47), (0, 16), (83, 87), (172, 174), (85, 87), (134, 166), (53, 55), (174, 238), (6, 7), (249, 253), (105, 233), (128, 192), (166, 182), (82, 210), (16, 24), (237, 239), (134, 135), (182, 190), (46, 174), (23, 87), (78, 206), (130, 134), (0, 128), (2, 3), (45, 47), (175, 239)}
E2: {(90, 91), (193, 195), (193, 201), (32, 34), (32, 40), (82, 90), (180, 244), (0, 2), (64, 96), (193, 225), (225, 227), (156, 188), (187, 191), (189, 191), (128, 129), (174, 175), (96, 97), (64, 68), (128, 132), (193, 197), (32, 36), (174, 190), (163, 227), (212, 244), (180, 182), (180, 188), (245, 247), (89, 91), (170, 171), (97, 101), (1, 5), (244, 245), (1, 17), (226, 227), (32, 96), (119, 247), (18, 82), (166, 182), (2, 34), (231, 247), (171, 175), (182, 190), (171, 187), (0, 128), (2, 3), (1, 129), (97, 225), (227, 231), (2, 18), (66, 82), (159, 191)}
Obj: 29740

