Log for instance aco_tuning_out/inst03.txt.

Used ({'tau0': 6.7016855702575265e-06, 'xi': 0.11061032973207813, 'q0': 0.8522979141088549, 'alpha': 0.9933756089527778, 'beta': 1.0108153997499625, 'rho': 0.20257431029412304, 'ants': 17}) and found best instance after 30.296875 seconds.
E1: {(76, 92), (128, 136), (136, 137), (177, 181), (132, 164), (155, 187), (165, 167), (164, 165), (211, 219), (147, 155), (228, 244), (210, 211), (39, 167), (252, 253), (206, 207), (53, 181), (244, 252), (76, 204), (64, 65), (64, 68), (128, 132), (202, 206), (83, 115), (164, 228), (20, 22), (20, 28), (221, 253), (165, 181), (49, 113), (49, 177), (97, 101), (167, 175), (132, 196), (115, 119), (76, 78), (68, 196), (97, 113), (135, 167), (36, 164), (200, 202), (240, 244), (24, 28), (147, 211), (149, 181), (200, 232), (113, 115), (78, 206), (9, 137), (49, 57), (28, 92), (83, 211), (195, 211), (68, 76), (22, 54)}
E2: {(128, 136), (136, 137), (32, 34), (32, 40), (146, 154), (155, 187), (98, 226), (147, 155), (107, 235), (43, 107), (180, 244), (216, 218), (0, 2), (210, 211), (114, 115), (196, 197), (187, 191), (34, 98), (148, 150), (115, 123), (132, 148), (174, 175), (166, 174), (45, 61), (128, 132), (146, 147), (83, 115), (1, 33), (32, 36), (148, 180), (61, 63), (147, 151), (32, 48), (14, 15), (49, 113), (49, 177), (1, 5), (172, 174), (10, 14), (2, 10), (132, 196), (244, 245), (1, 17), (63, 191), (32, 160), (128, 192), (175, 191), (147, 211), (2, 34), (98, 99), (33, 49), (107, 111), (137, 201), (99, 107), (113, 115), (98, 114), (218, 222), (0, 128), (9, 137), (210, 218), (196, 198), (83, 211), (151, 159)}
Obj: 33244

