Log for instance aco_tuning_out/inst30.txt.

Used ({'tau0': 4.5971794894411765e-06, 'xi': 0.07935886436067696, 'q0': 0.6133148179425765, 'alpha': 0.959591163017489, 'beta': 1.7442602148622774, 'rho': 0.32248764047634604, 'ants': 29}) and found best instance after 46.203125 seconds.
E1: {(226, 235), (162, 171), (171, 177), (64, 145), (50, 131), (130, 133), (121, 130), (149, 152), (131, 134), (103, 130), (121, 148), (145, 148), (171, 173), (173, 176), (164, 173), (191, 197), (25, 52), (191, 200), (52, 133), (195, 197), (94, 148), (118, 145), (164, 191), (235, 236), (175, 176), (148, 149), (102, 103), (109, 118), (130, 211), (120, 121), (14, 176), (91, 118), (94, 175), (0, 162), (145, 226), (32, 50), (130, 131)}
E2: {(166, 175), (66, 228), (6, 33), (64, 145), (33, 51), (144, 147), (135, 144), (46, 127), (20, 47), (134, 161), (45, 46), (174, 175), (160, 161), (154, 160), (145, 154), (51, 52), (46, 47), (25, 52), (118, 127), (118, 145), (235, 236), (109, 118), (66, 147), (174, 177), (91, 118), (154, 235), (144, 145), (199, 200), (46, 52), (152, 161), (0, 6), (174, 228), (118, 199), (33, 195), (157, 160), (20, 182)}
Obj: 31720

