Log for instance aco_tuning_out/inst09.txt.

Used ({'tau0': 1.4630188820263259e-06, 'xi': 0.0776783694791692, 'q0': 0.7839075030693623, 'alpha': 0.5603503117369445, 'beta': 0.5204984007438819, 'rho': 0.4796233950660777, 'ants': 12}) and found best instance after 5.15625 seconds.
E1: {(166, 175), (226, 229), (226, 235), (39, 201), (175, 202), (84, 87), (171, 177), (11, 173), (87, 89), (171, 198), (234, 236), (11, 14), (135, 153), (0, 81), (83, 164), (171, 173), (81, 84), (148, 229), (72, 78), (40, 202), (99, 102), (120, 201), (164, 173), (81, 99), (234, 235), (40, 43), (153, 234), (81, 83), (220, 223), (72, 153), (220, 229), (39, 40), (202, 229), (148, 157), (198, 201)}
E2: {(166, 175), (154, 155), (39, 201), (5, 59), (171, 177), (84, 87), (175, 202), (160, 241), (38, 47), (171, 198), (20, 47), (5, 86), (134, 161), (45, 46), (201, 202), (160, 161), (83, 164), (171, 173), (30, 39), (223, 241), (154, 160), (6, 87), (120, 201), (164, 173), (84, 86), (46, 47), (36, 198), (86, 89), (168, 195), (38, 119), (19, 20), (30, 32), (146, 155), (202, 211), (146, 152), (119, 146), (6, 168), (0, 6), (19, 25), (83, 86), (36, 38), (157, 160), (198, 201)}
Obj: 30146

