Log for instance aco_tuning_out/inst06.txt.

Used ({'tau_0': 9.546586330686151e-06, 'xi': 0.07432857356120594, 'q0': 0.39855006298732903, 'alpha': 1.1362553523500754, 'beta': 1.13375631131127, 'rho': 0.39805176799684205, 'ants': 18}) and found best instance after 16.546875 seconds.
E1: {(232, 236), (188, 190), (219, 223), (220, 222), (211, 219), (84, 212), (206, 238), (237, 253), (0, 2), (39, 167), (82, 114), (0, 8), (252, 253), (220, 252), (1, 3), (221, 223), (172, 236), (212, 220), (2, 130), (206, 207), (8, 24), (68, 84), (174, 175), (14, 46), (240, 248), (6, 14), (64, 68), (174, 190), (82, 83), (45, 61), (206, 222), (220, 221), (105, 109), (180, 188), (21, 85), (89, 91), (248, 252), (167, 175), (172, 174), (91, 219), (166, 167), (45, 109), (135, 167), (53, 61), (249, 253), (82, 210), (64, 192), (21, 23), (188, 252), (84, 85), (46, 174), (78, 206), (0, 64), (2, 3), (1, 129), (83, 211), (21, 53)}
E2: {(193, 195), (105, 107), (193, 201), (162, 226), (44, 45), (98, 226), (99, 115), (181, 245), (40, 44), (64, 96), (157, 221), (97, 105), (73, 105), (2, 66), (1, 3), (156, 188), (187, 191), (157, 159), (212, 220), (189, 191), (53, 181), (45, 61), (64, 68), (193, 197), (105, 109), (220, 221), (73, 89), (99, 227), (180, 182), (162, 170), (180, 188), (188, 189), (157, 189), (97, 101), (1, 5), (115, 119), (45, 109), (134, 166), (1, 17), (53, 61), (226, 227), (166, 182), (180, 181), (162, 163), (66, 98), (175, 191), (195, 227), (2, 34), (99, 107), (190, 191), (107, 123), (129, 193), (90, 122), (2, 3), (132, 134), (97, 225), (227, 231), (122, 123), (2, 18), (36, 44), (96, 98)}
Obj: 34574

