Log for instance aco_tuning_out/inst09.txt.

Used ({'tau0': 6.916816029978271e-06, 'xi': 0.13109583259981678, 'q0': 0.7096508529113955, 'alpha': 0.8294099029859726, 'beta': 1.23731470593669, 'rho': 0.12314043168046776, 'ants': 23}) and found best instance after 122.265625 seconds.
E1: {(166, 175), (175, 202), (87, 89), (234, 236), (135, 153), (0, 81), (201, 202), (223, 241), (157, 238), (81, 87), (99, 102), (40, 202), (120, 201), (81, 99), (40, 43), (238, 241), (175, 176), (153, 234), (240, 241), (174, 177), (99, 153), (78, 240), (14, 176), (229, 238), (174, 201), (234, 240), (202, 229)}
E2: {(166, 175), (58, 59), (175, 202), (0, 54), (125, 134), (97, 151), (98, 125), (89, 98), (61, 79), (195, 204), (54, 55), (201, 202), (97, 178), (157, 160), (98, 152), (79, 160), (120, 201), (97, 98), (25, 79), (201, 204), (55, 58), (174, 177), (151, 160), (55, 61), (54, 72), (202, 211), (45, 72), (174, 201), (32, 59), (175, 178), (61, 223)}
Obj: 25118

