Log for instance aco_tuning_out/inst15.txt.

Used ({'tau0': 9.926534885232458e-06, 'xi': 0.06692036828162971, 'q0': 0.3019379808030227, 'alpha': 1.9521308295520166, 'beta': 1.4674217120935573, 'rho': 0.15756254670228562, 'ants': 22}) and found best instance after 27.6875 seconds.
E1: {(39, 201), (119, 200), (171, 177), (64, 145), (48, 51), (171, 198), (39, 48), (109, 110), (198, 200), (121, 148), (145, 148), (171, 173), (189, 195), (173, 182), (40, 43), (110, 119), (201, 228), (39, 40), (91, 145), (51, 78), (40, 121), (148, 157), (198, 201), (189, 198)}
E2: {(81, 82), (4, 58), (198, 225), (37, 64), (58, 59), (11, 173), (53, 215), (38, 44), (49, 50), (225, 227), (11, 14), (36, 37), (0, 81), (198, 200), (227, 236), (195, 213), (186, 213), (83, 164), (11, 38), (82, 83), (213, 240), (177, 186), (49, 211), (164, 173), (36, 198), (44, 53), (58, 76), (173, 182), (134, 215), (26, 53), (213, 215), (4, 166), (36, 45), (49, 76), (81, 135), (78, 240), (50, 53), (32, 50), (225, 228), (82, 109), (83, 89), (36, 38), (37, 43), (25, 26)}
Obj: 27828

