Log for instance aco_tuning_out/inst18.txt.

Used ({'tau0': 2.693231228771534e-06, 'xi': 0.06741045013783678, 'q0': 0.34341334065428447, 'alpha': 1.6251653731737596, 'beta': 0.8948148014172467, 'rho': 0.1267448319977672, 'ants': 32}) and found best instance after 59.796875 seconds.
E1: {(58, 59), (99, 103), (82, 90), (13, 45), (150, 151), (228, 244), (39, 103), (1, 3), (1, 9), (78, 110), (244, 252), (85, 213), (62, 126), (110, 111), (209, 213), (6, 70), (224, 228), (110, 126), (13, 29), (59, 63), (197, 213), (147, 151), (29, 31), (70, 78), (80, 82), (31, 95), (57, 59), (31, 159), (9, 13), (103, 111), (46, 62), (1, 5), (244, 245), (213, 215), (151, 215), (110, 238), (160, 224), (137, 201), (213, 245), (66, 70), (9, 137), (66, 82), (62, 63), (31, 63), (151, 159), (54, 62)}
E2: {(168, 172), (160, 168), (146, 154), (168, 184), (35, 51), (72, 88), (60, 62), (8, 9), (114, 115), (82, 114), (252, 253), (1, 9), (115, 123), (8, 24), (172, 236), (78, 110), (168, 232), (62, 126), (240, 242), (146, 150), (110, 126), (82, 86), (35, 163), (245, 253), (221, 253), (134, 142), (80, 82), (97, 101), (8, 72), (40, 168), (114, 242), (80, 88), (1, 5), (236, 238), (97, 113), (88, 89), (110, 238), (146, 210), (108, 110), (82, 210), (51, 115), (30, 62), (113, 115), (134, 150), (66, 82), (236, 252), (54, 62), (8, 40)}
Obj: 27483

