Log for instance aco_tuning_out/inst06.txt.

Used ({'tau0': 3.0001635742109975e-06, 'xi': 0.10185978321027386, 'q0': 0.44627514452798456, 'alpha': 0.42223734675301555, 'beta': 0.774592723916731, 'rho': 0.08073686501278173, 'ants': 8}) and found best instance after 267.53125 seconds.
E1: {(210, 242), (81, 85), (188, 190), (44, 45), (3, 7), (220, 222), (206, 238), (237, 253), (129, 131), (233, 237), (144, 208), (212, 220), (206, 207), (166, 174), (174, 175), (128, 129), (240, 242), (7, 135), (16, 144), (174, 190), (206, 222), (220, 221), (128, 144), (180, 188), (44, 172), (21, 85), (221, 253), (3, 131), (114, 242), (172, 174), (134, 166), (174, 238), (6, 7), (208, 240), (249, 253), (105, 233), (128, 192), (16, 24), (81, 89), (81, 83), (21, 23), (46, 174), (78, 206), (7, 39), (130, 134), (89, 93), (21, 53), (93, 221), (232, 233), (6, 134)}
E2: {(90, 91), (193, 195), (32, 34), (32, 40), (188, 190), (98, 226), (193, 201), (229, 231), (197, 229), (193, 225), (196, 197), (2, 66), (1, 3), (187, 191), (156, 188), (189, 191), (196, 212), (174, 175), (166, 174), (174, 190), (193, 197), (32, 36), (163, 227), (188, 189), (180, 188), (229, 245), (89, 91), (170, 174), (17, 81), (1, 5), (132, 196), (68, 196), (1, 17), (226, 227), (119, 247), (163, 171), (66, 98), (195, 227), (231, 247), (2, 34), (81, 89), (101, 229), (171, 187), (129, 193), (1, 129), (2, 18), (159, 191), (96, 98)}
Obj: 29395

