Log for instance aco_tuning_out/inst06.txt.

Used ({'tau_0': 3.023061298280671e-06, 'xi': 0.05271286661722294, 'q0': 0.5077385132207571, 'alpha': 0.4440555976676415, 'beta': 1.176945645340894, 'rho': 0.3517258170055353, 'ants': 22}) and found best instance after 216.625 seconds.
E1: {(128, 130), (188, 190), (220, 222), (206, 238), (237, 253), (0, 2), (210, 211), (233, 237), (39, 167), (82, 114), (156, 188), (212, 220), (206, 207), (128, 129), (206, 222), (220, 221), (192, 208), (173, 237), (21, 85), (180, 188), (221, 253), (208, 210), (167, 175), (28, 156), (166, 167), (208, 240), (45, 173), (135, 167), (249, 253), (110, 238), (85, 93), (24, 28), (128, 192), (105, 233), (82, 210), (21, 23), (156, 220), (46, 110), (173, 175), (208, 212), (78, 206), (0, 128), (89, 93), (2, 3), (2, 6), (83, 211), (21, 53), (93, 221), (172, 188), (232, 233)}
E2: {(64, 66), (90, 91), (193, 195), (32, 34), (193, 201), (32, 40), (188, 190), (163, 167), (162, 226), (197, 229), (0, 2), (167, 231), (193, 225), (1, 3), (156, 188), (187, 191), (189, 191), (132, 148), (148, 156), (128, 129), (128, 132), (64, 68), (193, 197), (32, 36), (188, 189), (180, 188), (162, 170), (229, 245), (101, 117), (89, 91), (167, 175), (1, 5), (117, 119), (66, 74), (166, 167), (74, 90), (1, 17), (32, 96), (175, 191), (162, 163), (2, 34), (101, 229), (0, 64), (0, 128), (129, 193), (2, 3), (2, 18), (148, 212), (159, 191)}
Obj: 28911

