Log for instance aco_tuning_out/inst15.txt.

Used ({'tau_0': 9.767241690470751e-06, 'xi': 0.11665997591227979, 'q0': 0.8943962543294219, 'alpha': 1.1523918797969719, 'beta': 1.0104719425759585, 'rho': 0.28187790444783706, 'ants': 10}) and found best instance after 5.046875 seconds.
E1: {(81, 82), (226, 232), (3, 4), (226, 229), (4, 58), (55, 136), (175, 202), (199, 202), (176, 185), (171, 198), (75, 78), (54, 55), (174, 175), (83, 164), (171, 173), (82, 83), (81, 84), (136, 145), (72, 75), (182, 185), (164, 173), (58, 76), (64, 226), (118, 145), (198, 199), (196, 205), (175, 176), (174, 177), (76, 157), (91, 118), (54, 72), (205, 232), (199, 200), (82, 109), (202, 229), (3, 84), (174, 228), (118, 199), (195, 196), (43, 205)}
E2: {(43, 205), (136, 137), (166, 175), (226, 232), (33, 42), (106, 133), (39, 201), (226, 229), (55, 136), (175, 202), (109, 190), (0, 54), (66, 228), (171, 180), (208, 211), (190, 199), (38, 44), (171, 198), (75, 78), (190, 208), (205, 206), (54, 55), (39, 66), (174, 175), (200, 206), (83, 164), (171, 173), (30, 39), (136, 145), (209, 215), (42, 44), (72, 75), (180, 182), (133, 134), (164, 173), (36, 198), (86, 89), (135, 137), (209, 236), (52, 133), (64, 226), (118, 145), (205, 214), (175, 176), (30, 32), (174, 177), (14, 176), (54, 72), (205, 232), (25, 106), (45, 72), (145, 226), (174, 201), (32, 59), (202, 229), (118, 199), (33, 195), (36, 38), (83, 86), (214, 215), (198, 201), (52, 214)}
Obj: 35166

