Log for instance aco_tuning_out/inst12.txt.

Used ({'tau0': 3.0123184321619356e-06, 'xi': 0.12162366348291398, 'q0': 0.6525057095214953, 'alpha': 0.3418731697773203, 'beta': 1.7855031617760102, 'rho': 0.2482497904794193, 'ants': 32}) and found best instance after 235.09375 seconds.
E1: {(87, 89), (120, 122), (81, 87), (31, 58), (195, 196), (81, 82), (118, 119), (125, 134), (0, 2), (84, 102), (46, 127), (58, 220), (45, 46), (81, 84), (82, 83), (3, 30), (4, 166), (119, 125), (91, 118), (193, 211), (193, 220), (43, 205), (34, 196), (83, 164), (164, 182), (196, 205), (2, 83), (119, 122), (3, 4), (4, 58), (118, 127), (31, 34), (30, 32), (109, 118), (82, 109), (3, 84)}
E2: {(54, 135), (37, 64), (56, 74), (87, 89), (217, 220), (190, 208), (76, 79), (218, 224), (190, 217), (44, 206), (136, 145), (133, 134), (54, 57), (177, 231), (3, 57), (136, 217), (217, 218), (143, 161), (38, 200), (4, 58), (3, 4), (58, 59), (55, 136), (84, 87), (84, 102), (46, 127), (130, 133), (143, 224), (58, 220), (223, 224), (55, 56), (231, 233), (78, 79), (58, 76), (209, 236), (127, 130), (118, 127), (3, 30), (118, 145), (37, 38), (30, 32), (4, 166), (109, 118), (25, 79), (72, 74), (76, 157), (224, 233), (43, 44), (206, 233), (45, 72), (193, 211), (208, 209), (193, 220), (152, 161), (3, 84), (37, 46)}
Obj: 34508

