Log for instance aco_tuning_out/inst12.txt.

Used ({'tau_0': 3.462877209278076e-06, 'xi': 0.0658154748162855, 'q0': 0.6970370798529836, 'alpha': 1.3037173239481683, 'beta': 0.3291761938293081, 'rho': 0.413035014315252, 'ants': 16}) and found best instance after 6.421875 seconds.
E1: {(43, 205), (81, 82), (111, 120), (3, 4), (34, 196), (118, 119), (125, 134), (29, 32), (4, 85), (84, 102), (101, 182), (27, 28), (81, 84), (136, 145), (82, 83), (28, 109), (85, 112), (86, 89), (31, 34), (118, 145), (28, 29), (205, 214), (196, 205), (111, 112), (4, 166), (27, 45), (119, 125), (91, 118), (211, 214), (0, 3), (3, 84), (85, 86), (195, 196), (31, 112), (28, 34), (82, 136), (83, 101)}
E2: {(166, 175), (43, 205), (226, 232), (58, 59), (226, 229), (118, 119), (181, 184), (184, 211), (171, 198), (75, 78), (100, 101), (172, 175), (67, 229), (172, 181), (223, 232), (83, 164), (136, 145), (18, 19), (82, 83), (171, 173), (164, 173), (58, 67), (36, 198), (86, 89), (58, 76), (20, 101), (64, 226), (100, 103), (118, 145), (19, 20), (173, 200), (175, 176), (102, 103), (27, 36), (109, 118), (174, 177), (76, 157), (128, 134), (27, 45), (21, 75), (18, 21), (146, 155), (171, 172), (205, 232), (146, 152), (119, 146), (128, 155), (82, 100), (135, 136), (32, 59), (75, 76), (19, 25), (83, 86), (174, 176), (82, 136), (155, 236)}
Obj: 35556

