Log for instance aco_tuning_out/inst27.txt.

Used ({'tau0': 8.908613414444593e-06, 'xi': 0.1316659796537964, 'q0': 0.44184378094598165, 'alpha': 1.5856828467501214, 'beta': 0.9751219636880748, 'rho': 0.2735558699054583, 'ants': 18}) and found best instance after 15.109375 seconds.
E1: {(196, 228), (4, 6), (60, 62), (116, 244), (228, 244), (3, 19), (186, 250), (4, 36), (27, 31), (19, 27), (249, 251), (209, 213), (128, 132), (6, 14), (62, 190), (19, 51), (128, 144), (29, 31), (46, 47), (49, 113), (14, 30), (39, 47), (46, 62), (19, 23), (132, 196), (187, 251), (213, 215), (213, 221), (110, 238), (2, 34), (54, 62), (43, 47), (46, 110), (4, 132), (23, 87), (14, 142), (87, 215), (154, 186), (49, 51), (186, 190), (2, 3), (196, 204), (62, 63), (30, 31), (31, 63), (250, 251), (47, 111)}
E2: {(243, 251), (216, 218), (176, 240), (57, 121), (251, 255), (147, 179), (48, 176), (56, 58), (240, 242), (6, 14), (166, 230), (220, 221), (202, 218), (14, 15), (15, 47), (216, 220), (101, 117), (14, 30), (48, 56), (121, 123), (10, 14), (117, 119), (144, 176), (117, 125), (56, 57), (13, 141), (226, 230), (218, 250), (226, 242), (138, 202), (121, 125), (179, 243), (242, 250), (10, 138), (13, 15), (250, 251), (47, 111)}
Obj: 25332

