Log for instance aco_tuning_out/inst21.txt.

Used ({'tau0': 1.7311092028219667e-06, 'xi': 0.08252852050291277, 'q0': 0.30102382451999166, 'alpha': 1.4307200972470873, 'beta': 1.366990204180299, 'rho': 0.3910589486840866, 'ants': 12}) and found best instance after 5.265625 seconds.
E1: {(166, 184), (226, 229), (45, 126), (54, 135), (175, 202), (228, 229), (171, 177), (208, 214), (176, 185), (199, 208), (171, 198), (149, 152), (199, 226), (223, 241), (148, 229), (214, 241), (182, 185), (207, 208), (36, 198), (64, 226), (126, 207), (198, 199), (175, 176), (148, 149), (27, 36), (184, 185), (23, 185), (27, 54), (32, 50), (199, 200), (14, 23), (202, 229), (23, 50)}
E2: {(38, 200), (58, 59), (162, 171), (41, 122), (64, 145), (113, 194), (38, 41), (29, 38), (29, 32), (176, 185), (171, 198), (16, 178), (39, 48), (75, 78), (149, 152), (195, 204), (121, 148), (39, 66), (193, 194), (145, 148), (72, 75), (162, 164), (83, 164), (204, 231), (16, 25), (147, 148), (122, 149), (182, 185), (58, 67), (36, 198), (58, 76), (113, 122), (169, 178), (118, 145), (21, 48), (91, 94), (95, 122), (175, 176), (36, 42), (109, 118), (66, 147), (81, 135), (76, 157), (120, 121), (21, 75), (146, 149), (146, 155), (42, 43), (147, 150), (0, 162), (45, 72), (193, 211), (81, 162), (169, 223), (67, 148), (121, 122), (95, 176), (150, 231), (83, 89), (36, 38), (175, 178), (94, 95), (155, 236)}
Obj: 35048

