Log for instance aco_tuning_out/inst24.txt.

Used ({'tau_0': 5.572049615801917e-06, 'xi': 0.06325004225542018, 'q0': 0.8461092587771804, 'alpha': 1.389681207393384, 'beta': 0.3366413033928038, 'rho': 0.4612946765120627, 'ants': 22}) and found best instance after 12.890625 seconds.
E1: {(42, 106), (105, 107), (154, 158), (99, 103), (243, 251), (146, 154), (108, 109), (156, 158), (90, 94), (12, 13), (43, 107), (171, 235), (43, 171), (0, 2), (176, 240), (40, 41), (146, 178), (252, 253), (156, 188), (92, 94), (187, 191), (158, 222), (56, 58), (174, 175), (249, 251), (240, 242), (174, 190), (105, 109), (206, 222), (10, 42), (12, 76), (221, 253), (14, 15), (31, 95), (78, 94), (31, 159), (178, 242), (143, 159), (106, 107), (10, 14), (114, 242), (2, 10), (76, 78), (45, 109), (144, 176), (249, 253), (130, 162), (13, 141), (56, 57), (32, 96), (32, 160), (175, 191), (139, 143), (2, 34), (41, 105), (76, 108), (188, 252), (162, 178), (99, 107), (71, 103), (42, 58), (171, 187), (78, 206), (98, 114), (242, 250), (94, 95), (96, 98)}
E2: {(105, 107), (146, 178), (244, 246), (156, 188), (120, 122), (105, 109), (147, 151), (176, 178), (88, 120), (31, 95), (31, 159), (120, 124), (2, 34), (151, 159), (55, 63), (243, 251), (108, 109), (156, 158), (147, 155), (5, 7), (121, 249), (158, 222), (7, 71), (249, 251), (88, 90), (62, 190), (78, 79), (165, 181), (14, 30), (95, 223), (213, 215), (230, 231), (106, 122), (249, 253), (188, 252), (76, 108), (71, 103), (166, 230), (30, 31), (215, 223), (193, 195), (99, 103), (188, 190), (155, 187), (228, 244), (187, 191), (91, 95), (253, 255), (146, 147), (180, 188), (221, 253), (114, 242), (10, 14), (2, 10), (76, 78), (199, 231), (144, 176), (120, 121), (55, 183), (105, 233), (180, 181), (78, 206), (62, 63), (193, 201), (237, 253), (201, 233), (242, 243), (252, 253), (198, 206), (53, 181), (85, 213), (206, 222), (89, 91), (198, 199), (226, 230), (230, 246), (175, 191), (79, 95), (60, 124), (99, 107)}
Obj: 38950

