Log for instance aco_tuning_out/inst30.txt.

Used ({'tau_0': 5.726334506587264e-06, 'xi': 0.09378720394945064, 'q0': 0.4650245999867171, 'alpha': 1.6109205787989367, 'beta': 0.9785683305047798, 'rho': 0.3960780669283891, 'ants': 24}) and found best instance after 10.0 seconds.
E1: {(81, 82), (145, 146), (68, 149), (14, 68), (64, 145), (29, 32), (120, 147), (162, 189), (25, 187), (131, 134), (189, 191), (149, 158), (218, 236), (145, 148), (136, 145), (148, 229), (232, 241), (147, 148), (131, 158), (99, 102), (81, 99), (191, 200), (231, 232), (177, 231), (146, 149), (109, 136), (229, 232), (0, 162), (146, 152), (81, 162), (136, 217), (217, 218), (229, 238), (82, 109), (187, 241), (211, 238), (91, 145), (189, 195), (29, 191)}
E2: {(166, 175), (18, 72), (145, 146), (110, 191), (175, 202), (118, 119), (119, 200), (179, 233), (234, 236), (71, 233), (135, 153), (131, 134), (172, 175), (189, 191), (65, 146), (201, 202), (64, 65), (19, 100), (18, 19), (136, 145), (172, 199), (189, 195), (180, 182), (103, 157), (153, 155), (100, 103), (118, 145), (18, 180), (153, 234), (91, 100), (128, 131), (110, 119), (177, 179), (146, 155), (109, 136), (146, 152), (45, 72), (72, 153), (128, 155), (201, 228), (19, 25), (65, 71), (118, 199), (0, 18)}
Obj: 34529

