Log for instance aco_tuning_out/inst06.txt.

Used ({'tau_0': 7.405500650510694e-06, 'xi': 0.0538011928337849, 'q0': 0.7808066118135257, 'alpha': 1.9053416179409846, 'beta': 1.1675645378953803, 'rho': 0.23263286946707473, 'ants': 25}) and found best instance after 16.4375 seconds.
E1: {(105, 107), (108, 109), (12, 13), (86, 87), (237, 253), (0, 2), (210, 211), (200, 204), (233, 237), (87, 95), (17, 21), (1, 3), (2, 130), (114, 118), (8, 24), (78, 110), (91, 95), (53, 181), (76, 204), (174, 175), (85, 213), (209, 213), (143, 175), (128, 132), (174, 190), (6, 14), (105, 109), (82, 83), (82, 86), (12, 76), (21, 85), (221, 253), (86, 214), (89, 91), (0, 1), (39, 47), (212, 213), (10, 14), (172, 174), (17, 145), (132, 196), (2, 10), (76, 78), (85, 87), (134, 166), (45, 109), (214, 222), (208, 240), (129, 145), (249, 253), (13, 141), (198, 214), (110, 238), (105, 233), (128, 192), (180, 181), (76, 108), (107, 111), (141, 143), (134, 135), (46, 110), (208, 209), (200, 232), (23, 87), (143, 207), (8, 10), (0, 128), (196, 198), (196, 204), (132, 134), (83, 211), (21, 53), (86, 118), (47, 111)}
E2: {(140, 156), (128, 136), (168, 172), (193, 195), (162, 226), (18, 26), (165, 167), (180, 244), (0, 2), (201, 233), (17, 21), (97, 105), (2, 66), (114, 115), (196, 197), (156, 188), (187, 191), (36, 37), (34, 162), (189, 191), (91, 95), (53, 181), (5, 37), (196, 212), (174, 175), (128, 132), (96, 97), (174, 190), (143, 175), (193, 197), (26, 90), (188, 189), (162, 170), (89, 91), (165, 181), (31, 95), (97, 101), (40, 168), (143, 159), (31, 159), (17, 145), (172, 174), (129, 145), (132, 196), (115, 119), (244, 245), (230, 231), (166, 167), (68, 196), (168, 170), (37, 53), (105, 233), (226, 230), (180, 181), (2, 34), (50, 114), (162, 163), (98, 114), (0, 128), (129, 193), (2, 3), (97, 225), (2, 18), (21, 53), (34, 50), (96, 98), (136, 140)}
Obj: 39802

