Log for instance aco_tuning_out/inst09.txt.

Used ({'tau0': 9.84719681858141e-06, 'xi': 0.07010842379960239, 'q0': 0.6134461647846249, 'alpha': 1.8618032848172066, 'beta': 0.8495777604552623, 'rho': 0.35523900559656113, 'ants': 21}) and found best instance after 7.359375 seconds.
E1: {(115, 142), (162, 171), (20, 23), (171, 177), (171, 180), (88, 115), (82, 163), (23, 77), (78, 80), (139, 157), (171, 198), (234, 236), (135, 153), (142, 223), (166, 220), (180, 234), (99, 102), (163, 172), (163, 166), (120, 201), (36, 198), (77, 80), (139, 220), (19, 20), (36, 42), (153, 234), (88, 89), (42, 43), (162, 163), (82, 88), (0, 162), (10, 172), (14, 23), (99, 180), (10, 19), (198, 201)}
E2: {(39, 201), (84, 87), (162, 168), (199, 202), (65, 146), (39, 66), (201, 202), (121, 148), (168, 177), (6, 87), (168, 186), (168, 195), (118, 121), (66, 68), (39, 120), (89, 170), (63, 66), (36, 45), (24, 25), (123, 150), (168, 170), (128, 134), (36, 63), (146, 155), (0, 162), (3, 5), (59, 68), (202, 211), (150, 152), (128, 155), (169, 223), (96, 123), (87, 96), (3, 84), (6, 168), (65, 68), (24, 186), (5, 32), (118, 199), (166, 169), (148, 157), (168, 169), (120, 123)}
Obj: 32433

