Log for instance aco_tuning_out/inst12.txt.

Used ({'tau0': 8.908613414444593e-06, 'xi': 0.1316659796537964, 'q0': 0.44184378094598165, 'alpha': 1.5856828467501214, 'beta': 0.9751219636880748, 'rho': 0.2735558699054583, 'ants': 18}) and found best instance after 14.09375 seconds.
E1: {(111, 120), (166, 184), (21, 22), (184, 211), (29, 32), (116, 134), (112, 115), (187, 188), (172, 178), (115, 196), (89, 116), (22, 184), (189, 195), (182, 188), (27, 189), (178, 187), (115, 116), (196, 205), (111, 112), (109, 112), (27, 45), (178, 205), (91, 172), (21, 102), (195, 196), (27, 29), (43, 205), (0, 27), (184, 187)}
E2: {(166, 175), (226, 235), (175, 202), (43, 52), (159, 160), (199, 202), (59, 140), (176, 185), (51, 132), (153, 159), (135, 153), (78, 159), (142, 223), (140, 143), (199, 226), (102, 104), (142, 143), (51, 52), (89, 143), (118, 124), (25, 52), (64, 226), (235, 236), (45, 51), (175, 176), (175, 178), (109, 118), (151, 160), (132, 159), (202, 211), (199, 200), (32, 59), (143, 152), (142, 160), (124, 151), (132, 134), (118, 199), (157, 160), (104, 185), (177, 178)}
Obj: 30778

