Log for instance aco_tuning_out/inst15.txt.

Used ({'tau0': 9.375317187382458e-06, 'xi': 0.1262899054888864, 'q0': 0.7055217120426633, 'alpha': 1.8010444237149952, 'beta': 1.3070739401200755, 'rho': 0.0819059266997208, 'ants': 15}) and found best instance after 260.390625 seconds.
E1: {(231, 240), (226, 232), (195, 204), (204, 231), (228, 231), (67, 76), (177, 204), (173, 182), (172, 226), (64, 226), (118, 145), (173, 200), (109, 118), (76, 157), (64, 67), (91, 118), (78, 240), (205, 232), (145, 226), (172, 173), (204, 205), (43, 205)}
E2: {(43, 205), (166, 175), (226, 232), (54, 135), (0, 54), (66, 228), (29, 32), (184, 211), (176, 185), (61, 79), (236, 242), (134, 161), (161, 242), (54, 55), (182, 185), (89, 143), (78, 79), (64, 226), (118, 145), (27, 33), (175, 176), (63, 66), (54, 63), (25, 79), (109, 118), (184, 185), (27, 45), (55, 61), (14, 176), (55, 64), (27, 54), (205, 232), (59, 62), (62, 143), (61, 62), (145, 226), (178, 232), (199, 200), (143, 161), (118, 199), (33, 195), (27, 29), (175, 178), (177, 178)}
Obj: 26426

