Log for instance aco_tuning_out/inst30.txt.

Used ({'tau_0': 2.2570844960363238e-06, 'xi': 0.1499824051273781, 'q0': 0.6397024715024884, 'alpha': 1.3177960201993473, 'beta': 1.7274258641979925, 'rho': 0.06839890232135862, 'ants': 10}) and found best instance after 83.53125 seconds.
E1: {(145, 146), (81, 82), (39, 201), (175, 202), (199, 202), (64, 145), (84, 102), (195, 204), (0, 81), (201, 202), (81, 84), (200, 209), (136, 145), (30, 39), (209, 215), (18, 19), (120, 201), (177, 204), (209, 236), (134, 215), (118, 145), (30, 32), (175, 176), (109, 118), (201, 204), (14, 176), (91, 118), (146, 152), (202, 211), (199, 200), (19, 25), (118, 199), (0, 18), (82, 136)}
E2: {(166, 175), (145, 146), (39, 201), (54, 135), (55, 136), (175, 202), (0, 54), (199, 202), (64, 145), (48, 51), (176, 185), (39, 48), (195, 204), (134, 161), (54, 55), (201, 202), (145, 148), (136, 145), (51, 52), (182, 185), (177, 204), (25, 52), (118, 145), (155, 161), (175, 176), (45, 48), (109, 118), (201, 204), (146, 155), (91, 118), (146, 152), (201, 228), (199, 200), (118, 199), (148, 157), (155, 236)}
Obj: 29818

