Log for instance aco_tuning_out/inst24.txt.

Used ({'tau0': 9.519734246967097e-06, 'xi': 0.07937813294122376, 'q0': 0.41673979688805995, 'alpha': 1.6749976300577816, 'beta': 0.7383106546614165, 'rho': 0.29031514757956295, 'ants': 27}) and found best instance after 20.71875 seconds.
E1: {(76, 92), (154, 155), (42, 106), (58, 59), (107, 235), (147, 155), (43, 107), (13, 45), (12, 13), (0, 2), (128, 160), (112, 240), (114, 115), (252, 253), (2, 130), (186, 250), (122, 250), (7, 71), (10, 42), (220, 221), (128, 144), (147, 151), (12, 76), (221, 253), (14, 15), (112, 114), (57, 59), (34, 42), (10, 14), (106, 122), (13, 141), (7, 15), (2, 34), (76, 108), (139, 155), (42, 58), (43, 59), (40, 42), (90, 122), (0, 128), (154, 186), (186, 190), (114, 122), (115, 243), (92, 220), (13, 15), (151, 159)}
E2: {(90, 91), (42, 106), (98, 226), (164, 165), (164, 180), (237, 253), (40, 44), (210, 211), (144, 208), (44, 60), (178, 179), (49, 53), (210, 214), (147, 179), (179, 187), (253, 255), (120, 122), (231, 239), (10, 42), (164, 228), (21, 85), (221, 253), (208, 210), (89, 91), (127, 255), (5, 21), (179, 183), (34, 42), (239, 255), (106, 122), (230, 231), (63, 127), (214, 222), (226, 227), (226, 230), (147, 211), (228, 230), (195, 227), (51, 179), (98, 114), (40, 42), (90, 122), (49, 51), (114, 122), (166, 230), (21, 53), (195, 211), (175, 239)}
Obj: 27882

