Log for instance aco_tuning_out/inst27.txt.

Used ({'tau0': 8.598718994035021e-06, 'xi': 0.10575785607911106, 'q0': 0.5072684688226818, 'alpha': 1.441011679191464, 'beta': 1.677952088449605, 'rho': 0.3243596155081548, 'ants': 8}) and found best instance after 4.5 seconds.
E1: {(105, 107), (154, 158), (155, 187), (156, 158), (52, 116), (43, 107), (116, 244), (206, 238), (228, 244), (0, 2), (97, 105), (155, 159), (186, 250), (158, 222), (30, 94), (132, 148), (148, 156), (76, 204), (94, 222), (36, 52), (128, 132), (206, 222), (212, 244), (52, 54), (221, 253), (52, 60), (142, 158), (28, 156), (39, 47), (212, 213), (28, 29), (213, 215), (76, 78), (213, 221), (27, 155), (97, 113), (47, 111), (249, 253), (47, 63), (2, 34), (11, 43), (158, 190), (3, 11), (107, 111), (23, 87), (87, 215), (78, 206), (144, 148), (0, 128), (154, 186), (148, 212), (158, 159), (11, 27), (209, 213)}
E2: {(90, 94), (101, 103), (147, 155), (125, 253), (216, 218), (0, 2), (38, 166), (248, 250), (242, 243), (34, 50), (155, 159), (252, 253), (123, 127), (253, 255), (30, 94), (240, 248), (6, 14), (10, 42), (128, 144), (90, 218), (29, 31), (221, 253), (14, 15), (248, 252), (31, 95), (14, 30), (48, 50), (31, 159), (103, 111), (114, 242), (10, 14), (2, 10), (29, 61), (13, 15), (13, 141), (111, 127), (50, 114), (2, 34), (226, 242), (42, 58), (0, 128), (57, 61), (103, 119), (138, 202), (34, 38), (242, 250), (10, 138), (94, 95), (95, 127)}
Obj: 30723

