Log for instance aco_tuning_out/inst18.txt.

Used ({'tau0': 9.24915798617957e-06, 'xi': 0.05399113180694906, 'q0': 0.5348646852525689, 'alpha': 0.8177192610685395, 'beta': 1.9504865720120417, 'rho': 0.35361961105123524, 'ants': 16}) and found best instance after 14.875 seconds.
E1: {(55, 63), (16, 20), (58, 62), (20, 148), (150, 151), (0, 2), (2, 66), (1, 3), (1, 9), (148, 150), (56, 58), (85, 213), (62, 126), (197, 213), (209, 213), (45, 61), (16, 80), (238, 254), (110, 111), (0, 32), (61, 63), (147, 151), (31, 95), (0, 1), (31, 159), (46, 62), (0, 16), (1, 5), (29, 61), (213, 215), (151, 215), (110, 238), (56, 57), (32, 160), (137, 201), (213, 245), (107, 111), (99, 107), (46, 110), (90, 122), (9, 137), (122, 126), (2, 6), (252, 254), (39, 55), (62, 63), (31, 63), (151, 159), (54, 62)}
E2: {(232, 236), (16, 20), (32, 40), (72, 76), (108, 109), (91, 123), (232, 248), (146, 154), (20, 148), (101, 109), (0, 2), (137, 169), (2, 66), (252, 253), (114, 118), (1, 9), (148, 150), (172, 236), (142, 174), (62, 126), (16, 80), (240, 248), (50, 51), (0, 32), (146, 150), (52, 54), (245, 253), (221, 253), (52, 60), (89, 91), (248, 252), (0, 1), (97, 101), (46, 62), (0, 16), (236, 238), (172, 174), (1, 5), (20, 52), (76, 78), (97, 113), (54, 118), (184, 248), (110, 238), (16, 24), (32, 160), (108, 110), (146, 210), (50, 114), (163, 171), (76, 108), (46, 110), (30, 62), (169, 171), (9, 137), (122, 126), (122, 123), (86, 118), (54, 62)}
Obj: 29619

