Log for instance aco_tuning_out/inst06.txt.

Used ({'tau0': 4.060261844275314e-06, 'xi': 0.08488866370438058, 'q0': 0.7517708033130077, 'alpha': 0.7568921075953849, 'beta': 1.442677676309637, 'rho': 0.31238065733584786, 'ants': 26}) and found best instance after 68.203125 seconds.
E1: {(192, 194), (177, 181), (7, 23), (44, 45), (108, 109), (3, 7), (206, 238), (237, 253), (40, 44), (129, 131), (87, 95), (210, 214), (82, 114), (130, 194), (40, 56), (212, 214), (91, 95), (206, 207), (53, 181), (174, 175), (166, 174), (174, 190), (177, 241), (105, 109), (206, 222), (82, 83), (44, 108), (221, 253), (3, 131), (24, 56), (89, 91), (234, 238), (83, 87), (172, 174), (85, 87), (232, 234), (214, 222), (109, 237), (174, 238), (240, 241), (249, 253), (6, 7), (241, 249), (180, 181), (82, 210), (44, 46), (194, 210), (46, 174), (23, 87), (78, 206), (7, 39), (131, 135)}
E2: {(90, 91), (193, 195), (193, 201), (32, 34), (32, 40), (188, 190), (108, 109), (180, 244), (3, 19), (40, 44), (101, 109), (129, 131), (193, 225), (87, 95), (196, 197), (2, 66), (1, 3), (156, 188), (187, 191), (91, 95), (196, 212), (174, 175), (166, 174), (87, 119), (174, 190), (193, 197), (18, 19), (32, 36), (212, 244), (44, 108), (180, 188), (188, 189), (3, 131), (89, 91), (31, 95), (170, 174), (31, 159), (1, 5), (244, 245), (132, 196), (68, 196), (230, 231), (32, 96), (226, 230), (175, 191), (2, 34), (131, 163), (17, 19), (129, 193), (2, 18), (166, 230), (159, 191)}
Obj: 29981

