Log for instance aco_tuning_out/inst06.txt.

Used ({'tau0': 7.905277958202082e-06, 'xi': 0.07780203477312476, 'q0': 0.5400401332579152, 'alpha': 1.238650111364569, 'beta': 1.1701509091931812, 'rho': 0.3657463607855648, 'ants': 16}) and found best instance after 13.078125 seconds.
E1: {(128, 130), (232, 236), (7, 23), (237, 253), (0, 2), (210, 211), (210, 214), (114, 118), (212, 214), (8, 24), (78, 110), (206, 207), (53, 181), (128, 129), (174, 175), (166, 174), (7, 135), (174, 190), (105, 109), (206, 222), (180, 188), (46, 47), (221, 253), (38, 46), (39, 47), (172, 174), (2, 10), (45, 109), (54, 118), (214, 222), (6, 7), (109, 237), (240, 241), (110, 238), (249, 253), (85, 93), (241, 249), (128, 192), (180, 181), (46, 110), (46, 174), (78, 206), (7, 39), (8, 10), (0, 128), (38, 54), (236, 237), (2, 3), (89, 93), (2, 6), (45, 47), (83, 211), (93, 221), (172, 188)}
E2: {(193, 195), (193, 201), (42, 170), (98, 226), (155, 187), (156, 158), (118, 119), (84, 212), (163, 179), (197, 229), (20, 84), (193, 225), (155, 159), (1, 3), (114, 118), (34, 98), (4, 36), (156, 188), (179, 187), (166, 174), (231, 239), (96, 97), (174, 190), (193, 197), (10, 42), (25, 89), (4, 5), (26, 90), (188, 189), (180, 188), (70, 78), (229, 245), (4, 20), (97, 101), (170, 174), (10, 14), (1, 5), (172, 174), (2, 10), (1, 17), (199, 231), (10, 26), (2, 34), (14, 78), (4, 132), (98, 114), (40, 42), (129, 193), (66, 70), (2, 3), (68, 70), (97, 225), (17, 25), (197, 199), (2, 18), (158, 159), (172, 188), (96, 98), (175, 239)}
Obj: 33527

