Log for instance aco_tuning_out/inst18.txt.

Used ({'tau_0': 9.493726088905091e-06, 'xi': 0.11484843759454823, 'q0': 0.6111218433796399, 'alpha': 1.5748339874818995, 'beta': 1.6004495863491173, 'rho': 0.40117280761880736, 'ants': 26}) and found best instance after 17.984375 seconds.
E1: {(55, 63), (90, 91), (32, 34), (220, 222), (150, 151), (9, 11), (220, 252), (91, 95), (54, 55), (110, 111), (85, 213), (197, 213), (45, 61), (6, 14), (110, 126), (10, 42), (206, 222), (26, 90), (61, 63), (147, 151), (29, 31), (70, 78), (89, 91), (31, 95), (31, 159), (10, 11), (80, 88), (10, 14), (2, 10), (213, 215), (88, 89), (110, 238), (151, 215), (32, 160), (137, 201), (42, 46), (2, 34), (107, 111), (3, 11), (213, 245), (99, 107), (46, 110), (133, 197), (42, 58), (14, 78), (78, 206), (5, 133), (57, 61), (26, 58), (9, 137), (66, 70), (39, 55), (31, 63), (151, 159), (209, 213)}
E2: {(136, 137), (32, 40), (24, 152), (124, 126), (146, 154), (136, 152), (220, 222), (51, 59), (150, 151), (152, 154), (176, 240), (108, 124), (252, 253), (114, 118), (1, 9), (91, 95), (96, 97), (146, 150), (110, 126), (136, 200), (72, 200), (206, 222), (220, 221), (151, 159), (245, 253), (221, 253), (89, 91), (144, 146), (31, 95), (97, 101), (31, 159), (176, 184), (1, 5), (97, 113), (76, 78), (54, 118), (144, 176), (110, 238), (32, 96), (32, 160), (146, 210), (81, 89), (66, 98), (59, 123), (60, 124), (76, 108), (140, 172), (131, 163), (142, 206), (200, 232), (98, 114), (78, 206), (130, 131), (80, 81), (81, 113), (9, 137), (122, 126), (114, 122), (122, 123), (130, 146), (30, 31), (86, 118), (96, 98), (136, 140)}
Obj: 34212

