Log for instance aco_tuning_out/inst30.txt.

Used ({'tau0': 5.432541354150304e-06, 'xi': 0.1098768506848867, 'q0': 0.588663995987506, 'alpha': 1.0903417143977059, 'beta': 1.0292353817624138, 'rho': 0.37868431591672963, 'ants': 31}) and found best instance after 20.46875 seconds.
E1: {(145, 146), (180, 183), (175, 202), (162, 168), (162, 180), (64, 145), (199, 202), (176, 185), (167, 185), (201, 202), (102, 183), (168, 177), (120, 201), (7, 25), (168, 195), (118, 145), (175, 176), (109, 118), (6, 7), (5, 167), (128, 134), (14, 176), (146, 155), (91, 118), (202, 211), (146, 152), (128, 155), (199, 200), (6, 168), (0, 6), (5, 32), (118, 199), (183, 185), (155, 236)}
E2: {(83, 110), (81, 82), (123, 204), (226, 229), (118, 119), (228, 229), (22, 23), (176, 185), (123, 124), (195, 204), (0, 81), (227, 236), (83, 164), (82, 83), (148, 229), (173, 176), (164, 173), (182, 185), (118, 124), (42, 123), (22, 25), (177, 204), (200, 227), (64, 226), (36, 42), (109, 118), (36, 45), (110, 119), (81, 135), (226, 227), (128, 134), (123, 150), (23, 185), (91, 118), (82, 85), (85, 166), (173, 227), (110, 128), (150, 152), (148, 157)}
Obj: 31587

