Log for instance aco_tuning_out/inst24.txt.

Used ({'tau_0': 9.767241690470751e-06, 'xi': 0.11665997591227979, 'q0': 0.8943962543294219, 'alpha': 1.1523918797969719, 'beta': 1.0104719425759585, 'rho': 0.28187790444783706, 'ants': 10}) and found best instance after 8.578125 seconds.
E1: {(105, 107), (171, 235), (90, 94), (243, 251), (146, 154), (155, 187), (147, 155), (108, 109), (12, 13), (99, 103), (43, 171), (0, 2), (242, 243), (252, 253), (187, 191), (121, 249), (156, 188), (40, 56), (2, 130), (244, 252), (30, 94), (56, 58), (174, 175), (249, 251), (45, 61), (174, 190), (146, 147), (10, 42), (105, 109), (128, 144), (147, 151), (12, 76), (221, 253), (14, 15), (88, 120), (32, 34), (31, 159), (106, 107), (10, 14), (2, 10), (28, 29), (29, 61), (76, 78), (56, 57), (120, 121), (249, 253), (240, 244), (42, 43), (88, 92), (175, 191), (13, 141), (2, 34), (32, 160), (188, 252), (76, 108), (99, 107), (71, 103), (139, 155), (42, 58), (14, 78), (171, 187), (0, 128), (242, 250), (28, 156), (30, 31), (151, 159), (56, 120)}
E2: {(154, 155), (193, 195), (105, 107), (90, 94), (132, 164), (99, 103), (146, 154), (155, 187), (156, 158), (147, 155), (5, 7), (237, 253), (228, 244), (87, 95), (193, 225), (97, 105), (146, 178), (155, 159), (252, 253), (156, 188), (187, 191), (34, 98), (89, 217), (244, 246), (30, 94), (158, 222), (53, 181), (148, 156), (132, 148), (7, 71), (96, 97), (71, 199), (125, 127), (142, 143), (180, 188), (181, 183), (124, 125), (221, 253), (105, 121), (191, 255), (165, 181), (31, 95), (142, 158), (31, 159), (143, 159), (106, 107), (2, 10), (106, 122), (85, 87), (230, 231), (63, 127), (199, 231), (120, 121), (226, 230), (175, 191), (180, 181), (2, 34), (164, 166), (230, 246), (188, 252), (60, 124), (124, 252), (99, 107), (71, 103), (126, 127), (98, 114), (217, 221), (144, 148), (122, 126), (97, 225), (30, 31), (96, 98)}
Obj: 38288

