Log for instance aco_tuning_out/inst03.txt.

Used ({'tau0': 9.546586330686151e-06, 'xi': 0.07432857356120594, 'q0': 0.39855006298732903, 'alpha': 1.1362553523500754, 'beta': 1.13375631131127, 'rho': 0.39805176799684205, 'ants': 18}) and found best instance after 20.671875 seconds.
E1: {(76, 92), (232, 236), (210, 242), (211, 219), (118, 119), (210, 211), (49, 53), (36, 37), (37, 39), (53, 181), (76, 204), (240, 242), (143, 175), (202, 203), (52, 54), (20, 28), (217, 219), (135, 143), (49, 113), (187, 251), (20, 52), (9, 25), (54, 118), (65, 81), (24, 25), (24, 28), (37, 53), (81, 83), (147, 211), (203, 207), (204, 236), (149, 181), (52, 53), (203, 219), (228, 236), (217, 221), (25, 57), (143, 207), (81, 113), (219, 251), (28, 92), (37, 101), (83, 211), (195, 211), (68, 76)}
E2: {(201, 203), (177, 181), (55, 63), (210, 242), (32, 34), (32, 40), (154, 158), (107, 235), (43, 107), (181, 245), (216, 218), (128, 160), (196, 197), (49, 53), (53, 181), (158, 222), (32, 33), (0, 32), (128, 132), (10, 42), (32, 36), (198, 230), (180, 188), (14, 15), (5, 21), (203, 235), (114, 242), (10, 14), (132, 196), (53, 55), (45, 173), (42, 43), (137, 201), (128, 192), (226, 230), (180, 181), (33, 49), (107, 111), (226, 242), (99, 107), (107, 123), (40, 42), (48, 49), (150, 158), (218, 222), (9, 137), (0, 128), (172, 173), (210, 218), (196, 198), (166, 230), (21, 53), (158, 159), (172, 188), (17, 49)}
Obj: 30595

