Log for instance aco_tuning_out/inst09.txt.

Used ({'tau0': 9.701809206152345e-06, 'xi': 0.09407325991753526, 'q0': 0.3044948820351523, 'alpha': 1.8442079342859672, 'beta': 1.893720745386587, 'rho': 0.3120024078765271, 'ants': 29}) and found best instance after 22.03125 seconds.
E1: {(166, 175), (43, 205), (3, 4), (99, 100), (4, 85), (144, 153), (234, 236), (135, 153), (117, 120), (89, 107), (223, 232), (85, 103), (117, 144), (103, 157), (177, 204), (106, 107), (100, 103), (100, 106), (102, 103), (153, 234), (175, 176), (99, 153), (78, 240), (14, 176), (85, 166), (205, 232), (178, 232), (0, 3), (234, 240), (204, 205), (175, 178)}
E2: {(231, 240), (5, 59), (6, 24), (24, 51), (159, 160), (3, 165), (192, 193), (240, 242), (6, 8), (204, 231), (165, 166), (120, 201), (3, 6), (177, 204), (134, 215), (45, 51), (24, 25), (201, 204), (192, 195), (192, 201), (220, 223), (3, 5), (215, 242), (150, 152), (193, 211), (193, 220), (0, 3), (159, 240), (150, 231), (5, 32), (165, 192), (8, 89), (157, 160)}
Obj: 28004

