Log for instance aco_tuning_out/inst09.txt.

Used ({'tau_0': 6.651390889237055e-06, 'xi': 0.11158156951036152, 'q0': 0.3891327832249725, 'alpha': 0.5704086329673803, 'beta': 0.45022269695520334, 'rho': 0.05657845121910911, 'ants': 23}) and found best instance after 239.4375 seconds.
E1: {(93, 120), (87, 89), (139, 157), (84, 93), (84, 102), (234, 236), (222, 240), (87, 168), (34, 43), (0, 81), (34, 61), (81, 84), (81, 87), (168, 177), (85, 139), (168, 222), (81, 135), (78, 240), (85, 166), (12, 14), (84, 85), (222, 223), (12, 93), (234, 240), (61, 223)}
E2: {(58, 59), (87, 89), (139, 157), (125, 134), (31, 32), (87, 168), (125, 152), (0, 81), (81, 84), (168, 177), (195, 222), (81, 87), (49, 211), (22, 25), (85, 139), (31, 49), (114, 123), (31, 58), (22, 49), (168, 222), (45, 48), (85, 166), (84, 85), (222, 223), (58, 139), (48, 49), (123, 125), (87, 114), (120, 123)}
Obj: 23299

