Log for instance aco_tuning_out/inst27.txt.

Used ({'tau_0': 4.5971794894411765e-06, 'xi': 0.07935886436067696, 'q0': 0.6133148179425765, 'alpha': 0.959591163017489, 'beta': 1.7442602148622774, 'rho': 0.32248764047634604, 'ants': 29}) and found best instance after 20.953125 seconds.
E1: {(55, 63), (154, 158), (132, 164), (188, 190), (108, 109), (0, 2), (186, 250), (121, 249), (27, 31), (54, 55), (30, 158), (23, 55), (76, 204), (209, 213), (128, 132), (105, 109), (128, 144), (164, 228), (29, 31), (105, 121), (221, 253), (142, 158), (39, 47), (132, 196), (213, 215), (213, 221), (36, 164), (110, 238), (249, 253), (47, 63), (108, 110), (2, 34), (76, 108), (43, 47), (158, 190), (60, 188), (112, 113), (186, 187), (154, 186), (0, 128), (112, 116), (2, 3), (113, 121), (196, 204), (109, 111), (30, 31), (31, 63), (47, 111)}
E2: {(119, 127), (128, 136), (136, 137), (162, 226), (154, 158), (243, 251), (146, 154), (216, 218), (101, 109), (176, 240), (57, 121), (251, 255), (186, 250), (123, 127), (48, 176), (253, 255), (30, 158), (137, 141), (6, 14), (146, 147), (105, 109), (58, 186), (125, 127), (128, 144), (202, 218), (105, 121), (221, 253), (14, 15), (144, 146), (127, 255), (14, 30), (10, 14), (144, 176), (130, 162), (162, 166), (111, 127), (218, 250), (121, 125), (154, 186), (130, 146), (250, 251)}
Obj: 25969

