Log for instance aco_tuning_out/inst15.txt.

Used ({'tau_0': 6.651390889237055e-06, 'xi': 0.11158156951036152, 'q0': 0.3891327832249725, 'alpha': 0.5704086329673803, 'beta': 0.45022269695520334, 'rho': 0.05657845121910911, 'ants': 23}) and found best instance after 282.1875 seconds.
E1: {(28, 55), (73, 154), (34, 43), (154, 157), (28, 109), (204, 231), (145, 154), (228, 231), (191, 197), (191, 200), (191, 209), (195, 197), (204, 206), (182, 209), (28, 29), (197, 206), (177, 231), (69, 231), (55, 64), (55, 73), (69, 78), (91, 145), (28, 34), (29, 191)}
E2: {(166, 175), (67, 68), (54, 135), (28, 55), (175, 202), (0, 54), (29, 32), (116, 134), (29, 47), (14, 41), (34, 43), (54, 55), (174, 175), (89, 116), (28, 109), (202, 203), (67, 70), (16, 25), (72, 78), (191, 197), (209, 236), (191, 200), (116, 197), (195, 197), (182, 209), (41, 203), (28, 29), (16, 70), (174, 177), (55, 64), (54, 72), (202, 211), (32, 41), (59, 68), (41, 68), (47, 209), (174, 228), (45, 47), (28, 34), (29, 191)}
Obj: 25459

