Log for instance aco_tuning_out/inst15.txt.

Used ({'tau0': 9.767241690470751e-06, 'xi': 0.11665997591227979, 'q0': 0.8943962543294219, 'alpha': 1.1523918797969719, 'beta': 1.0104719425759585, 'rho': 0.28187790444783706, 'ants': 10}) and found best instance after 7.3125 seconds.
E1: {(163, 164), (109, 190), (66, 228), (73, 154), (208, 214), (196, 197), (181, 208), (190, 208), (97, 178), (186, 213), (200, 206), (154, 160), (181, 235), (177, 186), (79, 160), (58, 67), (163, 181), (78, 79), (58, 76), (164, 182), (73, 235), (205, 214), (196, 205), (91, 97), (197, 206), (76, 157), (73, 76), (64, 73), (205, 232), (178, 232), (66, 67), (213, 214), (195, 196), (43, 205)}
E2: {(81, 82), (163, 164), (6, 15), (4, 58), (3, 4), (162, 171), (14, 68), (128, 209), (84, 87), (109, 190), (66, 228), (15, 42), (87, 89), (190, 199), (208, 214), (181, 208), (46, 127), (190, 208), (189, 191), (45, 46), (186, 213), (200, 206), (105, 106), (81, 84), (83, 164), (82, 83), (171, 173), (136, 145), (181, 235), (209, 215), (6, 87), (214, 241), (213, 240), (177, 186), (164, 173), (58, 67), (163, 181), (191, 197), (163, 166), (118, 127), (66, 68), (164, 191), (118, 145), (238, 241), (182, 209), (235, 236), (197, 206), (240, 241), (128, 134), (42, 43), (64, 67), (78, 240), (0, 162), (59, 68), (25, 106), (135, 136), (32, 59), (3, 84), (211, 238), (66, 67), (118, 199), (87, 105), (214, 215), (189, 195)}
Obj: 34064

