Log for instance aco_tuning_out/inst30.txt.

Used ({'tau_0': 8.93751488559124e-06, 'xi': 0.07498280708831719, 'q0': 0.7003533283222684, 'alpha': 1.84655149702223, 'beta': 0.36999618301213544, 'rho': 0.353807119950786, 'ants': 24}) and found best instance after 8.765625 seconds.
E1: {(39, 201), (226, 229), (212, 215), (171, 177), (20, 23), (29, 32), (92, 146), (171, 198), (100, 101), (5, 86), (27, 28), (198, 200), (201, 202), (83, 164), (171, 173), (28, 109), (164, 173), (36, 198), (20, 101), (64, 226), (20, 182), (134, 215), (100, 103), (50, 212), (19, 20), (39, 120), (28, 29), (102, 103), (27, 36), (91, 100), (146, 152), (182, 236), (202, 211), (32, 50), (14, 23), (5, 23), (202, 229), (19, 25), (83, 86), (83, 92), (189, 195), (198, 201), (189, 198), (0, 27)}
E2: {(166, 175), (3, 4), (226, 229), (39, 201), (162, 171), (54, 135), (175, 202), (118, 119), (4, 58), (66, 228), (38, 47), (171, 198), (162, 189), (198, 200), (34, 52), (39, 66), (97, 178), (81, 84), (171, 173), (28, 109), (189, 195), (133, 134), (36, 198), (25, 52), (58, 76), (173, 182), (31, 34), (64, 226), (52, 133), (118, 145), (38, 119), (91, 97), (31, 58), (27, 36), (72, 74), (76, 157), (27, 54), (54, 72), (182, 236), (71, 152), (145, 226), (81, 162), (28, 34), (0, 3), (202, 229), (3, 84), (65, 71), (36, 38), (45, 47), (175, 178), (65, 74), (198, 201), (177, 178)}
Obj: 38311

