Log for instance aco_tuning_out/inst09.txt.

Used ({'tau_0': 9.767241690470751e-06, 'xi': 0.11665997591227979, 'q0': 0.8943962543294219, 'alpha': 1.1523918797969719, 'beta': 1.0104719425759585, 'rho': 0.28187790444783706, 'ants': 10}) and found best instance after 4.5 seconds.
E1: {(166, 175), (226, 232), (101, 155), (226, 229), (162, 171), (175, 202), (20, 23), (171, 177), (78, 80), (23, 77), (176, 185), (217, 220), (171, 198), (142, 223), (185, 239), (89, 107), (102, 104), (201, 202), (77, 239), (120, 201), (77, 80), (135, 137), (104, 107), (20, 101), (55, 217), (61, 142), (157, 158), (175, 176), (55, 61), (14, 176), (146, 155), (137, 146), (158, 239), (205, 232), (0, 162), (104, 158), (220, 229), (202, 229), (43, 205), (198, 201), (155, 236)}
E2: {(166, 175), (83, 110), (81, 82), (115, 142), (226, 229), (162, 171), (39, 201), (175, 202), (118, 119), (84, 87), (18, 20), (88, 115), (6, 33), (29, 32), (210, 211), (171, 198), (66, 75), (20, 47), (142, 223), (45, 46), (39, 66), (120, 122), (83, 164), (171, 173), (82, 83), (148, 229), (81, 84), (72, 75), (6, 87), (164, 173), (46, 47), (66, 68), (94, 148), (118, 145), (29, 110), (19, 20), (95, 122), (157, 158), (88, 89), (128, 131), (110, 119), (104, 131), (72, 74), (128, 134), (21, 75), (18, 21), (119, 128), (82, 88), (0, 162), (59, 68), (71, 152), (104, 158), (145, 226), (207, 210), (202, 229), (65, 71), (19, 25), (65, 74), (33, 195), (175, 178), (94, 95), (198, 201), (198, 207), (177, 178)}
Obj: 36630

