Log for instance aco_tuning_out/inst18.txt.

Used ({'tau0': 2.924453704862743e-06, 'xi': 0.10102715591656777, 'q0': 0.8483785554218048, 'alpha': 1.0515532863745962, 'beta': 0.39867352753450425, 'rho': 0.28727195311451986, 'ants': 26}) and found best instance after 41.78125 seconds.
E1: {(128, 136), (136, 137), (90, 94), (156, 158), (206, 238), (0, 2), (128, 160), (2, 66), (1, 3), (156, 188), (148, 150), (244, 252), (158, 222), (132, 148), (94, 222), (62, 126), (215, 223), (45, 61), (6, 14), (128, 132), (209, 213), (85, 213), (10, 42), (206, 222), (197, 213), (64, 80), (147, 151), (159, 223), (39, 47), (95, 223), (46, 62), (10, 14), (1, 5), (244, 245), (2, 10), (29, 61), (213, 215), (110, 238), (137, 201), (47, 63), (98, 99), (42, 46), (66, 98), (54, 62), (188, 252), (222, 223), (46, 110), (42, 58), (0, 64), (0, 128), (9, 137), (57, 61), (2, 3), (45, 47), (62, 63), (151, 159), (47, 111)}
E2: {(168, 172), (128, 136), (136, 137), (32, 40), (154, 158), (72, 76), (168, 184), (163, 179), (0, 2), (40, 44), (210, 211), (44, 60), (2, 66), (252, 253), (114, 118), (1, 9), (115, 123), (78, 110), (244, 252), (54, 55), (30, 158), (62, 126), (168, 232), (83, 115), (51, 55), (44, 108), (44, 172), (221, 253), (24, 56), (22, 86), (142, 158), (179, 183), (97, 101), (46, 62), (1, 5), (244, 245), (76, 78), (97, 113), (54, 118), (55, 183), (110, 238), (240, 244), (56, 60), (32, 160), (81, 83), (81, 89), (66, 98), (51, 115), (76, 108), (188, 252), (60, 188), (46, 110), (113, 115), (98, 114), (22, 30), (150, 158), (80, 81), (0, 128), (9, 137), (83, 211), (22, 54), (54, 62)}
Obj: 33395

