Log for instance aco_tuning_out/inst21.txt.

Used ({'tau0': 1.944733890460195e-06, 'xi': 0.10406489729971813, 'q0': 0.5015133780289627, 'alpha': 0.48372224880231074, 'beta': 1.7691019222478264, 'rho': 0.4010581607160818, 'ants': 21}) and found best instance after 53.328125 seconds.
E1: {(162, 165), (2, 164), (207, 209), (217, 223), (2, 5), (152, 233), (162, 216), (200, 206), (162, 164), (165, 166), (191, 197), (216, 217), (45, 207), (191, 209), (164, 182), (55, 217), (135, 216), (164, 191), (197, 206), (174, 177), (55, 64), (206, 233), (165, 174), (5, 14), (5, 32), (174, 228)}
E2: {(68, 149), (162, 171), (37, 64), (217, 223), (92, 146), (171, 198), (36, 37), (52, 79), (195, 204), (162, 216), (157, 160), (92, 173), (171, 173), (82, 83), (79, 160), (120, 201), (36, 198), (78, 79), (173, 182), (216, 217), (135, 216), (173, 200), (155, 236), (205, 214), (36, 45), (25, 79), (201, 204), (146, 149), (146, 155), (82, 91), (211, 214), (0, 162), (146, 152), (59, 68), (32, 59), (82, 109), (83, 89), (204, 205), (83, 92), (43, 205), (198, 201), (52, 214)}
Obj: 28116

