Log for instance aco_tuning_out/inst15.txt.

Used ({'tau_0': 7.151935564269642e-06, 'xi': 0.10184361707760894, 'q0': 0.5077701235510973, 'alpha': 0.5847895154504361, 'beta': 0.6413829753178264, 'rho': 0.2990121644546394, 'ants': 8}) and found best instance after 6.84375 seconds.
E1: {(33, 42), (119, 200), (175, 202), (118, 119), (66, 228), (15, 42), (33, 51), (39, 42), (176, 185), (121, 148), (39, 66), (182, 185), (118, 121), (121, 202), (175, 176), (109, 118), (42, 43), (64, 67), (91, 118), (67, 148), (15, 177), (66, 67), (51, 78), (33, 195), (148, 157)}
E2: {(81, 82), (4, 58), (162, 171), (58, 59), (162, 168), (171, 177), (87, 89), (31, 32), (116, 134), (13, 14), (89, 116), (72, 75), (171, 173), (81, 87), (16, 25), (72, 78), (49, 211), (168, 195), (58, 76), (173, 182), (225, 226), (40, 43), (172, 226), (64, 226), (31, 49), (173, 200), (31, 58), (4, 166), (81, 135), (171, 172), (0, 162), (13, 40), (182, 236), (10, 172), (45, 72), (81, 162), (4, 13), (225, 228), (82, 109), (10, 13), (75, 76), (10, 16)}
Obj: 28056

