Log for instance aco_tuning_out/inst06.txt.

Used ({'tau_0': 9.519734246967097e-06, 'xi': 0.07937813294122376, 'q0': 0.41673979688805995, 'alpha': 1.6749976300577816, 'beta': 0.7383106546614165, 'rho': 0.29031514757956295, 'ants': 27}) and found best instance after 25.109375 seconds.
E1: {(140, 156), (232, 236), (47, 175), (210, 242), (81, 85), (156, 158), (237, 253), (0, 2), (17, 21), (210, 214), (73, 105), (156, 188), (2, 130), (212, 214), (172, 236), (65, 73), (83, 91), (158, 222), (128, 129), (240, 242), (6, 14), (143, 175), (142, 143), (180, 188), (221, 253), (46, 47), (89, 91), (142, 158), (39, 47), (17, 81), (114, 242), (17, 145), (236, 238), (129, 145), (134, 166), (214, 222), (65, 81), (249, 253), (24, 28), (128, 192), (81, 83), (21, 23), (158, 190), (140, 172), (134, 135), (14, 78), (14, 142), (143, 207), (0, 128), (130, 134), (236, 237), (2, 3), (2, 6), (45, 47), (28, 156), (21, 53)}
E2: {(64, 66), (193, 195), (32, 34), (32, 40), (193, 201), (90, 94), (101, 103), (156, 158), (197, 229), (64, 96), (103, 231), (66, 194), (156, 188), (212, 214), (132, 133), (34, 162), (157, 159), (91, 95), (158, 222), (174, 175), (94, 222), (96, 97), (64, 68), (174, 190), (193, 197), (32, 36), (156, 157), (162, 170), (180, 188), (157, 189), (229, 245), (89, 91), (129, 133), (97, 101), (225, 229), (194, 226), (17, 145), (129, 145), (170, 186), (214, 222), (32, 96), (162, 166), (162, 163), (2, 34), (133, 197), (158, 190), (5, 133), (186, 187), (103, 119), (2, 3), (186, 190), (97, 225), (2, 18), (94, 95)}
Obj: 31899

