Log for instance aco_tuning_out/inst03.txt.

Used ({'tau0': 2.0274933728523487e-06, 'xi': 0.13405703789383258, 'q0': 0.526091823657158, 'alpha': 1.6793374858698646, 'beta': 0.6970800710605479, 'rho': 0.13613590490376215, 'ants': 11}) and found best instance after 12.046875 seconds.
E1: {(204, 220), (177, 181), (136, 137), (211, 219), (68, 100), (210, 211), (135, 199), (147, 179), (100, 101), (140, 204), (179, 187), (136, 140), (53, 181), (207, 239), (224, 228), (83, 115), (65, 97), (202, 203), (224, 240), (220, 221), (52, 54), (92, 220), (20, 28), (199, 207), (49, 113), (97, 101), (49, 177), (115, 119), (20, 52), (97, 113), (36, 100), (53, 55), (100, 228), (24, 28), (147, 211), (203, 207), (149, 181), (52, 53), (203, 219), (113, 115), (9, 137), (195, 199), (49, 57), (28, 92), (39, 55), (83, 211), (224, 232), (175, 239)}
E2: {(177, 181), (55, 63), (128, 136), (136, 137), (132, 164), (15, 79), (193, 201), (98, 226), (107, 235), (43, 107), (181, 245), (150, 151), (216, 218), (164, 180), (128, 160), (210, 211), (34, 98), (115, 123), (198, 206), (53, 181), (192, 193), (128, 132), (193, 197), (83, 115), (206, 222), (154, 218), (4, 5), (211, 215), (78, 79), (49, 113), (49, 177), (0, 4), (34, 42), (45, 109), (53, 55), (36, 164), (151, 215), (128, 192), (98, 99), (180, 181), (164, 166), (33, 49), (107, 111), (99, 107), (164, 172), (40, 42), (98, 114), (107, 123), (113, 115), (218, 222), (78, 206), (0, 128), (210, 218), (48, 49), (9, 137), (109, 111), (83, 211), (151, 159), (17, 49)}
Obj: 31060

