Log for instance aco_tuning_out/inst06.txt.

Used ({'tau0': 5.886189817315941e-06, 'xi': 0.08222368157872886, 'q0': 0.5177131034654385, 'alpha': 1.8715621976373542, 'beta': 1.496250370264296, 'rho': 0.33920762188241993, 'ants': 22}) and found best instance after 15.25 seconds.
E1: {(192, 200), (25, 29), (32, 34), (220, 222), (210, 214), (82, 114), (57, 121), (2, 130), (121, 249), (212, 214), (238, 239), (78, 110), (37, 39), (53, 181), (37, 45), (102, 110), (166, 174), (143, 175), (174, 190), (82, 83), (220, 221), (25, 153), (192, 208), (21, 85), (105, 121), (135, 143), (172, 174), (129, 145), (85, 87), (214, 222), (174, 238), (208, 240), (24, 25), (110, 238), (32, 96), (85, 93), (37, 53), (82, 210), (2, 34), (237, 239), (180, 181), (98, 102), (145, 153), (46, 110), (200, 232), (21, 29), (98, 114), (143, 207), (208, 212), (23, 87), (25, 57), (2, 3), (89, 93), (2, 6), (21, 53), (93, 221), (96, 98), (175, 239)}
E2: {(193, 195), (32, 34), (193, 201), (188, 190), (44, 45), (101, 103), (70, 198), (40, 44), (87, 95), (161, 163), (2, 66), (66, 194), (156, 188), (212, 214), (91, 95), (142, 174), (53, 181), (37, 45), (197, 213), (185, 187), (96, 97), (24, 26), (174, 190), (193, 197), (143, 175), (25, 153), (26, 90), (180, 188), (3, 67), (142, 143), (67, 195), (134, 142), (89, 91), (181, 189), (97, 101), (194, 226), (170, 174), (143, 159), (17, 145), (1, 5), (198, 199), (129, 145), (213, 215), (134, 166), (1, 17), (199, 231), (24, 25), (32, 96), (198, 214), (37, 53), (153, 185), (145, 153), (2, 34), (185, 189), (180, 181), (213, 245), (87, 215), (66, 70), (129, 193), (103, 119), (161, 225), (68, 70), (97, 225), (132, 134), (197, 199), (2, 18), (36, 44)}
Obj: 35900

