Log for instance aco_tuning_out/inst21.txt.

Used ({'tau_0': 7.812894719628246e-06, 'xi': 0.0766649900567211, 'q0': 0.3937027431240757, 'alpha': 1.3517471324904988, 'beta': 1.9563494025351882, 'rho': 0.17338412974172868, 'ants': 20}) and found best instance after 35.734375 seconds.
E1: {(145, 146), (39, 201), (162, 171), (162, 168), (171, 177), (146, 227), (64, 145), (171, 198), (13, 14), (198, 200), (171, 173), (30, 39), (136, 145), (30, 48), (173, 182), (30, 32), (45, 48), (146, 152), (13, 40), (173, 227), (201, 228), (169, 223), (135, 136), (39, 40), (166, 169), (198, 201), (168, 169)}
E2: {(90, 91), (208, 211), (190, 199), (190, 196), (171, 198), (89, 98), (75, 78), (27, 28), (190, 208), (34, 43), (198, 200), (199, 226), (98, 152), (28, 109), (171, 173), (30, 39), (173, 176), (21, 24), (95, 98), (3, 21), (173, 182), (3, 30), (75, 77), (64, 226), (108, 135), (27, 30), (198, 199), (39, 120), (30, 32), (24, 25), (27, 45), (196, 223), (76, 157), (21, 75), (182, 236), (28, 190), (90, 171), (59, 77), (0, 3), (95, 176), (195, 196), (76, 77), (28, 34), (27, 108)}
Obj: 28746

