Log for instance aco_tuning_out/inst27.txt.

Used ({'tau0': 9.926534885232458e-06, 'xi': 0.06692036828162971, 'q0': 0.3019379808030227, 'alpha': 1.9521308295520166, 'beta': 1.4674217120935573, 'rho': 0.15756254670228562, 'ants': 22}) and found best instance after 38.453125 seconds.
E1: {(204, 220), (154, 155), (146, 154), (155, 187), (116, 244), (228, 244), (3, 19), (28, 30), (212, 220), (142, 174), (19, 27), (110, 111), (249, 251), (209, 213), (62, 190), (174, 190), (59, 63), (220, 221), (212, 244), (28, 60), (134, 142), (144, 146), (113, 241), (212, 213), (19, 23), (27, 155), (187, 251), (28, 29), (213, 215), (174, 238), (110, 238), (241, 249), (59, 187), (30, 62), (38, 39), (43, 59), (38, 54), (209, 241), (34, 38), (132, 134), (36, 38), (62, 63), (250, 251), (54, 62)}
E2: {(119, 127), (58, 59), (162, 226), (243, 251), (58, 62), (229, 237), (237, 253), (0, 2), (216, 218), (248, 250), (123, 127), (251, 255), (211, 243), (2, 130), (253, 255), (240, 248), (6, 14), (0, 32), (128, 144), (125, 127), (173, 237), (202, 218), (32, 48), (221, 253), (14, 15), (127, 255), (14, 30), (57, 59), (10, 14), (2, 10), (130, 162), (162, 166), (111, 127), (147, 211), (59, 123), (218, 250), (101, 229), (30, 62), (0, 128), (141, 173), (250, 251)}
Obj: 26141

