Log for instance aco_tuning_out/inst18.txt.

Used ({'tau_0': 3.023061298280671e-06, 'xi': 0.05271286661722294, 'q0': 0.5077385132207571, 'alpha': 0.4440555976676415, 'beta': 1.176945645340894, 'rho': 0.3517258170055353, 'ants': 22}) and found best instance after 116.84375 seconds.
E1: {(193, 201), (81, 85), (132, 164), (82, 90), (58, 62), (150, 151), (1, 3), (1, 9), (252, 253), (148, 150), (5, 37), (37, 39), (37, 45), (132, 148), (85, 213), (62, 126), (14, 46), (45, 61), (6, 14), (209, 213), (110, 111), (197, 213), (193, 197), (61, 63), (147, 151), (245, 253), (80, 82), (31, 95), (31, 159), (46, 62), (1, 5), (29, 61), (213, 215), (110, 238), (151, 215), (160, 164), (107, 111), (213, 245), (99, 107), (46, 110), (80, 81), (57, 61), (62, 63), (66, 82), (31, 63), (151, 159), (54, 62)}
E2: {(72, 73), (210, 242), (168, 172), (160, 168), (26, 30), (168, 184), (35, 51), (113, 117), (40, 44), (44, 60), (114, 115), (210, 214), (252, 253), (1, 9), (115, 123), (78, 110), (117, 245), (102, 110), (62, 126), (240, 242), (168, 232), (14, 46), (24, 26), (44, 108), (73, 89), (35, 163), (44, 172), (26, 154), (245, 253), (221, 253), (150, 214), (86, 214), (101, 117), (14, 30), (114, 242), (46, 62), (1, 5), (110, 238), (108, 110), (81, 89), (66, 98), (98, 102), (51, 115), (46, 110), (113, 115), (98, 114), (9, 73), (14, 142), (80, 81), (81, 113), (54, 62)}
Obj: 28237

