Log for instance aco_tuning_out/inst18.txt.

Used ({'tau0': 2.2570844960363238e-06, 'xi': 0.1499824051273781, 'q0': 0.6397024715024884, 'alpha': 1.3177960201993473, 'beta': 1.7274258641979925, 'rho': 0.06839890232135862, 'ants': 10}) and found best instance after 33.90625 seconds.
E1: {(86, 87), (0, 2), (128, 160), (87, 95), (1, 3), (1, 9), (244, 252), (85, 213), (197, 213), (45, 61), (209, 213), (110, 126), (10, 42), (61, 63), (147, 151), (84, 86), (46, 47), (0, 1), (22, 86), (39, 47), (22, 150), (1, 5), (244, 245), (2, 10), (66, 74), (29, 61), (213, 215), (74, 90), (110, 238), (151, 215), (137, 201), (47, 63), (42, 46), (107, 111), (84, 85), (213, 245), (99, 107), (46, 110), (42, 58), (80, 84), (0, 128), (66, 70), (70, 86), (9, 137), (57, 61), (10, 74), (2, 6), (22, 54), (151, 159), (47, 111)}
E2: {(56, 184), (32, 40), (154, 158), (146, 154), (91, 123), (163, 179), (86, 87), (104, 108), (112, 240), (87, 95), (40, 56), (100, 101), (114, 118), (1, 9), (172, 236), (91, 95), (252, 253), (244, 252), (30, 158), (32, 33), (1, 33), (108, 236), (221, 253), (70, 78), (24, 56), (89, 91), (40, 104), (49, 113), (112, 114), (104, 232), (22, 86), (22, 150), (142, 158), (1, 5), (236, 238), (244, 245), (54, 118), (80, 112), (240, 244), (56, 60), (32, 160), (146, 210), (33, 49), (51, 179), (118, 126), (112, 113), (22, 30), (72, 104), (66, 70), (49, 51), (70, 86), (100, 108), (22, 54)}
Obj: 29637

