Log for instance aco_tuning_out/inst15.txt.

Used ({'tau0': 5.072339472437726e-06, 'xi': 0.06750660483788565, 'q0': 0.39673942663117334, 'alpha': 1.3764884196051321, 'beta': 0.7955077619397278, 'rho': 0.4521931615046479, 'ants': 17}) and found best instance after 7.328125 seconds.
E1: {(81, 82), (90, 91), (162, 171), (162, 168), (66, 228), (171, 180), (96, 177), (181, 184), (171, 198), (78, 159), (184, 238), (198, 200), (39, 66), (97, 178), (96, 97), (157, 238), (168, 177), (81, 90), (180, 182), (168, 195), (36, 198), (150, 159), (36, 39), (178, 205), (64, 67), (180, 181), (90, 171), (82, 109), (66, 67), (96, 150), (43, 205)}
E2: {(4, 58), (54, 135), (58, 59), (175, 202), (0, 54), (75, 237), (176, 185), (40, 41), (234, 236), (75, 78), (45, 46), (89, 116), (72, 75), (200, 203), (165, 166), (40, 202), (182, 185), (228, 237), (58, 67), (168, 195), (44, 53), (25, 52), (35, 53), (31, 40), (41, 203), (175, 176), (109, 112), (41, 44), (32, 35), (14, 176), (53, 134), (43, 44), (54, 72), (64, 67), (13, 40), (202, 211), (52, 53), (165, 168), (4, 13), (46, 52), (165, 183), (234, 237), (35, 116), (183, 237), (31, 112), (175, 178), (183, 185), (177, 178)}
Obj: 31543

