Log for instance aco_tuning_out/inst12.txt.

Used ({'tau0': 3.462877209278076e-06, 'xi': 0.0658154748162855, 'q0': 0.6970370798529836, 'alpha': 1.3037173239481683, 'beta': 0.3291761938293081, 'rho': 0.413035014315252, 'ants': 16}) and found best instance after 7.34375 seconds.
E1: {(111, 120), (81, 82), (28, 46), (4, 58), (3, 4), (34, 196), (118, 119), (125, 134), (31, 32), (84, 102), (45, 46), (81, 84), (83, 164), (82, 83), (162, 164), (136, 145), (28, 109), (86, 89), (31, 34), (164, 182), (118, 145), (31, 58), (196, 205), (205, 214), (4, 166), (109, 112), (111, 112), (119, 125), (91, 118), (211, 214), (0, 162), (3, 84), (195, 196), (83, 86), (43, 205), (28, 34), (82, 136)}
E2: {(166, 175), (81, 82), (145, 146), (226, 232), (101, 155), (3, 4), (4, 58), (226, 229), (39, 201), (43, 205), (84, 87), (175, 202), (181, 184), (184, 211), (92, 146), (171, 198), (101, 182), (75, 78), (66, 75), (100, 101), (172, 175), (39, 66), (83, 164), (81, 84), (82, 83), (171, 173), (136, 145), (164, 173), (36, 198), (88, 169), (87, 88), (58, 76), (86, 89), (20, 101), (66, 68), (64, 226), (100, 103), (32, 194), (19, 20), (173, 200), (86, 113), (102, 103), (175, 176), (27, 36), (174, 177), (76, 157), (128, 134), (27, 45), (171, 172), (146, 152), (182, 236), (205, 232), (59, 68), (128, 155), (135, 136), (174, 201), (169, 223), (82, 109), (3, 84), (202, 229), (19, 25), (83, 86), (92, 101), (83, 92), (113, 194), (174, 176), (100, 181)}
Obj: 38139

