Log for instance aco_tuning_out/inst06.txt.

Used ({'tau0': 7.151935564269642e-06, 'xi': 0.10184361707760894, 'q0': 0.5077701235510973, 'alpha': 0.5847895154504361, 'beta': 0.6413829753178264, 'rho': 0.2990121644546394, 'ants': 8}) and found best instance after 41.0 seconds.
E1: {(81, 85), (188, 190), (180, 244), (206, 238), (3, 19), (0, 2), (129, 131), (233, 237), (210, 214), (114, 118), (2, 130), (212, 214), (221, 223), (233, 249), (206, 207), (54, 55), (192, 193), (23, 55), (62, 190), (206, 222), (212, 244), (180, 188), (173, 237), (3, 131), (207, 223), (46, 62), (19, 23), (0, 16), (54, 118), (53, 55), (214, 222), (45, 173), (240, 244), (105, 233), (16, 24), (81, 83), (166, 182), (81, 89), (173, 175), (182, 190), (78, 206), (129, 193), (172, 173), (2, 3), (19, 83), (2, 6), (39, 55), (131, 135), (172, 188), (232, 233), (54, 62)}
E2: {(64, 66), (193, 195), (193, 201), (42, 170), (188, 190), (82, 90), (155, 187), (98, 226), (132, 164), (180, 244), (193, 225), (89, 217), (155, 159), (1, 3), (156, 188), (34, 98), (117, 245), (96, 97), (64, 68), (193, 197), (212, 244), (201, 217), (180, 188), (188, 189), (101, 117), (170, 171), (97, 101), (34, 42), (1, 5), (117, 119), (244, 245), (1, 17), (199, 231), (36, 164), (18, 82), (166, 182), (163, 171), (66, 98), (164, 166), (171, 175), (182, 190), (171, 187), (40, 42), (129, 193), (1, 129), (195, 199), (97, 225), (66, 82), (96, 98)}
Obj: 29717

