Log for instance aco_tuning_out/inst09.txt.

Used ({'tau_0': 1.7311092028219667e-06, 'xi': 0.08252852050291277, 'q0': 0.30102382451999166, 'alpha': 1.4307200972470873, 'beta': 1.366990204180299, 'rho': 0.3910589486840866, 'ants': 12}) and found best instance after 4.5 seconds.
E1: {(166, 175), (6, 15), (75, 237), (41, 122), (70, 79), (176, 185), (43, 70), (234, 236), (61, 79), (75, 78), (167, 185), (185, 239), (15, 69), (120, 122), (77, 239), (156, 157), (69, 70), (86, 89), (75, 77), (135, 216), (68, 77), (175, 176), (75, 156), (21, 75), (69, 78), (41, 68), (234, 237), (15, 177), (0, 6), (21, 102), (86, 167), (216, 234), (14, 41), (61, 223)}
E2: {(166, 175), (207, 209), (185, 212), (176, 185), (131, 134), (134, 161), (195, 204), (152, 233), (117, 120), (35, 197), (157, 160), (231, 233), (6, 8), (160, 161), (209, 215), (211, 212), (204, 231), (79, 160), (45, 207), (117, 119), (175, 176), (8, 35), (25, 79), (128, 131), (177, 231), (197, 215), (131, 212), (224, 233), (32, 35), (119, 128), (197, 224), (32, 59), (0, 6), (8, 89), (212, 215), (223, 224)}
Obj: 30111

