Log for instance aco_tuning_out/inst30.txt.

Used ({'tau0': 6.937615535889433e-06, 'xi': 0.07000322226687372, 'q0': 0.8259328344322499, 'alpha': 1.4144702071977722, 'beta': 1.897582215362626, 'rho': 0.08176475094706645, 'ants': 18}) and found best instance after 73.015625 seconds.
E1: {(226, 229), (119, 200), (175, 202), (20, 23), (118, 119), (84, 87), (6, 33), (96, 177), (29, 32), (97, 151), (176, 185), (124, 205), (84, 102), (151, 152), (96, 97), (209, 215), (6, 87), (118, 124), (209, 236), (64, 226), (134, 215), (29, 110), (19, 20), (205, 214), (175, 176), (109, 118), (110, 119), (23, 185), (14, 176), (91, 118), (202, 205), (211, 214), (96, 123), (87, 96), (202, 229), (0, 6), (124, 151), (19, 25), (33, 195), (214, 215), (120, 123)}
E2: {(166, 175), (145, 146), (226, 229), (162, 171), (55, 136), (175, 202), (171, 177), (228, 229), (33, 51), (208, 214), (181, 208), (218, 236), (171, 173), (136, 145), (103, 157), (51, 52), (173, 176), (25, 52), (173, 182), (134, 215), (55, 217), (64, 226), (100, 103), (118, 145), (173, 200), (45, 51), (175, 176), (109, 118), (91, 118), (0, 162), (181, 182), (146, 152), (145, 226), (217, 218), (135, 136), (100, 181), (202, 229), (33, 195), (214, 215), (52, 214)}
Obj: 33612

