Log for instance aco_tuning_out/inst12.txt.

Used ({'tau_0': 3.986574795084688e-06, 'xi': 0.12869898263116974, 'q0': 0.7324104580466773, 'alpha': 0.38736117587741714, 'beta': 0.6247624947394189, 'rho': 0.4525392981526261, 'ants': 9}) and found best instance after 6.75 seconds.
E1: {(109, 190), (166, 193), (151, 232), (159, 160), (190, 193), (190, 199), (199, 205), (84, 102), (171, 198), (153, 159), (5, 86), (117, 120), (192, 193), (83, 164), (171, 173), (164, 173), (84, 86), (164, 182), (198, 199), (192, 195), (151, 160), (117, 198), (171, 172), (205, 232), (132, 159), (45, 72), (193, 211), (72, 153), (0, 3), (3, 84), (83, 89), (5, 32), (132, 134), (83, 86), (43, 205), (91, 172)}
E2: {(43, 205), (188, 242), (185, 188), (166, 175), (58, 59), (55, 136), (175, 202), (80, 242), (20, 23), (78, 80), (199, 205), (176, 185), (107, 134), (20, 47), (236, 242), (23, 104), (89, 107), (102, 104), (97, 178), (96, 97), (136, 145), (223, 241), (58, 76), (107, 188), (118, 145), (19, 20), (175, 176), (55, 58), (76, 157), (123, 150), (177, 178), (109, 136), (55, 64), (202, 205), (202, 211), (150, 152), (199, 200), (135, 136), (96, 123), (32, 59), (19, 25), (118, 199), (45, 47), (175, 178), (104, 185), (241, 242)}
Obj: 33976

