Log for instance aco_tuning_out/inst18.txt.

Used ({'tau_0': 1.8744203829802787e-06, 'xi': 0.06974601013646063, 'q0': 0.6646227429685135, 'alpha': 0.837812461347453, 'beta': 0.9110718814664547, 'rho': 0.3627109167529502, 'ants': 14}) and found best instance after 14.015625 seconds.
E1: {(128, 136), (136, 137), (132, 164), (81, 85), (219, 223), (220, 222), (70, 198), (196, 197), (252, 253), (1, 9), (1, 3), (78, 110), (198, 206), (160, 164), (62, 126), (197, 213), (45, 61), (209, 213), (128, 132), (85, 213), (206, 222), (220, 221), (61, 63), (147, 151), (151, 159), (90, 218), (245, 253), (221, 253), (39, 47), (95, 223), (46, 62), (1, 5), (132, 196), (29, 61), (213, 215), (47, 111), (110, 238), (151, 215), (137, 201), (47, 63), (42, 46), (107, 111), (99, 107), (46, 110), (42, 58), (78, 206), (80, 81), (57, 61), (66, 70), (134, 150), (9, 137), (218, 219), (196, 198), (132, 134), (62, 63), (6, 70), (215, 223), (54, 62)}
E2: {(128, 136), (136, 137), (200, 201), (72, 76), (24, 152), (124, 126), (108, 109), (146, 154), (91, 123), (136, 152), (163, 179), (206, 238), (72, 88), (70, 198), (40, 44), (128, 160), (108, 124), (44, 60), (97, 105), (210, 214), (252, 253), (114, 118), (1, 9), (91, 95), (244, 252), (128, 132), (146, 150), (152, 184), (105, 109), (44, 172), (221, 253), (86, 214), (89, 91), (49, 113), (31, 95), (97, 101), (80, 88), (1, 5), (244, 245), (132, 196), (76, 78), (97, 113), (54, 118), (88, 89), (240, 244), (198, 214), (137, 201), (146, 210), (60, 124), (76, 108), (51, 179), (124, 252), (118, 126), (200, 232), (142, 206), (78, 206), (9, 137), (66, 70), (49, 51), (196, 198), (30, 31), (86, 118)}
Obj: 34126

