Log for instance aco_tuning_out/inst12.txt.

Used ({'tau0': 9.342356314703797e-06, 'xi': 0.11093798894348852, 'q0': 0.3936504222796646, 'alpha': 1.8613339066625738, 'beta': 0.5900213499937936, 'rho': 0.2538267278899345, 'ants': 22}) and found best instance after 13.515625 seconds.
E1: {(111, 120), (192, 194), (81, 82), (48, 210), (84, 87), (87, 89), (210, 211), (84, 102), (101, 182), (84, 111), (100, 101), (0, 81), (81, 84), (165, 166), (40, 202), (111, 192), (84, 165), (40, 43), (32, 194), (45, 48), (91, 100), (192, 195), (128, 134), (202, 211), (192, 210), (82, 100), (82, 109), (101, 128)}
E2: {(166, 175), (81, 82), (185, 188), (226, 232), (175, 202), (84, 87), (78, 80), (87, 89), (139, 157), (176, 185), (84, 102), (187, 188), (236, 239), (25, 187), (174, 176), (149, 152), (185, 239), (223, 232), (77, 239), (200, 209), (136, 145), (81, 84), (136, 139), (47, 128), (77, 80), (209, 236), (64, 226), (175, 176), (174, 177), (81, 135), (128, 134), (149, 230), (202, 205), (205, 232), (202, 211), (145, 226), (32, 59), (59, 77), (82, 109), (47, 209), (45, 47), (43, 205), (230, 239), (82, 136)}
Obj: 29978

