Log for instance aco_tuning_out/inst15.txt.

Used ({'tau_0': 6.937615535889433e-06, 'xi': 0.07000322226687372, 'q0': 0.8259328344322499, 'alpha': 1.4144702071977722, 'beta': 1.897582215362626, 'rho': 0.08176475094706645, 'ants': 18}) and found best instance after 40.5625 seconds.
E1: {(226, 229), (171, 177), (171, 198), (76, 79), (52, 79), (201, 202), (83, 164), (171, 173), (82, 83), (189, 195), (164, 173), (78, 79), (173, 182), (64, 226), (173, 200), (205, 214), (76, 157), (82, 91), (202, 205), (201, 228), (82, 109), (202, 229), (43, 205), (198, 201), (189, 198), (52, 214)}
E2: {(43, 205), (39, 201), (162, 171), (162, 165), (226, 229), (171, 177), (165, 167), (5, 59), (66, 228), (51, 132), (171, 198), (234, 236), (75, 78), (66, 75), (135, 153), (5, 86), (39, 66), (201, 202), (72, 75), (171, 173), (82, 83), (165, 166), (51, 52), (86, 89), (25, 52), (173, 182), (64, 226), (173, 200), (205, 214), (45, 51), (153, 234), (5, 167), (202, 205), (0, 162), (211, 214), (72, 153), (5, 14), (82, 109), (202, 229), (5, 32), (132, 134), (83, 86), (189, 195), (198, 201), (189, 198), (52, 214)}
Obj: 26270

