Log for instance aco_tuning_out/inst09.txt.

Used ({'tau0': 5.449825531692064e-06, 'xi': 0.10463551100918586, 'q0': 0.3791032022582517, 'alpha': 1.5968901194470106, 'beta': 0.6682022659911173, 'rho': 0.3643260630360847, 'ants': 18}) and found best instance after 7.09375 seconds.
E1: {(166, 175), (39, 201), (83, 137), (84, 102), (230, 239), (236, 239), (75, 78), (66, 75), (36, 37), (122, 131), (166, 220), (0, 81), (39, 66), (174, 175), (81, 84), (130, 157), (176, 230), (84, 86), (86, 89), (135, 137), (86, 95), (36, 39), (39, 120), (95, 122), (175, 176), (174, 177), (14, 176), (220, 223), (174, 201), (130, 131), (95, 176), (83, 86), (37, 43)}
E2: {(106, 133), (39, 201), (88, 106), (139, 142), (150, 151), (18, 99), (130, 133), (25, 187), (142, 223), (166, 220), (88, 142), (39, 66), (201, 202), (106, 187), (105, 106), (130, 157), (99, 105), (133, 134), (51, 52), (139, 220), (66, 68), (178, 187), (39, 120), (205, 214), (196, 205), (45, 51), (88, 89), (187, 214), (211, 214), (202, 205), (59, 68), (32, 41), (150, 152), (142, 151), (41, 68), (195, 196), (0, 18), (177, 178), (52, 214)}
Obj: 29695

