Log for instance aco_tuning_out/inst09.txt.

Used ({'tau0': 9.926534885232458e-06, 'xi': 0.06692036828162971, 'q0': 0.3019379808030227, 'alpha': 1.9521308295520166, 'beta': 1.4674217120935573, 'rho': 0.15756254670228562, 'ants': 22}) and found best instance after 24.703125 seconds.
E1: {(6, 15), (165, 167), (15, 42), (87, 89), (39, 42), (167, 176), (176, 185), (236, 239), (185, 239), (15, 69), (102, 104), (165, 166), (6, 87), (135, 216), (39, 120), (157, 158), (168, 222), (42, 43), (14, 176), (158, 239), (222, 223), (104, 158), (165, 168), (69, 78), (15, 177), (6, 168), (216, 222), (0, 6)}
E2: {(6, 15), (58, 59), (6, 24), (41, 122), (87, 89), (125, 134), (122, 125), (125, 152), (166, 220), (58, 220), (30, 39), (157, 238), (6, 87), (3, 6), (168, 195), (39, 41), (3, 30), (36, 39), (39, 120), (31, 58), (36, 45), (24, 25), (220, 223), (32, 41), (220, 238), (6, 168), (0, 6), (15, 177), (211, 238), (30, 31)}
Obj: 24986

