Log for instance aco_tuning_out/inst03.txt.

Used ({'tau_0': 2.3890526897386258e-06, 'xi': 0.09728269253474063, 'q0': 0.5264084644635578, 'alpha': 0.34480659763074994, 'beta': 1.2781748892293714, 'rho': 0.12380145068388254, 'ants': 25}) and found best instance after 291.09375 seconds.
E1: {(232, 236), (47, 175), (41, 43), (155, 187), (101, 103), (147, 155), (211, 219), (68, 100), (20, 84), (39, 103), (112, 240), (135, 199), (210, 211), (100, 101), (187, 191), (68, 84), (9, 41), (65, 97), (52, 54), (147, 151), (41, 57), (84, 92), (217, 219), (199, 207), (97, 101), (39, 47), (155, 219), (20, 52), (97, 113), (149, 151), (36, 100), (100, 228), (24, 25), (200, 202), (175, 191), (43, 47), (204, 236), (52, 53), (228, 236), (112, 113), (25, 57), (217, 221), (103, 119), (195, 199), (135, 151), (200, 204)}
E2: {(177, 181), (192, 200), (32, 34), (132, 164), (32, 40), (154, 158), (41, 43), (107, 235), (200, 216), (5, 13), (181, 245), (164, 180), (40, 41), (210, 214), (196, 197), (200, 201), (158, 222), (160, 164), (128, 132), (9, 41), (32, 36), (41, 45), (33, 41), (99, 227), (32, 48), (15, 47), (49, 177), (9, 13), (132, 196), (214, 222), (226, 227), (198, 214), (128, 192), (32, 160), (47, 63), (50, 114), (164, 166), (33, 49), (43, 47), (107, 111), (99, 107), (158, 159), (164, 172), (17, 49), (107, 123), (150, 158), (0, 128), (196, 198), (34, 50), (47, 111)}
Obj: 29329

