Log for instance aco_tuning_out/inst12.txt.

Used ({'tau_0': 1.8744203829802787e-06, 'xi': 0.06974601013646063, 'q0': 0.6646227429685135, 'alpha': 0.837812461347453, 'beta': 0.9110718814664547, 'rho': 0.3627109167529502, 'ants': 14}) and found best instance after 7.96875 seconds.
E1: {(166, 175), (81, 82), (226, 229), (19, 46), (84, 87), (87, 89), (208, 211), (84, 102), (101, 182), (5, 86), (175, 229), (0, 81), (45, 46), (81, 84), (136, 145), (37, 118), (84, 86), (20, 101), (118, 145), (19, 20), (109, 118), (46, 208), (128, 134), (37, 43), (91, 118), (145, 226), (87, 96), (96, 123), (5, 32), (101, 128), (87, 114), (82, 136), (114, 195), (37, 46), (120, 123)}
E2: {(81, 82), (226, 232), (3, 4), (18, 20), (84, 87), (171, 177), (87, 89), (137, 218), (190, 199), (208, 211), (217, 223), (75, 78), (100, 101), (190, 208), (218, 236), (6, 8), (81, 84), (136, 145), (81, 90), (103, 157), (3, 6), (135, 137), (20, 101), (64, 226), (118, 145), (100, 103), (19, 20), (4, 166), (109, 118), (8, 35), (128, 134), (32, 35), (21, 75), (18, 21), (137, 146), (146, 152), (205, 232), (145, 226), (136, 217), (217, 218), (82, 100), (199, 200), (32, 59), (90, 171), (18, 45), (3, 84), (21, 102), (19, 25), (118, 199), (101, 128), (43, 205), (82, 136)}
Obj: 33233

