Log for instance aco_tuning_out/inst09.txt.

Used ({'tau0': 3.0612586277534457e-06, 'xi': 0.1329622135219483, 'q0': 0.7756772068120196, 'alpha': 1.8931956829423289, 'beta': 1.9972080014998133, 'rho': 0.18753105830604566, 'ants': 22}) and found best instance after 16.203125 seconds.
E1: {(226, 232), (171, 174), (162, 171), (78, 80), (171, 198), (217, 226), (218, 236), (223, 232), (117, 126), (12, 174), (162, 164), (102, 183), (165, 166), (120, 201), (164, 170), (77, 80), (58, 76), (108, 126), (55, 217), (108, 135), (89, 170), (55, 58), (174, 177), (76, 157), (164, 218), (117, 198), (205, 232), (0, 162), (12, 14), (165, 174), (217, 218), (174, 201), (165, 183), (76, 77), (43, 205)}
E2: {(166, 175), (39, 201), (171, 174), (162, 171), (175, 202), (147, 149), (120, 147), (92, 146), (162, 189), (46, 127), (20, 47), (131, 134), (45, 46), (39, 66), (201, 202), (30, 39), (130, 157), (223, 241), (189, 195), (46, 47), (86, 89), (127, 130), (20, 101), (66, 68), (19, 20), (238, 241), (30, 32), (66, 147), (174, 177), (146, 149), (0, 162), (59, 68), (146, 152), (174, 201), (229, 238), (130, 131), (202, 229), (211, 238), (19, 25), (83, 86), (83, 92), (92, 101)}
Obj: 30614

