Log for instance aco_tuning_out/inst09.txt.

Used ({'tau_0': 1.3763468429827451e-06, 'xi': 0.13059886401904963, 'q0': 0.7970081104032578, 'alpha': 0.9961946895439933, 'beta': 0.8455334921092874, 'rho': 0.2687684260652423, 'ants': 32}) and found best instance after 22.984375 seconds.
E1: {(43, 205), (166, 175), (162, 171), (171, 177), (83, 137), (102, 104), (218, 236), (97, 178), (223, 232), (96, 97), (83, 164), (171, 173), (232, 241), (173, 176), (164, 173), (135, 137), (86, 104), (157, 158), (175, 176), (240, 241), (164, 218), (14, 176), (78, 240), (205, 232), (0, 162), (104, 158), (178, 232), (96, 123), (83, 89), (83, 86), (175, 178), (120, 123)}
E2: {(4, 58), (58, 59), (162, 171), (147, 149), (171, 177), (31, 32), (120, 147), (142, 223), (88, 142), (83, 164), (171, 173), (82, 83), (31, 193), (7, 25), (164, 173), (58, 67), (58, 76), (31, 58), (27, 33), (4, 166), (66, 147), (76, 157), (128, 134), (27, 45), (146, 149), (146, 155), (4, 7), (82, 88), (0, 162), (7, 88), (146, 152), (193, 211), (128, 155), (66, 67), (83, 89), (33, 195), (0, 27)}
Obj: 28207

