Log for instance aco_tuning_out/inst24.txt.

Used ({'tau0': 7.812894719628246e-06, 'xi': 0.0766649900567211, 'q0': 0.3937027431240757, 'alpha': 1.3517471324904988, 'beta': 1.9563494025351882, 'rho': 0.17338412974172868, 'ants': 20}) and found best instance after 30.71875 seconds.
E1: {(76, 92), (42, 106), (41, 43), (15, 143), (171, 235), (43, 171), (0, 2), (176, 240), (40, 41), (242, 243), (186, 250), (220, 252), (2, 130), (240, 242), (10, 42), (41, 45), (220, 221), (58, 186), (160, 176), (90, 218), (12, 76), (41, 57), (14, 15), (143, 159), (10, 14), (2, 10), (115, 119), (144, 176), (139, 143), (2, 34), (218, 250), (12, 14), (76, 108), (141, 143), (71, 103), (42, 58), (40, 42), (154, 186), (103, 119), (186, 190), (242, 250), (115, 243), (92, 220)}
E2: {(183, 191), (42, 106), (81, 85), (162, 226), (220, 222), (237, 253), (0, 2), (178, 179), (147, 179), (187, 191), (34, 162), (253, 255), (53, 181), (120, 122), (10, 42), (220, 221), (128, 144), (180, 188), (21, 85), (181, 183), (221, 253), (191, 255), (165, 181), (5, 21), (179, 183), (2, 10), (106, 122), (230, 231), (63, 191), (162, 166), (226, 230), (175, 191), (81, 89), (180, 181), (147, 211), (228, 230), (2, 34), (162, 178), (60, 188), (0, 128), (90, 122), (114, 122), (21, 53), (195, 211)}
Obj: 25808

