Log for instance aco_tuning_out/inst24.txt.

Used ({'tau_0': 9.493726088905091e-06, 'xi': 0.11484843759454823, 'q0': 0.6111218433796399, 'alpha': 1.5748339874818995, 'beta': 1.6004495863491173, 'rho': 0.40117280761880736, 'ants': 26}) and found best instance after 13.03125 seconds.
E1: {(76, 92), (90, 91), (128, 130), (71, 87), (15, 143), (154, 158), (243, 251), (12, 13), (13, 45), (228, 244), (0, 2), (128, 160), (87, 95), (8, 12), (252, 253), (122, 250), (91, 95), (249, 251), (45, 61), (58, 122), (10, 42), (128, 144), (108, 236), (12, 76), (142, 143), (221, 253), (31, 95), (142, 158), (31, 159), (143, 159), (34, 42), (2, 10), (106, 122), (235, 251), (240, 244), (13, 141), (249, 253), (42, 43), (139, 143), (158, 190), (76, 108), (141, 143), (228, 236), (42, 58), (57, 61), (90, 122), (0, 128), (236, 252), (8, 40)}
E2: {(90, 91), (183, 191), (154, 158), (146, 154), (155, 187), (147, 155), (60, 62), (237, 253), (146, 178), (1, 3), (187, 191), (131, 195), (91, 95), (253, 255), (158, 222), (53, 181), (120, 122), (85, 213), (231, 239), (166, 230), (58, 122), (10, 42), (181, 183), (221, 253), (191, 255), (89, 91), (144, 146), (31, 95), (165, 181), (31, 159), (1, 5), (2, 10), (106, 122), (230, 231), (213, 221), (63, 191), (226, 230), (175, 191), (180, 181), (2, 34), (228, 230), (42, 58), (90, 122), (2, 3), (114, 122), (62, 63), (131, 147), (158, 159), (159, 191), (175, 239)}
Obj: 28131

