Log for instance aco_tuning_out/inst30.txt.

Used ({'tau_0': 4.426929263156353e-06, 'xi': 0.06025838234537617, 'q0': 0.705001489203017, 'alpha': 1.7379886783859488, 'beta': 1.7095931918554976, 'rho': 0.10716913974093385, 'ants': 23}) and found best instance after 33.453125 seconds.
E1: {(63, 144), (119, 200), (118, 119), (21, 22), (96, 177), (29, 32), (234, 236), (27, 28), (72, 234), (117, 120), (63, 64), (117, 123), (72, 75), (12, 21), (22, 25), (144, 146), (28, 29), (27, 33), (54, 63), (109, 118), (128, 131), (130, 211), (128, 134), (21, 75), (27, 54), (119, 128), (54, 72), (91, 118), (12, 14), (146, 152), (119, 146), (96, 123), (130, 131), (21, 102), (33, 195), (117, 118), (0, 27)}
E2: {(166, 175), (145, 146), (28, 55), (55, 136), (147, 149), (171, 177), (147, 228), (171, 198), (16, 178), (27, 28), (171, 173), (136, 145), (189, 195), (16, 25), (156, 157), (173, 176), (164, 173), (36, 198), (164, 182), (173, 200), (118, 145), (175, 176), (27, 36), (109, 118), (27, 45), (128, 134), (146, 149), (146, 155), (91, 118), (55, 64), (146, 152), (128, 155), (135, 136), (147, 156), (175, 178), (189, 198), (0, 27), (155, 236)}
Obj: 31957

