Log for instance aco_tuning_out/inst12.txt.

Used ({'tau_0': 1.3763468429827451e-06, 'xi': 0.13059886401904963, 'q0': 0.7970081104032578, 'alpha': 0.9961946895439933, 'beta': 0.8455334921092874, 'rho': 0.2687684260652423, 'ants': 32}) and found best instance after 29.84375 seconds.
E1: {(43, 205), (81, 82), (166, 175), (111, 120), (162, 171), (162, 168), (38, 41), (207, 209), (210, 211), (84, 102), (171, 198), (84, 111), (172, 175), (83, 164), (81, 84), (82, 83), (162, 164), (209, 215), (36, 198), (168, 195), (164, 182), (134, 215), (36, 45), (171, 172), (205, 232), (32, 41), (0, 162), (178, 232), (207, 210), (82, 109), (83, 89), (36, 38), (175, 178), (198, 207), (91, 172)}
E2: {(166, 175), (145, 146), (171, 177), (175, 202), (64, 145), (59, 140), (171, 198), (78, 159), (198, 200), (83, 164), (171, 173), (82, 83), (19, 100), (136, 145), (200, 209), (209, 215), (213, 240), (103, 157), (164, 173), (36, 198), (209, 236), (134, 215), (100, 103), (205, 214), (102, 103), (196, 205), (36, 45), (196, 223), (202, 205), (211, 214), (146, 152), (86, 140), (135, 136), (82, 100), (32, 59), (82, 109), (159, 240), (83, 89), (19, 25), (213, 214), (83, 86), (214, 215), (43, 205), (82, 136)}
Obj: 31824

