Log for instance aco_tuning_out/inst06.txt.

Used ({'tau0': 3.0123184321619356e-06, 'xi': 0.12162366348291398, 'q0': 0.6525057095214953, 'alpha': 0.3418731697773203, 'beta': 1.7855031617760102, 'rho': 0.2482497904794193, 'ants': 32}) and found best instance after 279.765625 seconds.
E1: {(128, 130), (210, 242), (156, 158), (206, 238), (237, 253), (166, 174), (87, 95), (135, 199), (82, 114), (156, 188), (2, 130), (91, 95), (198, 206), (158, 222), (206, 207), (196, 212), (85, 213), (174, 175), (128, 129), (37, 45), (192, 196), (37, 39), (174, 190), (82, 83), (105, 109), (206, 222), (240, 242), (180, 188), (221, 253), (89, 91), (212, 213), (83, 87), (172, 174), (198, 199), (85, 87), (213, 221), (45, 109), (109, 237), (249, 253), (24, 28), (37, 53), (128, 192), (105, 233), (82, 210), (158, 190), (23, 87), (46, 174), (78, 206), (2, 3), (196, 198), (2, 6), (28, 156), (232, 233)}
E2: {(90, 91), (193, 195), (193, 201), (32, 40), (90, 94), (156, 158), (70, 198), (193, 225), (87, 95), (1, 3), (156, 188), (91, 95), (198, 206), (158, 222), (196, 212), (174, 175), (94, 222), (87, 119), (166, 174), (96, 97), (174, 190), (193, 197), (32, 36), (206, 222), (188, 189), (180, 188), (89, 91), (170, 171), (97, 101), (170, 174), (212, 213), (1, 5), (198, 199), (132, 196), (230, 231), (1, 17), (199, 231), (32, 96), (226, 230), (163, 171), (2, 34), (158, 190), (213, 245), (171, 187), (129, 193), (66, 70), (195, 199), (1, 129), (196, 198), (97, 225), (68, 70), (2, 3), (2, 18), (158, 159)}
Obj: 29304

