Log for instance aco_tuning_out/inst24.txt.

Used ({'tau_0': 6.293660666238772e-06, 'xi': 0.0765998967889499, 'q0': 0.6265340995784354, 'alpha': 0.31196112568590606, 'beta': 0.6324794380700602, 'rho': 0.3069899243645694, 'ants': 19}) and found best instance after 87.125 seconds.
E1: {(76, 92), (42, 106), (99, 103), (15, 143), (107, 235), (243, 251), (43, 107), (13, 45), (12, 13), (0, 2), (176, 240), (40, 41), (252, 253), (186, 250), (2, 130), (122, 250), (249, 251), (41, 45), (160, 176), (128, 144), (12, 76), (41, 57), (221, 253), (143, 159), (106, 107), (34, 42), (106, 122), (144, 176), (249, 253), (13, 141), (139, 143), (2, 34), (76, 108), (141, 143), (99, 107), (71, 103), (42, 58), (40, 42), (90, 122), (154, 186), (0, 128), (186, 190), (250, 251)}
E2: {(98, 226), (220, 222), (237, 253), (178, 179), (187, 191), (147, 179), (179, 187), (253, 255), (53, 181), (120, 122), (220, 221), (21, 85), (181, 183), (221, 253), (176, 178), (191, 255), (88, 120), (165, 181), (5, 21), (179, 183), (2, 10), (106, 122), (230, 231), (120, 124), (63, 191), (226, 227), (144, 176), (88, 89), (226, 230), (175, 191), (180, 181), (50, 114), (228, 230), (50, 178), (2, 34), (195, 227), (60, 124), (98, 114), (90, 122), (114, 122), (166, 230), (21, 53), (34, 50)}
Obj: 25579

