Log for instance aco_tuning_out/inst18.txt.

Used ({'tau0': 1.34326092400037e-06, 'xi': 0.13441645763893803, 'q0': 0.4083523399061119, 'alpha': 0.5070175800996563, 'beta': 0.9994669821848109, 'rho': 0.2873914507152631, 'ants': 17}) and found best instance after 294.5 seconds.
E1: {(90, 91), (193, 201), (58, 59), (99, 103), (128, 160), (39, 103), (129, 131), (2, 66), (1, 3), (1, 9), (252, 253), (91, 95), (85, 213), (128, 129), (197, 213), (110, 126), (193, 197), (59, 63), (21, 85), (29, 31), (3, 131), (150, 214), (245, 253), (46, 47), (31, 95), (57, 59), (31, 159), (39, 47), (1, 5), (213, 215), (47, 111), (54, 118), (110, 238), (47, 63), (213, 245), (84, 85), (46, 110), (118, 126), (21, 29), (80, 84), (129, 193), (2, 3), (2, 6), (214, 215), (45, 47), (131, 147), (31, 63), (209, 213)}
E2: {(168, 172), (160, 168), (154, 158), (168, 184), (72, 88), (60, 62), (8, 9), (113, 117), (114, 115), (82, 114), (1, 9), (252, 253), (8, 24), (115, 123), (172, 236), (30, 94), (117, 245), (30, 158), (62, 126), (240, 242), (168, 232), (82, 86), (108, 236), (245, 253), (221, 253), (80, 82), (101, 117), (78, 94), (142, 158), (8, 72), (40, 168), (80, 88), (114, 242), (236, 238), (1, 5), (88, 89), (82, 210), (162, 163), (51, 115), (94, 126), (113, 115), (86, 94), (150, 158), (66, 82), (160, 162), (54, 62), (8, 40)}
Obj: 28774

