Log for instance aco_tuning_out/inst30.txt.

Used ({'tau_0': 5.498217034018323e-06, 'xi': 0.07476910638285614, 'q0': 0.4717218972346363, 'alpha': 1.947841791710605, 'beta': 1.831830451033867, 'rho': 0.12093333427234658, 'ants': 15}) and found best instance after 20.96875 seconds.
E1: {(145, 146), (81, 82), (101, 155), (20, 23), (162, 168), (64, 145), (199, 205), (84, 102), (117, 120), (81, 84), (136, 145), (168, 177), (168, 195), (20, 101), (134, 215), (118, 145), (19, 20), (205, 214), (109, 118), (146, 155), (82, 91), (211, 214), (0, 162), (146, 152), (81, 162), (32, 50), (199, 200), (14, 23), (19, 25), (118, 199), (214, 215), (117, 118), (23, 50), (82, 136), (155, 236)}
E2: {(101, 155), (166, 184), (198, 225), (99, 100), (171, 177), (171, 180), (171, 198), (135, 144), (100, 101), (134, 161), (198, 200), (63, 64), (103, 157), (36, 198), (20, 101), (100, 103), (19, 20), (103, 184), (27, 33), (155, 161), (144, 225), (27, 36), (27, 45), (36, 63), (82, 91), (82, 100), (225, 228), (99, 180), (82, 109), (152, 161), (19, 25), (33, 195), (20, 182), (0, 27), (155, 236)}
Obj: 30746

