Log for instance aco_tuning_out/inst30.txt.

Used ({'tau_0': 5.7232384546733595e-06, 'xi': 0.1429672685027304, 'q0': 0.57445047410033, 'alpha': 1.4195433954167913, 'beta': 1.4047255855017542, 'rho': 0.4106053256096564, 'ants': 31}) and found best instance after 19.59375 seconds.
E1: {(1, 28), (99, 100), (11, 173), (125, 134), (29, 32), (179, 233), (19, 73), (11, 14), (122, 125), (236, 242), (205, 206), (152, 233), (120, 122), (200, 206), (19, 100), (10, 91), (28, 109), (16, 25), (99, 102), (173, 179), (0, 1), (10, 11), (125, 206), (233, 242), (28, 29), (196, 205), (177, 179), (64, 73), (202, 205), (202, 211), (206, 233), (10, 16), (195, 196), (10, 19), (1, 19)}
E2: {(226, 232), (21, 22), (66, 228), (135, 138), (179, 233), (217, 220), (217, 226), (178, 179), (66, 75), (172, 178), (166, 220), (152, 233), (172, 181), (198, 200), (30, 33), (39, 66), (112, 139), (97, 178), (218, 236), (30, 39), (147, 148), (36, 198), (22, 25), (139, 220), (3, 30), (138, 139), (64, 226), (134, 215), (36, 39), (205, 214), (91, 97), (109, 112), (36, 45), (66, 147), (177, 179), (21, 75), (205, 232), (181, 182), (217, 218), (178, 232), (0, 3), (33, 195), (138, 147), (214, 215), (148, 157)}
Obj: 33194

