Log for instance aco_tuning_out/inst27.txt.

Used ({'tau0': 3.023061298280671e-06, 'xi': 0.05271286661722294, 'q0': 0.5077385132207571, 'alpha': 0.4440555976676415, 'beta': 1.176945645340894, 'rho': 0.3517258170055353, 'ants': 22}) and found best instance after 42.96875 seconds.
E1: {(154, 158), (26, 30), (18, 26), (26, 27), (52, 116), (206, 238), (43, 171), (23, 31), (28, 30), (48, 176), (132, 148), (30, 158), (249, 251), (100, 116), (209, 213), (52, 54), (28, 60), (52, 60), (49, 113), (142, 158), (39, 47), (204, 206), (28, 29), (187, 251), (213, 221), (36, 100), (213, 215), (100, 228), (217, 249), (144, 176), (47, 63), (2, 34), (43, 47), (158, 190), (142, 206), (171, 187), (48, 49), (217, 221), (48, 52), (144, 148), (2, 3), (2, 18), (30, 31), (31, 63), (250, 251), (47, 111)}
E2: {(119, 127), (243, 251), (176, 240), (141, 157), (123, 127), (251, 255), (157, 159), (48, 176), (253, 255), (56, 58), (240, 242), (6, 14), (166, 230), (220, 221), (194, 202), (125, 127), (147, 151), (221, 253), (216, 220), (14, 15), (101, 117), (127, 255), (14, 30), (31, 159), (48, 56), (194, 226), (10, 14), (117, 125), (144, 176), (56, 57), (226, 230), (111, 127), (250, 251), (226, 242), (242, 250), (157, 221), (30, 31), (151, 159)}
Obj: 25317

