Log for instance aco_tuning_out/inst21.txt.

Used ({'tau_0': 3.151708497185101e-06, 'xi': 0.05632693656731169, 'q0': 0.5279577748463967, 'alpha': 0.47226881213046684, 'beta': 1.430973702133798, 'rho': 0.06294574331706608, 'ants': 24}) and found best instance after 285.5 seconds.
E1: {(171, 198), (173, 179), (55, 61), (174, 201), (174, 228), (198, 201), (232, 233), (61, 223), (171, 177), (179, 233), (223, 232), (173, 176), (36, 198), (39, 41), (36, 45), (32, 41), (165, 174), (39, 201), (162, 171), (152, 233), (198, 200), (14, 176), (162, 216), (171, 173), (165, 166), (173, 182), (135, 216), (55, 64)}
E2: {(163, 164), (162, 168), (159, 160), (29, 32), (199, 205), (236, 242), (200, 206), (240, 242), (16, 70), (162, 163), (205, 232), (45, 126), (28, 55), (55, 136), (84, 111), (217, 235), (78, 159), (126, 153), (223, 232), (181, 235), (55, 58), (0, 162), (181, 182), (118, 199), (43, 205), (70, 232), (145, 146), (54, 135), (184, 211), (153, 159), (87, 168), (149, 152), (205, 206), (54, 55), (83, 164), (136, 145), (28, 109), (168, 195), (86, 89), (28, 29), (146, 149), (91, 145), (83, 86), (111, 120), (58, 59), (84, 87), (160, 241), (181, 184), (232, 241), (16, 25), (55, 217), (118, 145), (163, 217), (55, 64), (159, 240), (157, 160)}
Obj: 32175

