Log for instance aco_tuning_out/inst06.txt.

Used ({'tau0': 9.493726088905091e-06, 'xi': 0.11484843759454823, 'q0': 0.6111218433796399, 'alpha': 1.5748339874818995, 'beta': 1.6004495863491173, 'rho': 0.40117280761880736, 'ants': 26}) and found best instance after 20.671875 seconds.
E1: {(128, 130), (200, 201), (192, 200), (7, 23), (132, 164), (3, 7), (220, 222), (206, 238), (164, 180), (228, 244), (201, 233), (210, 211), (17, 21), (2, 130), (233, 249), (172, 236), (206, 207), (128, 129), (45, 61), (128, 132), (7, 135), (174, 190), (206, 222), (220, 221), (212, 244), (21, 85), (17, 81), (17, 145), (236, 238), (129, 145), (28, 29), (29, 61), (6, 7), (174, 238), (110, 238), (24, 28), (240, 244), (128, 192), (105, 233), (81, 83), (81, 89), (2, 34), (164, 166), (50, 114), (175, 191), (46, 110), (164, 172), (200, 232), (21, 29), (228, 236), (78, 206), (7, 39), (190, 191), (236, 237), (2, 3), (83, 211), (21, 53), (34, 50)}
E2: {(90, 91), (193, 195), (32, 34), (32, 40), (132, 164), (193, 201), (188, 190), (70, 198), (164, 180), (193, 225), (196, 197), (36, 37), (156, 188), (187, 191), (5, 37), (196, 212), (193, 197), (32, 36), (138, 170), (212, 244), (198, 230), (180, 188), (245, 247), (188, 189), (35, 163), (89, 91), (17, 81), (17, 145), (244, 245), (132, 196), (2, 10), (129, 145), (230, 231), (36, 164), (119, 247), (32, 96), (226, 230), (175, 191), (81, 89), (2, 34), (164, 166), (190, 191), (66, 70), (129, 193), (2, 3), (196, 198), (68, 70), (37, 101), (3, 35), (2, 18), (10, 138), (159, 191)}
Obj: 31634

