Log for instance aco_tuning_out/inst27.txt.

Used ({'tau0': 3.870488509745335e-06, 'xi': 0.14375219093339509, 'q0': 0.31937330810318404, 'alpha': 1.2524356087799853, 'beta': 0.8404615317597104, 'rho': 0.2941319030093275, 'ants': 31}) and found best instance after 123.84375 seconds.
E1: {(146, 154), (52, 116), (113, 117), (144, 208), (23, 31), (186, 250), (142, 174), (27, 31), (36, 52), (62, 190), (128, 132), (174, 190), (128, 144), (52, 54), (29, 31), (52, 60), (144, 146), (39, 47), (236, 238), (47, 111), (217, 249), (174, 238), (151, 215), (47, 63), (209, 217), (116, 117), (43, 47), (204, 236), (35, 43), (208, 209), (228, 236), (217, 221), (23, 151), (186, 187), (154, 186), (34, 35), (186, 190), (3, 35), (62, 63), (30, 31), (31, 63), (54, 62)}
E2: {(119, 127), (15, 79), (58, 59), (15, 143), (146, 154), (216, 218), (101, 109), (242, 243), (123, 127), (48, 176), (186, 250), (221, 223), (240, 242), (109, 125), (6, 14), (146, 147), (58, 186), (125, 127), (202, 218), (14, 15), (79, 111), (144, 146), (127, 255), (57, 59), (14, 30), (10, 14), (144, 176), (226, 230), (111, 127), (218, 250), (59, 123), (226, 242), (141, 143), (223, 255), (154, 186), (242, 250), (166, 230)}
Obj: 23892

