Log for instance aco_tuning_out/inst27.txt.

Used ({'tau0': 8.753936472387218e-06, 'xi': 0.09720016068128765, 'q0': 0.8231293796694477, 'alpha': 0.5431396504147108, 'beta': 1.6359800101718294, 'rho': 0.1536282766541045, 'ants': 15}) and found best instance after 42.703125 seconds.
E1: {(154, 155), (154, 158), (196, 228), (243, 251), (146, 154), (155, 187), (206, 238), (3, 19), (114, 115), (114, 118), (19, 27), (30, 158), (76, 204), (249, 251), (36, 52), (52, 54), (116, 118), (29, 31), (221, 253), (52, 60), (144, 146), (142, 158), (39, 47), (19, 23), (187, 251), (27, 155), (213, 215), (213, 221), (54, 118), (47, 111), (76, 78), (132, 196), (249, 253), (47, 63), (2, 34), (158, 190), (43, 47), (142, 206), (113, 115), (78, 206), (2, 3), (115, 243), (196, 204), (30, 31), (31, 63), (250, 251), (209, 213)}
E2: {(58, 59), (243, 251), (125, 253), (101, 109), (176, 240), (48, 176), (115, 123), (253, 255), (249, 251), (109, 125), (6, 14), (240, 242), (202, 206), (10, 42), (220, 221), (147, 151), (221, 253), (14, 15), (216, 220), (14, 30), (31, 159), (57, 59), (10, 14), (115, 119), (123, 251), (134, 166), (30, 31), (144, 176), (249, 253), (13, 141), (59, 123), (250, 251), (226, 242), (42, 58), (14, 78), (78, 206), (242, 250), (109, 111), (13, 15), (151, 159), (6, 134)}
Obj: 25909

