Log for instance aco_tuning_out/inst21.txt.

Used ({'tau_0': 6.651155935593466e-06, 'xi': 0.0698190378741818, 'q0': 0.8638669115585977, 'alpha': 1.1622049190539232, 'beta': 1.595958584283492, 'rho': 0.31540247478897615, 'ants': 9}) and found best instance after 5.953125 seconds.
E1: {(166, 175), (81, 82), (226, 232), (226, 229), (99, 100), (228, 229), (20, 26), (29, 32), (29, 47), (171, 198), (20, 47), (100, 101), (175, 229), (152, 233), (45, 46), (174, 175), (200, 206), (223, 232), (83, 164), (171, 173), (82, 83), (180, 182), (164, 173), (81, 99), (191, 197), (46, 47), (20, 101), (64, 226), (17, 26), (164, 191), (197, 206), (174, 177), (81, 135), (206, 233), (174, 201), (14, 17), (99, 180), (198, 201)}
E2: {(226, 232), (39, 201), (162, 171), (212, 215), (99, 100), (20, 23), (171, 180), (23, 77), (159, 160), (207, 209), (29, 32), (171, 198), (153, 159), (20, 47), (100, 101), (75, 78), (205, 206), (117, 120), (45, 46), (39, 66), (200, 206), (223, 232), (160, 161), (72, 75), (28, 109), (209, 215), (211, 212), (180, 182), (89, 143), (46, 47), (77, 80), (58, 76), (209, 236), (135, 137), (20, 101), (66, 68), (31, 34), (64, 226), (117, 119), (28, 29), (205, 214), (31, 58), (91, 100), (192, 195), (26, 80), (76, 157), (21, 75), (117, 198), (201, 210), (137, 146), (205, 232), (21, 23), (192, 210), (0, 162), (59, 68), (72, 153), (119, 146), (207, 210), (99, 180), (152, 161), (143, 161), (47, 209), (76, 77), (214, 215), (43, 205), (28, 34), (25, 26)}
Obj: 36292

