Log for instance aco_tuning_out/inst18.txt.

Used ({'tau_0': 3.151708497185101e-06, 'xi': 0.05632693656731169, 'q0': 0.5279577748463967, 'alpha': 0.47226881213046684, 'beta': 1.430973702133798, 'rho': 0.06294574331706608, 'ants': 24}) and found best instance after 175.953125 seconds.
E1: {(193, 201), (99, 103), (81, 85), (58, 62), (5, 13), (150, 151), (1, 3), (252, 253), (102, 110), (62, 126), (45, 61), (85, 213), (209, 213), (13, 29), (197, 213), (26, 90), (193, 197), (61, 63), (151, 159), (147, 151), (245, 253), (31, 95), (39, 47), (31, 159), (9, 13), (46, 62), (1, 5), (22, 150), (29, 61), (213, 215), (102, 103), (47, 111), (110, 238), (32, 96), (151, 215), (32, 160), (47, 63), (66, 98), (98, 102), (213, 245), (6, 22), (46, 110), (80, 81), (26, 58), (57, 61), (62, 63), (31, 63), (96, 98), (54, 62)}
E2: {(28, 30), (100, 101), (240, 242), (83, 87), (24, 28), (81, 89), (80, 81), (12, 13), (60, 62), (114, 115), (115, 123), (168, 232), (62, 126), (40, 168), (184, 188), (66, 98), (76, 108), (188, 252), (98, 114), (172, 188), (54, 62), (154, 158), (86, 87), (5, 13), (12, 28), (161, 163), (78, 110), (12, 76), (245, 253), (221, 253), (114, 242), (76, 78), (110, 238), (98, 102), (51, 115), (46, 110), (150, 158), (100, 102), (168, 172), (210, 242), (160, 168), (72, 76), (252, 253), (102, 110), (30, 158), (160, 161), (83, 115), (142, 158), (9, 13), (46, 62), (81, 83), (60, 188), (113, 115)}
Obj: 28852

