Log for instance aco_tuning_out/inst09.txt.

Used ({'tau0': 7.405500650510694e-06, 'xi': 0.0538011928337849, 'q0': 0.7808066118135257, 'alpha': 1.9053416179409846, 'beta': 1.1675645378953803, 'rho': 0.23263286946707473, 'ants': 25}) and found best instance after 14.34375 seconds.
E1: {(171, 174), (55, 136), (166, 193), (151, 232), (159, 160), (1, 55), (171, 198), (153, 159), (75, 78), (5, 86), (117, 120), (218, 236), (223, 232), (83, 164), (136, 145), (171, 173), (72, 75), (99, 102), (164, 173), (118, 124), (86, 89), (43, 124), (0, 1), (55, 217), (118, 145), (196, 205), (174, 177), (99, 153), (193, 196), (151, 160), (117, 198), (205, 232), (72, 153), (217, 218), (135, 136), (5, 14), (124, 151), (83, 86), (117, 118), (157, 160)}
E2: {(166, 175), (5, 59), (212, 215), (151, 232), (21, 22), (150, 151), (50, 131), (5, 86), (172, 175), (97, 178), (223, 232), (96, 97), (83, 164), (130, 157), (163, 172), (164, 173), (86, 89), (22, 25), (0, 1), (48, 50), (50, 212), (21, 48), (205, 214), (196, 205), (128, 131), (130, 211), (123, 150), (128, 134), (205, 232), (1, 163), (150, 152), (120, 123), (96, 123), (130, 131), (172, 173), (5, 32), (195, 196), (83, 86), (214, 215), (45, 47), (175, 178), (177, 178), (47, 50)}
Obj: 32236

