Log for instance aco_tuning_out/inst09.txt.

Used ({'tau0': 9.387858024888234e-06, 'xi': 0.14290215705758647, 'q0': 0.4917258290014144, 'alpha': 1.0227666505205433, 'beta': 1.168523363313268, 'rho': 0.2926263236671505, 'ants': 22}) and found best instance after 26.96875 seconds.
E1: {(129, 156), (120, 129), (43, 205), (162, 171), (102, 129), (171, 177), (87, 89), (40, 41), (171, 198), (75, 78), (236, 242), (166, 220), (240, 242), (81, 87), (156, 157), (99, 102), (40, 202), (81, 99), (75, 156), (81, 135), (78, 240), (202, 205), (0, 162), (220, 223), (81, 162), (220, 229), (202, 229), (204, 205), (198, 204), (14, 41)}
E2: {(81, 82), (39, 201), (162, 171), (171, 177), (29, 191), (29, 32), (171, 198), (25, 187), (166, 220), (189, 191), (152, 233), (39, 66), (82, 83), (157, 238), (209, 215), (232, 241), (214, 241), (120, 201), (66, 68), (191, 209), (134, 215), (238, 241), (187, 214), (220, 223), (0, 162), (59, 68), (81, 162), (220, 238), (211, 238), (47, 209), (83, 89), (214, 215), (45, 47), (189, 195), (198, 201), (189, 198), (232, 233)}
Obj: 28093

