Log for instance aco_tuning_out/inst12.txt.

Used ({'tau0': 9.926534885232458e-06, 'xi': 0.06692036828162971, 'q0': 0.3019379808030227, 'alpha': 1.9521308295520166, 'beta': 1.4674217120935573, 'rho': 0.15756254670228562, 'ants': 22}) and found best instance after 36.046875 seconds.
E1: {(166, 175), (175, 202), (118, 119), (5, 86), (172, 175), (201, 202), (0, 18), (120, 201), (118, 124), (86, 89), (3, 21), (173, 182), (43, 124), (86, 113), (109, 118), (110, 113), (110, 119), (128, 134), (18, 21), (91, 118), (108, 110), (202, 211), (3, 5), (110, 128), (108, 189), (18, 45), (21, 102), (172, 173), (5, 32), (189, 195), (91, 172)}
E2: {(231, 240), (45, 126), (37, 64), (5, 59), (167, 176), (234, 236), (135, 153), (5, 86), (176, 203), (240, 242), (223, 232), (200, 203), (37, 118), (154, 157), (202, 203), (16, 25), (40, 202), (99, 102), (118, 124), (86, 89), (43, 124), (118, 127), (134, 215), (99, 126), (13, 16), (166, 167), (153, 234), (231, 232), (109, 118), (5, 167), (177, 231), (99, 153), (78, 240), (202, 211), (13, 40), (215, 242), (150, 152), (126, 127), (153, 154), (234, 240), (150, 231), (5, 32), (37, 40)}
Obj: 30701

