Log for instance aco_tuning_out/inst12.txt.

Used ({'tau0': 5.984400518709856e-06, 'xi': 0.13241385165248287, 'q0': 0.4542903648549634, 'alpha': 0.4898957854025313, 'beta': 0.29966337375676566, 'rho': 0.06680927871977722, 'ants': 9}) and found best instance after 183.703125 seconds.
E1: {(33, 42), (84, 87), (93, 120), (6, 33), (31, 32), (33, 51), (87, 89), (84, 93), (84, 102), (101, 182), (112, 130), (85, 112), (6, 87), (45, 51), (109, 112), (128, 131), (130, 211), (128, 134), (42, 43), (82, 85), (82, 91), (85, 166), (84, 85), (130, 131), (0, 6), (101, 128), (33, 195), (31, 112)}
E2: {(231, 240), (58, 59), (166, 184), (55, 136), (21, 22), (31, 32), (76, 238), (199, 205), (134, 161), (161, 242), (236, 242), (240, 242), (223, 232), (22, 184), (232, 241), (89, 143), (22, 25), (58, 76), (21, 48), (238, 241), (31, 58), (45, 48), (240, 241), (177, 231), (55, 58), (76, 157), (78, 240), (55, 64), (109, 136), (205, 232), (22, 76), (199, 200), (135, 136), (152, 161), (211, 238), (21, 102), (143, 161), (43, 205)}
Obj: 28939

