Log for instance aco_tuning_out/inst18.txt.

Used ({'tau0': 1.6998009274389792e-06, 'xi': 0.07574288908876978, 'q0': 0.3437997878588728, 'alpha': 0.9960324515524092, 'beta': 0.6033193519507508, 'rho': 0.22849098583736227, 'ants': 30}) and found best instance after 49.609375 seconds.
E1: {(197, 205), (99, 103), (82, 90), (150, 151), (0, 2), (128, 160), (2, 66), (1, 3), (1, 9), (244, 252), (85, 213), (197, 213), (45, 61), (201, 205), (110, 126), (61, 63), (147, 151), (46, 47), (80, 82), (31, 95), (22, 150), (31, 159), (39, 47), (22, 54), (1, 5), (103, 111), (244, 245), (29, 61), (213, 215), (47, 111), (151, 215), (110, 238), (47, 63), (42, 46), (6, 22), (213, 245), (46, 110), (42, 58), (0, 128), (57, 61), (2, 3), (2, 6), (66, 82), (31, 63), (151, 159), (209, 213)}
E2: {(168, 172), (160, 168), (168, 184), (163, 179), (40, 44), (44, 60), (40, 41), (114, 115), (82, 114), (210, 214), (28, 30), (114, 118), (115, 123), (78, 110), (5, 37), (244, 252), (168, 232), (9, 41), (110, 126), (33, 41), (44, 108), (82, 86), (124, 125), (44, 172), (28, 60), (93, 125), (150, 214), (80, 82), (14, 30), (138, 142), (244, 245), (66, 74), (54, 118), (138, 154), (72, 74), (110, 238), (24, 28), (33, 37), (240, 244), (108, 110), (82, 210), (60, 124), (51, 115), (124, 252), (51, 179), (118, 126), (113, 115), (14, 142), (89, 93), (37, 101), (66, 82), (93, 221)}
Obj: 29309

