Log for instance aco_tuning_out/inst15.txt.

Used ({'tau0': 2.0274933728523487e-06, 'xi': 0.13405703789383258, 'q0': 0.526091823657158, 'alpha': 1.6793374858698646, 'beta': 0.6970800710605479, 'rho': 0.13613590490376215, 'ants': 11}) and found best instance after 7.921875 seconds.
E1: {(19, 46), (64, 145), (195, 204), (205, 206), (200, 206), (154, 157), (136, 145), (154, 160), (204, 231), (136, 154), (51, 52), (228, 231), (52, 133), (19, 20), (205, 214), (177, 231), (109, 136), (46, 52), (91, 145), (133, 160), (51, 78), (204, 205), (43, 205), (20, 182), (52, 214)}
E2: {(166, 175), (109, 190), (48, 210), (5, 59), (87, 141), (175, 202), (37, 64), (87, 89), (199, 202), (190, 199), (135, 141), (167, 176), (210, 211), (75, 78), (20, 47), (195, 213), (48, 75), (201, 202), (186, 213), (81, 84), (81, 87), (177, 186), (209, 236), (210, 213), (48, 50), (19, 20), (175, 176), (45, 48), (5, 167), (14, 176), (201, 210), (53, 134), (50, 53), (3, 5), (201, 228), (199, 200), (37, 199), (0, 3), (3, 84), (47, 209), (5, 32), (19, 25), (37, 43), (20, 182), (47, 50)}
Obj: 28088

