Log for instance aco_tuning_out/inst06.txt.

Used ({'tau_0': 5.7232384546733595e-06, 'xi': 0.1429672685027304, 'q0': 0.57445047410033, 'alpha': 1.4195433954167913, 'beta': 1.4047255855017542, 'rho': 0.4106053256096564, 'ants': 31}) and found best instance after 21.875 seconds.
E1: {(128, 130), (192, 200), (232, 248), (220, 222), (84, 212), (165, 167), (206, 238), (210, 211), (39, 167), (89, 217), (0, 8), (82, 114), (1, 3), (121, 249), (8, 24), (212, 220), (206, 207), (53, 181), (128, 129), (174, 175), (14, 46), (240, 248), (6, 14), (166, 174), (174, 190), (82, 83), (206, 222), (220, 221), (173, 237), (105, 121), (248, 249), (165, 181), (83, 87), (172, 174), (85, 87), (166, 167), (217, 249), (174, 238), (45, 173), (135, 167), (128, 192), (180, 181), (84, 85), (173, 175), (200, 232), (46, 174), (23, 87), (217, 221), (78, 206), (0, 128), (1, 129), (83, 211)}
E2: {(140, 156), (193, 195), (193, 201), (32, 34), (32, 40), (188, 190), (98, 226), (18, 26), (118, 119), (193, 225), (1, 3), (114, 118), (34, 98), (156, 188), (68, 69), (69, 101), (187, 191), (174, 175), (166, 174), (197, 213), (231, 239), (174, 190), (193, 197), (32, 36), (25, 89), (25, 153), (26, 90), (188, 189), (180, 188), (170, 171), (212, 213), (1, 5), (17, 145), (129, 145), (32, 96), (175, 191), (145, 153), (66, 98), (2, 34), (163, 171), (213, 245), (4, 68), (4, 132), (98, 114), (69, 197), (171, 187), (129, 193), (1, 129), (2, 3), (2, 18), (132, 140), (159, 191), (175, 239)}
Obj: 31548

