Log for instance aco_tuning_out/inst30.txt.

Used ({'tau_0': 1.8744203829802787e-06, 'xi': 0.06974601013646063, 'q0': 0.6646227429685135, 'alpha': 0.837812461347453, 'beta': 0.9110718814664547, 'rho': 0.3627109167529502, 'ants': 14}) and found best instance after 8.125 seconds.
E1: {(123, 204), (226, 229), (39, 201), (162, 171), (171, 177), (125, 134), (208, 211), (190, 199), (171, 198), (190, 208), (195, 204), (125, 152), (13, 14), (198, 200), (30, 39), (40, 202), (118, 127), (209, 236), (64, 226), (198, 199), (30, 32), (201, 204), (109, 127), (91, 118), (0, 162), (13, 40), (21, 23), (208, 209), (23, 26), (14, 23), (39, 40), (202, 229), (21, 102), (123, 125), (118, 199), (198, 201), (25, 26), (120, 123)}
E2: {(81, 82), (162, 165), (39, 201), (99, 100), (162, 168), (66, 228), (159, 160), (135, 153), (236, 242), (151, 152), (63, 64), (39, 66), (240, 242), (24, 26), (83, 164), (82, 83), (154, 160), (99, 105), (165, 166), (164, 173), (81, 99), (24, 105), (168, 195), (173, 182), (134, 215), (173, 200), (174, 177), (151, 160), (63, 72), (82, 91), (0, 162), (215, 242), (45, 72), (72, 153), (81, 162), (165, 174), (174, 201), (82, 109), (153, 154), (100, 154), (159, 240), (157, 160), (25, 26)}
Obj: 34303

