Log for instance aco_tuning_out/inst03.txt.

Used ({'tau0': 5.432541354150304e-06, 'xi': 0.1098768506848867, 'q0': 0.588663995987506, 'alpha': 1.0903417143977059, 'beta': 1.0292353817624138, 'rho': 0.37868431591672963, 'ants': 31}) and found best instance after 29.125 seconds.
E1: {(76, 92), (232, 236), (101, 103), (211, 219), (118, 119), (210, 211), (17, 21), (36, 37), (37, 39), (207, 239), (76, 204), (202, 203), (147, 151), (21, 149), (20, 28), (113, 241), (17, 81), (149, 151), (149, 157), (9, 25), (54, 118), (65, 81), (24, 25), (240, 241), (24, 28), (37, 53), (147, 211), (203, 207), (20, 21), (171, 175), (204, 236), (203, 219), (228, 236), (171, 187), (25, 57), (81, 113), (103, 119), (135, 151), (28, 92), (37, 101), (157, 221), (21, 53), (195, 211), (68, 76), (175, 239)}
E2: {(192, 194), (177, 181), (55, 63), (32, 34), (15, 143), (193, 201), (32, 40), (98, 226), (107, 235), (108, 109), (4, 6), (43, 107), (181, 245), (216, 218), (17, 21), (34, 98), (172, 236), (53, 181), (192, 193), (6, 14), (0, 32), (32, 33), (193, 197), (32, 36), (4, 5), (180, 182), (154, 218), (108, 236), (32, 48), (14, 15), (5, 21), (194, 226), (0, 4), (143, 159), (45, 109), (53, 55), (32, 160), (137, 201), (166, 182), (180, 181), (194, 198), (98, 99), (107, 111), (99, 107), (194, 210), (4, 132), (98, 114), (107, 123), (218, 222), (9, 137), (210, 218), (109, 111), (21, 53), (150, 182)}
Obj: 30513

