Log for instance aco_tuning_out/inst06.txt.

Used ({'tau0': 6.293660666238772e-06, 'xi': 0.0765998967889499, 'q0': 0.6265340995784354, 'alpha': 0.31196112568590606, 'beta': 0.6324794380700602, 'rho': 0.3069899243645694, 'ants': 19}) and found best instance after 144.375 seconds.
E1: {(232, 236), (7, 23), (3, 7), (220, 222), (237, 253), (192, 224), (87, 95), (82, 114), (1, 3), (172, 236), (78, 110), (91, 95), (212, 220), (174, 175), (166, 174), (45, 61), (174, 190), (82, 83), (105, 109), (224, 240), (220, 221), (180, 188), (221, 253), (78, 79), (89, 91), (83, 87), (172, 174), (236, 238), (28, 29), (29, 61), (85, 87), (134, 166), (45, 109), (6, 7), (109, 237), (53, 61), (110, 238), (249, 253), (24, 28), (82, 210), (79, 95), (134, 135), (46, 110), (23, 87), (7, 39), (130, 134), (236, 237), (1, 129), (172, 188), (224, 232), (79, 207)}
E2: {(90, 91), (193, 195), (193, 201), (32, 34), (162, 226), (188, 190), (32, 40), (193, 225), (87, 95), (225, 227), (196, 197), (2, 66), (1, 3), (156, 188), (187, 191), (91, 95), (166, 174), (174, 175), (197, 213), (87, 119), (96, 97), (174, 190), (193, 197), (32, 36), (162, 170), (188, 189), (180, 188), (89, 91), (31, 95), (97, 101), (31, 159), (212, 213), (1, 5), (132, 196), (68, 196), (1, 17), (226, 227), (32, 96), (162, 166), (175, 191), (162, 163), (2, 34), (213, 245), (129, 193), (1, 129), (97, 225), (227, 231), (2, 18), (159, 191)}
Obj: 29131

