Log for instance aco_tuning_out/inst18.txt.

Used ({'tau0': 5.072339472437726e-06, 'xi': 0.06750660483788565, 'q0': 0.39673942663117334, 'alpha': 1.3764884196051321, 'beta': 0.7955077619397278, 'rho': 0.4521931615046479, 'ants': 17}) and found best instance after 11.71875 seconds.
E1: {(128, 136), (136, 137), (200, 201), (99, 103), (200, 216), (6, 134), (86, 87), (216, 218), (87, 95), (252, 253), (1, 3), (221, 223), (34, 162), (102, 110), (85, 213), (197, 213), (209, 213), (45, 61), (136, 200), (81, 209), (10, 42), (61, 63), (90, 218), (86, 118), (245, 253), (221, 253), (159, 223), (29, 31), (31, 95), (0, 1), (103, 111), (39, 47), (1, 5), (2, 10), (85, 87), (102, 103), (70, 102), (54, 118), (110, 238), (47, 63), (81, 83), (2, 34), (147, 211), (213, 245), (46, 110), (118, 126), (42, 58), (80, 81), (66, 70), (57, 61), (70, 86), (134, 150), (2, 3), (0, 128), (9, 137), (2, 6), (83, 211), (6, 70), (160, 162), (215, 223), (47, 111)}
E2: {(64, 66), (128, 136), (136, 137), (64, 72), (232, 236), (236, 252), (156, 158), (246, 247), (101, 103), (152, 154), (228, 244), (40, 44), (161, 163), (210, 214), (114, 115), (252, 253), (114, 118), (156, 188), (115, 123), (172, 236), (30, 158), (224, 228), (160, 161), (18, 19), (25, 89), (19, 51), (18, 22), (64, 80), (245, 247), (150, 214), (221, 253), (118, 246), (22, 86), (0, 1), (142, 158), (152, 156), (1, 5), (236, 238), (76, 78), (9, 25), (54, 118), (24, 25), (184, 188), (110, 238), (160, 224), (240, 244), (108, 110), (76, 108), (44, 46), (214, 246), (70, 71), (71, 103), (118, 126), (60, 188), (228, 236), (113, 115), (150, 158), (0, 64), (46, 110), (66, 70), (0, 128), (70, 86), (9, 137), (86, 118), (172, 188)}
Obj: 36034

