Log for instance aco_tuning_out/inst21.txt.

Used ({'tau_0': 4.5971794894411765e-06, 'xi': 0.07935886436067696, 'q0': 0.6133148179425765, 'alpha': 0.959591163017489, 'beta': 1.7442602148622774, 'rho': 0.32248764047634604, 'ants': 29}) and found best instance after 32.625 seconds.
E1: {(226, 232), (3, 4), (189, 216), (20, 23), (66, 228), (179, 233), (66, 75), (72, 234), (152, 233), (189, 191), (200, 206), (223, 232), (72, 75), (191, 197), (3, 21), (64, 226), (135, 216), (197, 206), (4, 166), (177, 179), (21, 75), (21, 23), (206, 233), (45, 72), (32, 50), (14, 23), (216, 234), (23, 50), (20, 182), (232, 233)}
E2: {(83, 110), (145, 146), (54, 135), (119, 200), (118, 119), (0, 54), (139, 157), (33, 51), (38, 41), (38, 47), (64, 145), (4, 85), (40, 41), (20, 47), (109, 110), (223, 232), (20, 74), (51, 52), (25, 52), (57, 59), (85, 139), (38, 119), (118, 145), (39, 120), (205, 214), (45, 51), (54, 57), (72, 74), (110, 119), (91, 118), (54, 72), (211, 214), (205, 232), (13, 40), (146, 152), (45, 72), (32, 41), (74, 236), (4, 13), (39, 40), (51, 78), (83, 89), (33, 195), (43, 205), (20, 182), (52, 214)}
Obj: 30570

