Log for instance aco_tuning_out/inst21.txt.

Used ({'tau0': 8.524494344253886e-06, 'xi': 0.09819260408139344, 'q0': 0.8088391626043536, 'alpha': 1.5978494389623978, 'beta': 0.3615392099783453, 'rho': 0.32122496368584613, 'ants': 32}) and found best instance after 17.75 seconds.
E1: {(166, 175), (185, 188), (226, 229), (175, 202), (228, 229), (137, 218), (217, 223), (176, 185), (217, 226), (167, 185), (218, 227), (74, 155), (174, 175), (182, 188), (200, 227), (135, 137), (64, 226), (175, 176), (174, 177), (5, 167), (72, 74), (14, 176), (146, 155), (137, 146), (146, 152), (45, 72), (217, 218), (202, 229), (5, 32)}
E2: {(4, 58), (58, 59), (162, 171), (139, 148), (139, 157), (137, 218), (208, 211), (176, 185), (83, 137), (217, 220), (218, 227), (75, 78), (190, 208), (190, 217), (227, 236), (30, 33), (64, 65), (22, 184), (83, 164), (171, 173), (30, 39), (72, 75), (28, 109), (164, 173), (86, 89), (58, 76), (200, 227), (135, 137), (139, 220), (31, 34), (164, 182), (94, 148), (91, 94), (39, 120), (30, 32), (175, 176), (175, 178), (72, 74), (184, 185), (137, 146), (220, 223), (205, 232), (0, 162), (146, 152), (45, 72), (22, 76), (178, 232), (217, 218), (58, 139), (4, 31), (75, 76), (19, 25), (19, 22), (83, 86), (65, 74), (43, 205), (28, 34), (30, 31), (33, 195)}
Obj: 31705

