Log for instance aco_tuning_out/inst15.txt.

Used ({'tau0': 9.701809206152345e-06, 'xi': 0.09407325991753526, 'q0': 0.3044948820351523, 'alpha': 1.8442079342859672, 'beta': 1.893720745386587, 'rho': 0.3120024078765271, 'ants': 29}) and found best instance after 24.515625 seconds.
E1: {(165, 219), (165, 167), (180, 186), (167, 170), (200, 209), (157, 238), (209, 215), (177, 186), (214, 241), (219, 228), (78, 79), (116, 197), (195, 197), (115, 116), (182, 209), (238, 241), (205, 214), (109, 115), (91, 100), (197, 215), (64, 73), (180, 181), (73, 79), (181, 182), (79, 241), (214, 215), (43, 205), (170, 197), (100, 181)}
E2: {(18, 72), (219, 220), (58, 59), (109, 190), (208, 211), (190, 196), (40, 41), (107, 134), (190, 208), (135, 153), (23, 104), (166, 220), (58, 220), (45, 46), (89, 107), (24, 78), (200, 209), (177, 186), (21, 24), (58, 67), (219, 228), (209, 236), (104, 107), (182, 209), (24, 25), (40, 67), (46, 208), (37, 43), (18, 21), (64, 67), (21, 23), (32, 41), (45, 72), (72, 153), (208, 209), (14, 23), (24, 186), (195, 196), (37, 40), (0, 18), (37, 46)}
Obj: 29157

