Log for instance aco_tuning_out/inst24.txt.

Used ({'tau_0': 6.7016855702575265e-06, 'xi': 0.11061032973207813, 'q0': 0.8522979141088549, 'alpha': 0.9933756089527778, 'beta': 1.0108153997499625, 'rho': 0.20257431029412304, 'ants': 17}) and found best instance after 16.25 seconds.
E1: {(76, 92), (58, 59), (171, 235), (243, 251), (146, 154), (58, 62), (99, 103), (44, 45), (43, 107), (12, 13), (43, 171), (0, 2), (176, 240), (40, 44), (252, 253), (2, 130), (122, 250), (62, 126), (249, 251), (62, 190), (146, 147), (10, 42), (44, 108), (147, 151), (12, 76), (221, 253), (176, 178), (57, 59), (139, 171), (34, 42), (2, 10), (106, 122), (144, 176), (249, 253), (130, 162), (13, 141), (250, 251), (76, 108), (162, 178), (99, 107), (71, 103), (42, 58), (43, 59), (40, 42), (90, 122), (122, 126), (130, 146), (13, 15), (160, 162), (151, 159)}
E2: {(183, 191), (90, 91), (193, 195), (58, 62), (5, 7), (60, 62), (237, 253), (103, 231), (187, 191), (121, 249), (221, 223), (253, 255), (53, 181), (85, 213), (7, 71), (62, 126), (197, 213), (193, 197), (10, 42), (180, 182), (147, 151), (181, 183), (221, 253), (176, 178), (191, 255), (165, 181), (89, 91), (2, 10), (106, 122), (230, 231), (213, 215), (63, 191), (144, 176), (249, 253), (120, 121), (151, 215), (226, 230), (175, 191), (166, 182), (180, 181), (228, 230), (2, 34), (62, 63), (222, 223), (71, 103), (42, 58), (176, 180), (90, 122), (122, 126), (114, 122), (166, 230), (215, 223)}
Obj: 28581

