Log for instance aco_tuning_out/inst06.txt.

Used ({'tau0': 1.8744203829802787e-06, 'xi': 0.06974601013646063, 'q0': 0.6646227429685135, 'alpha': 0.837812461347453, 'beta': 0.9110718814664547, 'rho': 0.3627109167529502, 'ants': 14}) and found best instance after 16.484375 seconds.
E1: {(192, 200), (47, 175), (210, 242), (108, 109), (4, 6), (180, 244), (133, 135), (206, 238), (133, 141), (237, 253), (5, 13), (86, 87), (129, 131), (87, 95), (1, 3), (172, 236), (91, 95), (206, 207), (76, 204), (174, 175), (85, 213), (45, 61), (240, 242), (174, 190), (13, 29), (105, 109), (206, 222), (82, 83), (82, 86), (4, 5), (221, 253), (89, 91), (129, 133), (39, 47), (212, 213), (1, 5), (172, 174), (114, 242), (28, 29), (29, 61), (76, 78), (213, 221), (85, 87), (53, 61), (110, 238), (249, 253), (24, 28), (13, 141), (240, 244), (166, 182), (82, 210), (204, 236), (76, 108), (46, 110), (182, 190), (200, 232), (23, 87), (78, 206), (130, 131), (236, 237), (45, 47), (200, 204)}
E2: {(90, 91), (193, 195), (193, 201), (132, 164), (188, 190), (98, 226), (163, 179), (133, 141), (86, 87), (164, 180), (40, 44), (87, 95), (173, 189), (161, 163), (2, 66), (1, 3), (156, 188), (179, 187), (91, 95), (196, 212), (197, 213), (143, 175), (166, 230), (193, 197), (129, 161), (243, 247), (44, 108), (188, 189), (226, 234), (89, 91), (129, 133), (97, 101), (143, 159), (212, 213), (1, 5), (132, 196), (68, 196), (1, 17), (199, 231), (36, 164), (119, 247), (226, 230), (2, 34), (66, 98), (213, 245), (76, 108), (141, 143), (5, 133), (129, 193), (66, 70), (70, 86), (179, 243), (161, 225), (2, 3), (97, 225), (141, 173), (197, 199), (2, 18), (170, 234), (68, 76), (96, 98)}
Obj: 35999

