Log for instance aco_tuning_out/inst27.txt.

Used ({'tau_0': 7.812894719628246e-06, 'xi': 0.0766649900567211, 'q0': 0.3937027431240757, 'alpha': 1.3517471324904988, 'beta': 1.9563494025351882, 'rho': 0.17338412974172868, 'ants': 20}) and found best instance after 17.90625 seconds.
E1: {(55, 63), (25, 29), (27, 59), (60, 62), (206, 238), (215, 247), (186, 250), (205, 221), (76, 204), (23, 55), (100, 116), (62, 190), (145, 209), (128, 132), (59, 63), (243, 247), (25, 153), (116, 118), (128, 144), (14, 30), (39, 47), (113, 241), (76, 78), (54, 118), (36, 100), (100, 228), (241, 243), (25, 27), (241, 249), (47, 63), (145, 153), (54, 62), (59, 187), (35, 43), (144, 145), (30, 62), (142, 206), (43, 59), (14, 142), (78, 206), (154, 186), (34, 35), (209, 241), (186, 190), (3, 35), (204, 205), (62, 63), (47, 111)}
E2: {(119, 127), (58, 59), (50, 58), (38, 166), (153, 217), (242, 243), (34, 50), (123, 127), (240, 242), (6, 14), (194, 202), (125, 127), (93, 125), (6, 38), (101, 117), (127, 255), (216, 217), (48, 50), (57, 59), (14, 15), (14, 30), (194, 226), (10, 14), (115, 119), (117, 125), (13, 15), (13, 141), (111, 127), (145, 153), (59, 123), (145, 147), (226, 242), (144, 145), (217, 221), (34, 38), (115, 243), (242, 250), (93, 221)}
Obj: 26379

