Log for instance aco_tuning_out/inst21.txt.

Used ({'tau0': 3.0612586277534457e-06, 'xi': 0.1329622135219483, 'q0': 0.7756772068120196, 'alpha': 1.8931956829423289, 'beta': 1.9972080014998133, 'rho': 0.18753105830604566, 'ants': 22}) and found best instance after 20.515625 seconds.
E1: {(166, 175), (226, 229), (39, 201), (162, 171), (175, 202), (162, 168), (66, 228), (29, 32), (144, 147), (171, 198), (29, 47), (198, 200), (39, 66), (174, 175), (223, 232), (209, 215), (168, 177), (144, 146), (135, 137), (64, 226), (182, 209), (205, 214), (175, 176), (66, 147), (14, 176), (137, 146), (202, 205), (205, 232), (146, 152), (174, 201), (202, 229), (47, 209), (214, 215), (45, 47), (198, 201)}
E2: {(43, 205), (226, 232), (58, 59), (162, 171), (199, 205), (49, 50), (83, 137), (171, 198), (78, 159), (236, 242), (125, 152), (198, 200), (97, 178), (223, 232), (240, 242), (96, 97), (83, 164), (171, 173), (82, 83), (49, 211), (164, 173), (86, 89), (25, 52), (58, 76), (135, 137), (173, 182), (64, 226), (50, 212), (198, 199), (205, 214), (196, 205), (91, 97), (49, 76), (76, 157), (178, 205), (205, 232), (0, 162), (47, 50), (215, 242), (32, 50), (120, 123), (96, 123), (82, 109), (159, 240), (123, 125), (195, 196), (83, 86), (214, 215), (45, 47), (212, 215), (52, 214)}
Obj: 32357

