Log for instance aco_tuning_out/inst12.txt.

Used ({'tau_0': 6.293660666238772e-06, 'xi': 0.0765998967889499, 'q0': 0.6265340995784354, 'alpha': 0.31196112568590606, 'beta': 0.6324794380700602, 'rho': 0.3069899243645694, 'ants': 19}) and found best instance after 39.734375 seconds.
E1: {(111, 120), (106, 133), (166, 193), (32, 113), (43, 52), (87, 89), (0, 2), (100, 101), (2, 20), (105, 106), (51, 52), (133, 134), (20, 101), (52, 133), (112, 193), (100, 106), (45, 51), (111, 112), (109, 112), (91, 100), (193, 211), (112, 113), (87, 105), (102, 105), (87, 114), (114, 195), (20, 182), (111, 114)}
E2: {(83, 110), (226, 232), (84, 87), (166, 193), (151, 232), (87, 89), (29, 32), (84, 102), (109, 110), (227, 236), (151, 152), (24, 78), (157, 160), (223, 232), (81, 84), (79, 160), (21, 24), (200, 227), (64, 226), (29, 110), (25, 79), (24, 25), (226, 227), (81, 135), (151, 160), (128, 134), (18, 21), (81, 83), (202, 205), (193, 202), (205, 232), (110, 128), (193, 211), (178, 232), (32, 59), (18, 45), (21, 102), (43, 205), (177, 178)}
Obj: 29430

