Log for instance aco_tuning_out/inst27.txt.

Used ({'tau_0': 7.405500650510694e-06, 'xi': 0.0538011928337849, 'q0': 0.7808066118135257, 'alpha': 1.9053416179409846, 'beta': 1.1675645378953803, 'rho': 0.23263286946707473, 'ants': 25}) and found best instance after 11.8125 seconds.
E1: {(71, 87), (99, 103), (105, 107), (196, 228), (108, 109), (155, 187), (146, 154), (4, 6), (147, 155), (211, 219), (99, 115), (43, 171), (60, 62), (39, 103), (87, 95), (114, 115), (187, 191), (4, 36), (114, 118), (186, 250), (76, 204), (14, 46), (174, 175), (249, 251), (6, 14), (174, 190), (146, 147), (105, 109), (142, 143), (147, 151), (29, 31), (221, 253), (144, 146), (31, 95), (112, 114), (31, 159), (143, 159), (46, 62), (10, 14), (2, 10), (27, 155), (132, 196), (54, 118), (209, 211), (110, 238), (249, 253), (175, 191), (147, 211), (2, 34), (107, 111), (76, 108), (99, 107), (46, 110), (71, 103), (23, 87), (171, 187), (87, 215), (113, 115), (186, 187), (112, 116), (2, 3), (219, 251), (196, 204), (62, 63), (30, 31), (31, 63), (151, 159)}
E2: {(105, 107), (58, 59), (15, 143), (243, 251), (108, 109), (27, 59), (4, 6), (147, 155), (125, 253), (216, 218), (176, 240), (87, 95), (97, 105), (244, 246), (48, 176), (251, 255), (198, 206), (56, 58), (93, 95), (87, 119), (230, 238), (6, 14), (238, 254), (202, 206), (105, 109), (10, 42), (147, 151), (198, 230), (202, 218), (93, 125), (221, 253), (31, 95), (97, 101), (31, 159), (143, 159), (234, 238), (10, 14), (132, 196), (27, 155), (76, 78), (234, 250), (144, 176), (56, 57), (240, 244), (226, 230), (230, 246), (59, 123), (76, 108), (107, 111), (141, 143), (42, 58), (4, 132), (254, 255), (78, 206), (196, 198), (166, 230), (30, 31), (151, 159)}
Obj: 34508

