Log for instance aco_tuning_out/inst12.txt.

Used ({'tau0': 2.693231228771534e-06, 'xi': 0.06741045013783678, 'q0': 0.34341334065428447, 'alpha': 1.6251653731737596, 'beta': 0.8948148014172467, 'rho': 0.1267448319977672, 'ants': 32}) and found best instance after 34.1875 seconds.
E1: {(40, 41), (84, 102), (162, 189), (101, 182), (112, 121), (100, 101), (85, 103), (81, 84), (189, 195), (85, 112), (211, 212), (84, 86), (86, 89), (40, 43), (48, 50), (100, 103), (50, 212), (45, 48), (91, 100), (109, 112), (120, 121), (128, 134), (85, 166), (0, 162), (41, 50), (84, 85), (32, 41), (81, 162), (101, 128), (40, 121)}
E2: {(28, 46), (58, 59), (28, 55), (125, 134), (31, 32), (84, 102), (125, 152), (34, 43), (45, 46), (85, 88), (81, 84), (200, 209), (223, 241), (157, 238), (209, 215), (168, 177), (85, 112), (214, 241), (88, 169), (78, 79), (209, 236), (31, 34), (134, 215), (238, 241), (31, 58), (109, 112), (25, 79), (88, 89), (81, 135), (55, 64), (85, 166), (84, 85), (169, 223), (211, 238), (79, 241), (214, 215), (31, 112), (28, 34), (168, 169)}
Obj: 29784

