Log for instance aco_tuning_out/inst21.txt.

Used ({'tau0': 3.151708497185101e-06, 'xi': 0.05632693656731169, 'q0': 0.5279577748463967, 'alpha': 0.47226881213046684, 'beta': 1.430973702133798, 'rho': 0.06294574331706608, 'ants': 24}) and found best instance after 301.578125 seconds.
E1: {(171, 180), (29, 32), (171, 198), (27, 36), (27, 45), (55, 61), (174, 201), (199, 200), (27, 29), (166, 169), (61, 223), (28, 55), (55, 136), (171, 177), (38, 41), (180, 182), (36, 198), (146, 152), (36, 38), (145, 146), (171, 174), (7, 169), (136, 145), (28, 29), (7, 61), (14, 41), (64, 145), (198, 199), (201, 228), (135, 136)}
E2: {(171, 180), (159, 160), (29, 32), (171, 198), (200, 206), (64, 226), (123, 132), (27, 36), (27, 45), (0, 9), (27, 29), (81, 82), (28, 55), (87, 141), (55, 136), (139, 142), (78, 159), (143, 224), (136, 139), (81, 84), (82, 83), (79, 160), (36, 198), (209, 236), (197, 206), (25, 79), (181, 182), (145, 226), (208, 209), (141, 142), (208, 211), (139, 157), (27, 28), (142, 223), (198, 200), (136, 145), (86, 89), (195, 197), (82, 91), (180, 181), (132, 159), (197, 224), (58, 139), (143, 152), (83, 86), (37, 43), (9, 36), (120, 123), (58, 59), (84, 87), (36, 37), (200, 209), (141, 159), (135, 136), (82, 109)}
Obj: 31932

