Log for instance aco_tuning_out/inst06.txt.

Used ({'tau0': 5.572049615801917e-06, 'xi': 0.06325004225542018, 'q0': 0.8461092587771804, 'alpha': 1.389681207393384, 'beta': 0.3366413033928038, 'rho': 0.4612946765120627, 'ants': 22}) and found best instance after 11.265625 seconds.
E1: {(177, 181), (105, 107), (81, 85), (243, 247), (31, 95), (179, 183), (31, 159), (29, 61), (166, 167), (1, 17), (240, 244), (24, 28), (232, 233), (55, 63), (243, 251), (70, 198), (210, 211), (1, 3), (66, 194), (206, 207), (249, 251), (245, 247), (165, 181), (129, 145), (135, 167), (249, 253), (98, 114), (66, 70), (39, 55), (47, 111), (165, 167), (12, 28), (87, 95), (130, 194), (91, 95), (78, 110), (174, 175), (45, 61), (12, 76), (221, 253), (49, 113), (49, 177), (143, 159), (212, 213), (172, 174), (244, 245), (28, 29), (76, 78), (55, 183), (110, 238), (105, 233), (180, 181), (12, 14), (46, 110), (23, 87), (78, 206), (115, 243), (19, 83), (62, 63), (192, 194), (237, 253), (198, 206), (53, 181), (85, 213), (143, 175), (6, 14), (174, 190), (83, 115), (206, 222), (89, 91), (39, 47), (17, 81), (46, 62), (19, 23), (17, 145), (81, 83), (98, 99), (107, 111), (99, 107), (113, 115), (179, 243), (83, 211)}
E2: {(177, 181), (2, 66), (244, 246), (156, 188), (90, 218), (162, 170), (188, 189), (31, 95), (31, 159), (97, 113), (166, 167), (1, 17), (162, 163), (2, 34), (218, 222), (68, 70), (97, 225), (95, 127), (132, 164), (70, 198), (0, 2), (1, 3), (165, 181), (97, 101), (1, 5), (129, 145), (132, 196), (213, 215), (214, 222), (36, 164), (66, 98), (98, 114), (66, 70), (214, 215), (96, 98), (8, 40), (90, 91), (119, 127), (193, 195), (162, 226), (188, 190), (165, 167), (87, 95), (97, 105), (18, 50), (187, 191), (34, 162), (91, 95), (174, 175), (193, 197), (49, 113), (49, 177), (143, 159), (212, 213), (244, 245), (199, 231), (105, 233), (180, 181), (23, 87), (196, 198), (19, 83), (193, 201), (201, 233), (0, 8), (198, 206), (143, 175), (174, 190), (83, 115), (206, 222), (89, 91), (17, 81), (19, 23), (17, 145), (198, 199), (81, 83), (175, 191), (50, 114), (214, 246), (113, 115)}
Obj: 42072

