Log for instance aco_tuning_out/inst15.txt.

Used ({'tau0': 7.814861621349648e-06, 'xi': 0.138307434456488, 'q0': 0.43841983460807055, 'alpha': 1.339632899369741, 'beta': 1.2581696145841696, 'rho': 0.4518495513690369, 'ants': 15}) and found best instance after 6.46875 seconds.
E1: {(37, 64), (162, 171), (171, 177), (162, 168), (66, 228), (171, 180), (171, 198), (36, 37), (198, 200), (39, 66), (136, 145), (145, 151), (79, 160), (180, 182), (36, 198), (168, 195), (78, 79), (118, 145), (36, 39), (151, 160), (109, 136), (91, 118), (37, 199), (118, 199), (157, 160), (37, 43)}
E2: {(188, 242), (185, 188), (47, 53), (162, 171), (162, 168), (171, 177), (194, 203), (166, 193), (185, 212), (176, 185), (171, 198), (178, 179), (43, 70), (16, 178), (236, 242), (198, 200), (26, 188), (176, 203), (162, 216), (240, 242), (193, 194), (162, 164), (136, 145), (145, 151), (211, 212), (168, 195), (35, 53), (164, 182), (70, 151), (26, 53), (35, 62), (135, 216), (89, 170), (16, 70), (174, 183), (168, 170), (64, 70), (14, 176), (53, 134), (109, 136), (78, 240), (0, 162), (59, 62), (32, 59), (179, 188), (174, 228), (45, 47), (170, 188), (183, 185), (25, 26)}
Obj: 28698

