Log for instance aco_tuning_out/inst30.txt.

Used ({'tau_0': 8.990632486830376e-06, 'xi': 0.09595706500151588, 'q0': 0.4417965567940394, 'alpha': 1.6457162341639056, 'beta': 1.8792939670585154, 'rho': 0.14228615039412212, 'ants': 30}) and found best instance after 50.65625 seconds.
E1: {(33, 42), (18, 20), (119, 200), (20, 23), (118, 119), (96, 177), (125, 134), (23, 77), (22, 23), (64, 145), (49, 50), (236, 239), (125, 152), (77, 239), (42, 44), (49, 211), (22, 25), (118, 145), (109, 118), (41, 44), (119, 125), (91, 118), (41, 50), (21, 23), (32, 41), (14, 23), (50, 77), (44, 125), (96, 123), (21, 102), (123, 125), (33, 195), (0, 18), (120, 123)}
E2: {(54, 135), (119, 200), (166, 193), (118, 119), (0, 54), (125, 134), (199, 202), (106, 160), (64, 145), (100, 101), (125, 152), (195, 204), (201, 202), (20, 74), (177, 204), (20, 101), (118, 145), (100, 106), (91, 100), (109, 118), (201, 204), (72, 74), (119, 125), (91, 118), (54, 72), (193, 202), (25, 106), (74, 236), (45, 72), (201, 228), (118, 199), (157, 160), (20, 182)}
Obj: 29579

