Log for instance aco_tuning_out/inst03.txt.

Used ({'tau_0': 8.990632486830376e-06, 'xi': 0.09595706500151588, 'q0': 0.4417965567940394, 'alpha': 1.6457162341639056, 'beta': 1.8792939670585154, 'rho': 0.14228615039412212, 'ants': 30}) and found best instance after 70.375 seconds.
E1: {(200, 201), (193, 195), (193, 201), (211, 219), (210, 211), (153, 217), (36, 37), (4, 36), (57, 185), (54, 55), (224, 228), (185, 187), (143, 175), (65, 97), (224, 240), (201, 217), (147, 151), (20, 28), (217, 219), (4, 20), (135, 143), (97, 101), (97, 113), (149, 151), (53, 55), (200, 202), (24, 28), (37, 53), (137, 201), (55, 119), (153, 185), (147, 211), (4, 68), (200, 232), (217, 221), (143, 207), (9, 137), (65, 193), (135, 151), (28, 92), (37, 101), (39, 55), (224, 232), (200, 204)}
E2: {(200, 201), (177, 181), (32, 34), (32, 40), (132, 164), (15, 143), (146, 154), (41, 43), (200, 216), (107, 235), (43, 107), (5, 7), (181, 245), (164, 180), (192, 224), (40, 41), (196, 197), (210, 214), (82, 114), (160, 164), (192, 196), (9, 41), (32, 36), (1, 33), (41, 45), (33, 41), (59, 63), (32, 48), (150, 214), (0, 1), (143, 159), (1, 5), (132, 196), (214, 222), (1, 17), (198, 214), (146, 210), (32, 160), (7, 15), (82, 210), (137, 201), (164, 166), (180, 181), (59, 123), (107, 111), (99, 107), (164, 172), (43, 59), (9, 137), (196, 198), (224, 226)}
Obj: 29049

