Log for instance aco_tuning_out/inst21.txt.

Used ({'tau0': 2.924453704862743e-06, 'xi': 0.10102715591656777, 'q0': 0.8483785554218048, 'alpha': 1.0515532863745962, 'beta': 0.39867352753450425, 'rho': 0.28727195311451986, 'ants': 26}) and found best instance after 21.390625 seconds.
E1: {(166, 175), (39, 201), (226, 229), (147, 149), (175, 202), (171, 177), (66, 228), (29, 32), (179, 233), (29, 38), (171, 198), (152, 233), (198, 200), (39, 66), (201, 202), (171, 173), (173, 179), (36, 198), (135, 137), (173, 182), (64, 226), (175, 176), (36, 45), (66, 147), (224, 233), (146, 149), (137, 146), (14, 176), (202, 229), (36, 38), (198, 201), (223, 224)}
E2: {(81, 82), (118, 119), (69, 71), (208, 211), (190, 199), (97, 151), (38, 47), (29, 32), (83, 137), (101, 182), (20, 47), (190, 208), (58, 220), (151, 152), (0, 81), (64, 65), (200, 206), (96, 97), (28, 109), (82, 83), (20, 74), (43, 124), (58, 76), (135, 137), (20, 101), (195, 197), (38, 119), (19, 20), (28, 29), (197, 206), (76, 157), (91, 118), (220, 223), (71, 152), (74, 236), (199, 200), (28, 190), (96, 123), (69, 78), (59, 77), (74, 77), (65, 71), (124, 151), (118, 199), (76, 77), (65, 74), (45, 47), (19, 25), (83, 89), (83, 101), (120, 123)}
Obj: 32691

