Log for instance aco_tuning_out/inst27.txt.

Used ({'tau0': 9.375317187382458e-06, 'xi': 0.1262899054888864, 'q0': 0.7055217120426633, 'alpha': 1.8010444237149952, 'beta': 1.3070739401200755, 'rho': 0.0819059266997208, 'ants': 15}) and found best instance after 15.984375 seconds.
E1: {(55, 63), (250, 254), (146, 154), (155, 187), (147, 155), (52, 116), (43, 107), (190, 254), (28, 30), (187, 191), (1, 3), (54, 55), (36, 52), (238, 254), (146, 147), (10, 42), (52, 54), (147, 151), (221, 253), (20, 28), (52, 60), (144, 146), (49, 113), (14, 30), (10, 14), (236, 238), (27, 155), (20, 52), (213, 215), (213, 221), (28, 29), (2, 10), (1, 17), (63, 191), (132, 196), (249, 253), (151, 215), (42, 43), (2, 34), (204, 236), (107, 111), (190, 191), (228, 236), (23, 151), (14, 142), (2, 3), (196, 204), (39, 55), (209, 213), (17, 49)}
E2: {(58, 59), (15, 143), (243, 251), (101, 103), (125, 253), (28, 30), (251, 255), (252, 253), (253, 255), (244, 252), (109, 125), (6, 14), (166, 230), (146, 147), (10, 42), (224, 240), (220, 221), (194, 202), (147, 151), (20, 28), (221, 253), (14, 15), (216, 220), (144, 146), (14, 30), (57, 59), (103, 111), (143, 159), (194, 226), (10, 14), (20, 52), (123, 251), (240, 244), (226, 230), (59, 123), (250, 251), (141, 143), (42, 58), (48, 52), (103, 119), (109, 111), (224, 226), (151, 159)}
Obj: 26821

