Log for instance aco_tuning_out/inst27.txt.

Used ({'tau0': 1.944733890460195e-06, 'xi': 0.10406489729971813, 'q0': 0.5015133780289627, 'alpha': 0.48372224880231074, 'beta': 1.7691019222478264, 'rho': 0.4010581607160818, 'ants': 21}) and found best instance after 67.703125 seconds.
E1: {(250, 254), (154, 158), (27, 59), (4, 6), (4, 12), (116, 244), (190, 254), (228, 244), (252, 253), (4, 36), (244, 252), (30, 158), (76, 204), (145, 209), (62, 190), (238, 254), (6, 14), (59, 63), (61, 63), (60, 61), (12, 76), (221, 253), (142, 158), (14, 30), (39, 47), (29, 61), (213, 215), (213, 221), (47, 111), (249, 253), (47, 63), (2, 34), (54, 62), (158, 190), (21, 23), (59, 187), (144, 145), (21, 29), (4, 132), (43, 59), (112, 113), (112, 116), (2, 3), (2, 6), (252, 254), (62, 63), (209, 213)}
E2: {(119, 127), (162, 226), (147, 155), (216, 218), (101, 109), (176, 240), (242, 243), (57, 121), (123, 127), (48, 176), (122, 250), (253, 255), (240, 242), (109, 125), (6, 14), (58, 122), (10, 42), (125, 127), (202, 218), (221, 253), (14, 15), (127, 255), (14, 30), (155, 219), (10, 14), (144, 176), (13, 141), (162, 166), (111, 127), (218, 250), (226, 242), (42, 58), (121, 125), (218, 219), (242, 250), (122, 123), (13, 15)}
Obj: 25517

