Log for instance aco_tuning_out/inst21.txt.

Used ({'tau_0': 9.563421643378381e-06, 'xi': 0.09724359984230846, 'q0': 0.3832373282206037, 'alpha': 0.33412689971093434, 'beta': 0.5388896399688413, 'rho': 0.11521783790776492, 'ants': 25}) and found best instance after 229.15625 seconds.
E1: {(226, 232), (171, 177), (147, 228), (144, 147), (135, 144), (171, 198), (198, 200), (223, 232), (171, 173), (164, 167), (164, 173), (36, 198), (144, 146), (173, 182), (172, 226), (64, 226), (166, 167), (36, 45), (5, 167), (171, 172), (146, 152), (145, 226), (144, 145), (5, 14), (5, 32)}
E2: {(162, 168), (29, 32), (171, 198), (52, 79), (145, 154), (64, 226), (144, 145), (28, 190), (28, 55), (55, 136), (29, 47), (61, 79), (117, 144), (51, 52), (155, 236), (25, 79), (55, 58), (0, 162), (145, 226), (162, 171), (208, 211), (217, 223), (92, 146), (135, 144), (190, 208), (34, 43), (198, 200), (34, 52), (98, 152), (28, 109), (136, 145), (168, 195), (28, 29), (117, 198), (91, 145), (45, 47), (92, 98), (58, 59), (89, 98), (117, 120), (171, 173), (154, 157), (58, 61), (144, 146), (173, 182), (55, 217), (146, 155), (51, 78)}
Obj: 28083

