Log for instance aco_tuning_out/inst15.txt.

Used ({'tau_0': 8.753936472387218e-06, 'xi': 0.09720016068128765, 'q0': 0.8231293796694477, 'alpha': 0.5431396504147108, 'beta': 1.6359800101718294, 'rho': 0.1536282766541045, 'ants': 15}) and found best instance after 49.796875 seconds.
E1: {(189, 216), (99, 100), (55, 136), (171, 177), (171, 198), (171, 173), (72, 78), (103, 157), (219, 228), (36, 198), (173, 182), (216, 217), (55, 217), (100, 103), (173, 200), (36, 42), (153, 234), (91, 100), (99, 153), (42, 43), (55, 64), (109, 136), (72, 153), (216, 219), (216, 234), (189, 195), (189, 198)}
E2: {(171, 174), (5, 59), (171, 177), (11, 173), (83, 137), (10, 64), (171, 198), (9, 11), (11, 14), (109, 110), (5, 86), (24, 78), (192, 193), (21, 183), (83, 164), (171, 173), (165, 166), (164, 173), (21, 24), (36, 198), (86, 89), (173, 182), (135, 137), (10, 11), (173, 200), (36, 42), (36, 45), (24, 25), (192, 195), (128, 134), (42, 43), (182, 236), (110, 128), (193, 211), (165, 174), (110, 137), (165, 183), (0, 9), (5, 32), (174, 228), (83, 86), (165, 192)}
Obj: 27494

