Log for instance aco_tuning_out/inst18.txt.

Used ({'tau0': 6.544509853368331e-06, 'xi': 0.05105112966369988, 'q0': 0.3218040775925436, 'alpha': 1.317829237345747, 'beta': 0.4388545186115663, 'rho': 0.34888292737798793, 'ants': 30}) and found best instance after 27.734375 seconds.
E1: {(241, 245), (193, 201), (58, 59), (81, 85), (58, 62), (99, 115), (150, 151), (0, 2), (128, 160), (2, 66), (252, 253), (1, 3), (1, 9), (62, 126), (88, 90), (110, 126), (81, 209), (59, 63), (193, 197), (147, 151), (193, 209), (29, 31), (245, 253), (31, 95), (57, 59), (39, 47), (31, 159), (46, 62), (80, 88), (1, 5), (110, 238), (151, 215), (47, 63), (98, 99), (66, 98), (54, 62), (107, 111), (99, 107), (113, 115), (80, 81), (81, 113), (209, 241), (0, 128), (2, 3), (2, 6), (45, 47), (31, 63), (151, 159), (47, 111)}
E2: {(24, 88), (154, 158), (108, 109), (72, 88), (101, 109), (104, 108), (137, 169), (108, 124), (112, 240), (161, 163), (161, 169), (82, 114), (114, 115), (252, 253), (1, 9), (169, 185), (115, 123), (78, 110), (30, 158), (62, 126), (160, 161), (110, 126), (82, 86), (245, 253), (221, 253), (80, 82), (40, 104), (142, 158), (104, 232), (112, 114), (80, 88), (1, 5), (184, 188), (88, 89), (184, 185), (110, 238), (108, 110), (82, 210), (60, 124), (188, 252), (51, 115), (124, 252), (30, 62), (113, 115), (150, 158), (9, 137), (72, 104), (66, 82), (172, 188), (54, 62)}
Obj: 28841

