Log for instance aco_tuning_out/inst09.txt.

Used ({'tau_0': 6.2578016549988135e-06, 'xi': 0.07695855038194482, 'q0': 0.6338595363337294, 'alpha': 1.3781099098119947, 'beta': 1.0918136498914073, 'rho': 0.20985761634934252, 'ants': 15}) and found best instance after 9.3125 seconds.
E1: {(166, 175), (6, 15), (15, 24), (39, 201), (175, 202), (176, 185), (40, 41), (84, 102), (236, 242), (185, 239), (24, 78), (201, 202), (81, 84), (30, 39), (120, 201), (3, 6), (84, 86), (86, 89), (3, 30), (175, 176), (157, 158), (81, 135), (37, 43), (224, 242), (158, 239), (239, 242), (39, 40), (0, 3), (3, 84), (15, 177), (37, 40), (14, 41), (223, 224)}
E2: {(185, 188), (101, 155), (93, 120), (33, 51), (29, 32), (184, 211), (176, 185), (29, 47), (107, 134), (20, 47), (100, 101), (166, 220), (89, 107), (186, 213), (85, 103), (22, 184), (18, 19), (93, 174), (103, 157), (139, 220), (20, 101), (186, 188), (85, 139), (100, 103), (19, 20), (51, 213), (174, 177), (184, 185), (146, 155), (220, 223), (146, 152), (101, 107), (32, 59), (19, 25), (19, 22), (45, 47), (33, 195), (0, 18), (174, 176)}
Obj: 30145

