Log for instance aco_tuning_out/inst03.txt.

Used ({'tau0': 9.493726088905091e-06, 'xi': 0.11484843759454823, 'q0': 0.6111218433796399, 'alpha': 1.5748339874818995, 'beta': 1.6004495863491173, 'rho': 0.40117280761880736, 'ants': 26}) and found best instance after 18.59375 seconds.
E1: {(76, 92), (136, 137), (111, 239), (177, 181), (105, 107), (24, 152), (136, 152), (108, 109), (211, 219), (125, 253), (210, 211), (112, 240), (97, 105), (73, 105), (65, 73), (114, 118), (187, 191), (53, 181), (76, 204), (224, 228), (109, 125), (96, 97), (105, 109), (83, 115), (96, 112), (32, 36), (202, 203), (147, 151), (221, 253), (224, 232), (49, 113), (97, 101), (39, 47), (49, 177), (115, 119), (20, 52), (54, 118), (47, 111), (32, 96), (96, 224), (175, 191), (203, 207), (147, 211), (107, 111), (76, 108), (149, 181), (52, 53), (203, 219), (98, 114), (112, 113), (9, 73), (113, 115), (9, 137), (49, 57), (135, 151), (83, 211), (195, 211), (68, 76), (96, 98), (175, 239)}
E2: {(177, 181), (192, 200), (200, 201), (32, 34), (32, 40), (154, 158), (200, 216), (98, 226), (44, 45), (107, 235), (43, 107), (13, 45), (60, 62), (181, 245), (5, 13), (128, 160), (40, 44), (44, 60), (17, 21), (196, 197), (210, 214), (148, 150), (158, 222), (132, 148), (166, 174), (32, 33), (128, 132), (32, 36), (148, 180), (44, 172), (5, 21), (48, 56), (9, 13), (172, 174), (132, 196), (214, 222), (13, 15), (32, 96), (198, 214), (128, 192), (32, 160), (56, 60), (180, 181), (98, 99), (107, 111), (99, 107), (98, 114), (107, 123), (0, 128), (196, 198), (62, 63), (158, 159), (96, 98)}
Obj: 33764

