Log for instance aco_tuning_out/inst18.txt.

Used ({'tau_0': 8.613914963906393e-06, 'xi': 0.14574697859969848, 'q0': 0.4568549694035073, 'alpha': 1.0997466880204505, 'beta': 1.26467494952901, 'rho': 0.20648622793681415, 'ants': 10}) and found best instance after 20.15625 seconds.
E1: {(90, 91), (136, 137), (128, 136), (193, 201), (81, 85), (241, 245), (44, 45), (58, 62), (13, 45), (5, 13), (150, 151), (128, 160), (1, 3), (91, 95), (62, 126), (14, 46), (6, 14), (13, 29), (193, 197), (81, 209), (26, 90), (44, 172), (3, 67), (193, 209), (147, 151), (49, 113), (39, 47), (9, 13), (46, 62), (1, 5), (209, 211), (110, 238), (151, 215), (137, 201), (47, 63), (147, 211), (54, 62), (188, 252), (44, 46), (46, 110), (80, 81), (26, 58), (9, 137), (81, 113), (66, 67), (209, 241), (67, 99), (49, 57), (62, 63), (172, 188), (151, 159), (47, 111)}
E2: {(168, 172), (24, 88), (160, 168), (44, 45), (146, 154), (168, 184), (91, 123), (13, 45), (72, 88), (5, 13), (40, 44), (44, 60), (161, 163), (252, 253), (114, 118), (78, 110), (244, 252), (54, 55), (168, 232), (62, 126), (14, 46), (160, 161), (146, 150), (224, 240), (44, 108), (51, 55), (44, 172), (221, 253), (89, 91), (22, 86), (14, 30), (97, 101), (9, 13), (22, 150), (46, 62), (74, 78), (80, 88), (244, 245), (66, 74), (97, 113), (54, 118), (88, 89), (72, 74), (110, 238), (240, 244), (146, 210), (44, 46), (46, 110), (22, 30), (14, 142), (161, 225), (97, 225), (224, 232), (54, 62)}
Obj: 30507

