Log for instance aco_tuning_out/inst30.txt.

Used ({'tau_0': 6.651390889237055e-06, 'xi': 0.11158156951036152, 'q0': 0.3891327832249725, 'alpha': 0.5704086329673803, 'beta': 0.45022269695520334, 'rho': 0.05657845121910911, 'ants': 23}) and found best instance after 146.34375 seconds.
E1: {(145, 146), (180, 183), (198, 225), (162, 168), (162, 180), (64, 145), (207, 209), (180, 207), (209, 212), (136, 145), (200, 209), (102, 183), (211, 212), (168, 177), (120, 201), (168, 195), (209, 236), (225, 226), (26, 53), (50, 212), (53, 134), (109, 136), (50, 53), (41, 50), (0, 162), (146, 152), (145, 226), (32, 50), (91, 145), (14, 41), (198, 201), (198, 207), (25, 26)}
E2: {(145, 146), (162, 168), (162, 180), (207, 209), (145, 148), (136, 145), (168, 177), (168, 195), (225, 226), (81, 135), (82, 88), (81, 162), (119, 146), (225, 228), (91, 145), (81, 82), (162, 165), (88, 106), (125, 134), (64, 145), (180, 207), (200, 209), (165, 166), (180, 182), (209, 236), (45, 207), (119, 125), (109, 136), (146, 152), (0, 162), (25, 106), (145, 226), (148, 157), (82, 136)}
Obj: 28097

