Log for instance aco_tuning_out/inst30.txt.

Used ({'tau_0': 9.84719681858141e-06, 'xi': 0.07010842379960239, 'q0': 0.6134461647846249, 'alpha': 1.8618032848172066, 'beta': 0.8495777604552623, 'rho': 0.35523900559656113, 'ants': 21}) and found best instance after 7.390625 seconds.
E1: {(13, 94), (109, 190), (98, 107), (119, 200), (175, 202), (118, 119), (171, 177), (64, 145), (190, 199), (38, 41), (38, 47), (0, 2), (40, 41), (171, 198), (181, 208), (20, 47), (190, 208), (134, 161), (189, 191), (151, 152), (121, 148), (102, 104), (160, 161), (2, 29), (145, 151), (181, 235), (40, 202), (95, 98), (104, 107), (94, 148), (118, 145), (38, 119), (198, 199), (19, 20), (189, 190), (175, 176), (91, 94), (235, 236), (192, 195), (120, 121), (151, 160), (14, 176), (202, 211), (13, 40), (32, 41), (19, 25), (118, 199), (189, 192), (94, 95), (29, 191)}
E2: {(166, 175), (154, 155), (162, 171), (55, 136), (171, 177), (175, 202), (66, 228), (199, 202), (190, 199), (29, 38), (171, 198), (20, 47), (190, 208), (39, 66), (200, 206), (154, 157), (136, 145), (47, 128), (191, 197), (36, 198), (209, 236), (195, 197), (182, 209), (118, 145), (19, 20), (36, 39), (197, 206), (36, 45), (128, 134), (146, 155), (91, 118), (55, 64), (146, 152), (0, 162), (109, 136), (128, 155), (208, 209), (190, 191), (135, 136), (47, 209), (19, 25), (118, 199), (36, 38), (29, 191)}
Obj: 38301

