Log for instance aco_tuning_out/inst03.txt.

Used ({'tau0': 5.572049615801917e-06, 'xi': 0.06325004225542018, 'q0': 0.8461092587771804, 'alpha': 1.389681207393384, 'beta': 0.3366413033928038, 'rho': 0.4612946765120627, 'ants': 22}) and found best instance after 9.59375 seconds.
E1: {(105, 107), (244, 246), (114, 118), (96, 97), (105, 109), (147, 151), (31, 159), (115, 119), (29, 61), (240, 244), (24, 28), (32, 96), (145, 147), (0, 128), (219, 251), (37, 101), (151, 159), (136, 137), (145, 149), (108, 109), (147, 155), (99, 115), (0, 2), (210, 211), (92, 94), (249, 251), (10, 42), (142, 143), (198, 230), (4, 20), (97, 101), (56, 57), (249, 253), (37, 53), (128, 192), (76, 108), (4, 68), (14, 78), (98, 114), (9, 137), (135, 151), (30, 31), (96, 98), (200, 201), (193, 195), (155, 187), (4, 6), (211, 219), (228, 244), (97, 105), (73, 105), (187, 191), (37, 39), (76, 204), (45, 61), (136, 200), (32, 36), (221, 253), (143, 159), (10, 14), (28, 29), (2, 10), (76, 78), (42, 58), (200, 232), (78, 206), (143, 207), (192, 194), (128, 136), (193, 201), (65, 73), (198, 206), (37, 45), (30, 94), (56, 58), (6, 14), (194, 202), (17, 81), (17, 145), (54, 118), (175, 191), (230, 246), (81, 83), (99, 107), (142, 206), (113, 115), (83, 211)}
E2: {(177, 181), (105, 107), (181, 245), (17, 21), (196, 197), (244, 246), (94, 222), (192, 193), (146, 150), (96, 97), (105, 109), (61, 63), (147, 151), (90, 218), (5, 21), (31, 159), (29, 61), (32, 96), (24, 28), (32, 160), (2, 34), (33, 49), (0, 128), (151, 159), (136, 137), (90, 94), (132, 164), (108, 109), (147, 155), (216, 218), (0, 2), (210, 211), (32, 48), (132, 196), (36, 164), (53, 61), (128, 192), (76, 108), (98, 114), (9, 137), (132, 134), (30, 31), (96, 98), (8, 40), (146, 154), (155, 187), (43, 171), (97, 105), (187, 191), (8, 24), (174, 175), (45, 61), (146, 147), (193, 197), (49, 177), (172, 174), (244, 245), (28, 29), (76, 78), (134, 166), (180, 181), (15, 31), (107, 123), (78, 206), (196, 198), (128, 136), (193, 201), (171, 235), (198, 206), (30, 94), (53, 181), (206, 222), (17, 81), (226, 230), (146, 210), (175, 191), (81, 83), (230, 246), (107, 111), (99, 107), (171, 187), (83, 211), (21, 53)}
Obj: 44096

