Log for instance aco_tuning_out/inst24.txt.

Used ({'tau_0': 7.812894719628246e-06, 'xi': 0.0766649900567211, 'q0': 0.3937027431240757, 'alpha': 1.3517471324904988, 'beta': 1.9563494025351882, 'rho': 0.17338412974172868, 'ants': 20}) and found best instance after 22.359375 seconds.
E1: {(76, 92), (42, 106), (58, 59), (99, 103), (15, 143), (44, 45), (0, 2), (40, 44), (176, 240), (242, 243), (186, 250), (2, 130), (220, 252), (122, 250), (240, 242), (10, 42), (160, 176), (220, 221), (44, 108), (99, 227), (12, 76), (14, 15), (57, 59), (143, 159), (10, 14), (227, 235), (2, 10), (106, 122), (144, 176), (139, 143), (2, 34), (76, 108), (141, 143), (71, 103), (42, 58), (40, 42), (43, 59), (90, 122), (154, 186), (186, 190), (242, 250), (92, 220), (227, 243)}
E2: {(42, 106), (58, 59), (165, 167), (220, 222), (237, 253), (146, 178), (147, 179), (121, 249), (179, 187), (253, 255), (53, 181), (120, 122), (146, 147), (10, 42), (59, 63), (220, 221), (21, 85), (221, 253), (52, 60), (165, 181), (144, 146), (5, 21), (167, 175), (179, 183), (2, 10), (106, 122), (166, 167), (230, 231), (120, 121), (249, 253), (226, 230), (89, 121), (180, 181), (147, 211), (2, 34), (228, 230), (59, 187), (52, 53), (42, 58), (90, 122), (167, 183), (114, 122), (166, 230), (21, 53), (195, 211)}
Obj: 25376

