Log for instance aco_tuning_out/inst09.txt.

Used ({'tau_0': 9.24915798617957e-06, 'xi': 0.05399113180694906, 'q0': 0.5348646852525689, 'alpha': 0.8177192610685395, 'beta': 1.9504865720120417, 'rho': 0.35361961105123524, 'ants': 16}) and found best instance after 10.265625 seconds.
E1: {(166, 175), (39, 201), (55, 136), (175, 202), (171, 177), (0, 54), (199, 205), (171, 198), (75, 78), (66, 75), (135, 153), (142, 223), (54, 55), (39, 66), (201, 202), (72, 75), (136, 142), (142, 143), (89, 143), (153, 155), (198, 199), (39, 120), (76, 157), (21, 75), (12, 66), (54, 72), (12, 14), (72, 153), (21, 102), (75, 76), (43, 205), (198, 201), (155, 236)}
E2: {(166, 175), (171, 177), (0, 54), (125, 134), (29, 32), (59, 140), (124, 205), (171, 198), (140, 143), (142, 223), (175, 229), (151, 152), (88, 142), (83, 164), (171, 173), (157, 238), (142, 143), (124, 125), (164, 173), (89, 143), (7, 25), (36, 198), (86, 95), (36, 39), (39, 120), (196, 205), (205, 214), (27, 36), (36, 45), (27, 54), (94, 175), (211, 214), (7, 88), (86, 140), (229, 238), (142, 151), (124, 151), (195, 196), (83, 86), (27, 29), (94, 95)}
Obj: 28966

