Log for instance aco_tuning_out/inst18.txt.

Used ({'tau_0': 2.0274933728523487e-06, 'xi': 0.13405703789383258, 'q0': 0.526091823657158, 'alpha': 1.6793374858698646, 'beta': 0.6970800710605479, 'rho': 0.13613590490376215, 'ants': 11}) and found best instance after 16.9375 seconds.
E1: {(193, 201), (58, 59), (90, 94), (124, 126), (150, 151), (128, 160), (80, 208), (2, 66), (1, 3), (1, 9), (85, 213), (62, 126), (197, 213), (209, 213), (128, 129), (110, 126), (193, 197), (59, 63), (147, 151), (29, 31), (31, 95), (57, 59), (31, 159), (39, 47), (46, 62), (1, 5), (213, 215), (47, 111), (110, 238), (151, 215), (47, 63), (107, 111), (213, 245), (124, 252), (99, 107), (208, 209), (94, 126), (129, 193), (1, 129), (2, 3), (2, 6), (45, 47), (62, 63), (31, 63), (151, 159), (54, 62)}
E2: {(128, 136), (72, 73), (193, 201), (168, 172), (124, 126), (146, 154), (168, 184), (4, 6), (163, 179), (150, 151), (128, 160), (108, 124), (114, 115), (82, 114), (28, 30), (114, 118), (147, 179), (8, 24), (78, 110), (115, 123), (168, 232), (240, 242), (197, 213), (6, 14), (110, 126), (146, 147), (193, 197), (4, 5), (73, 89), (147, 151), (28, 60), (80, 82), (14, 30), (40, 168), (8, 72), (97, 101), (114, 242), (8, 136), (97, 113), (213, 221), (54, 118), (110, 238), (24, 28), (146, 210), (82, 210), (73, 201), (60, 124), (213, 245), (124, 252), (51, 179), (118, 126), (113, 115), (14, 142), (9, 73), (66, 82), (86, 118), (8, 40)}
Obj: 29748

