Log for instance aco_tuning_out/inst30.txt.

Used ({'tau0': 9.767241690470751e-06, 'xi': 0.11665997591227979, 'q0': 0.8943962543294219, 'alpha': 1.1523918797969719, 'beta': 1.0104719425759585, 'rho': 0.28187790444783706, 'ants': 10}) and found best instance after 9.765625 seconds.
E1: {(145, 146), (55, 136), (20, 23), (208, 211), (190, 199), (29, 32), (162, 189), (190, 208), (189, 198), (189, 191), (218, 236), (21, 183), (200, 206), (136, 145), (102, 183), (120, 201), (191, 197), (55, 217), (195, 197), (118, 145), (189, 190), (19, 20), (197, 206), (109, 118), (174, 177), (174, 183), (128, 134), (146, 155), (91, 118), (55, 64), (0, 162), (21, 23), (146, 152), (174, 201), (217, 218), (128, 155), (14, 23), (19, 25), (118, 199), (198, 201), (29, 191)}
E2: {(226, 232), (3, 4), (4, 58), (162, 171), (162, 168), (118, 119), (179, 233), (217, 220), (171, 198), (51, 132), (217, 226), (234, 236), (135, 153), (109, 110), (166, 220), (152, 233), (72, 75), (171, 173), (51, 52), (3, 6), (21, 24), (36, 198), (168, 195), (173, 179), (58, 76), (173, 182), (3, 21), (64, 226), (118, 145), (198, 199), (173, 200), (205, 214), (153, 234), (36, 45), (24, 25), (110, 119), (76, 157), (177, 179), (21, 75), (91, 118), (205, 232), (145, 226), (72, 153), (201, 228), (6, 168), (0, 6), (132, 134), (118, 199), (198, 201), (52, 214)}
Obj: 36403

