Log for instance aco_tuning_out/inst30.txt.

Used ({'tau0': 4.879942623985006e-06, 'xi': 0.08399557345205959, 'q0': 0.8878104132072444, 'alpha': 1.876793500103366, 'beta': 1.500849913875006, 'rho': 0.45614013825443306, 'ants': 13}) and found best instance after 4.484375 seconds.
E1: {(81, 82), (145, 146), (226, 232), (33, 42), (3, 4), (226, 229), (4, 58), (55, 136), (175, 202), (84, 87), (15, 42), (31, 32), (199, 205), (171, 198), (100, 101), (189, 191), (218, 236), (97, 178), (200, 206), (96, 97), (83, 164), (136, 145), (171, 173), (82, 83), (232, 241), (81, 84), (85, 103), (6, 87), (15, 96), (164, 173), (191, 197), (20, 101), (55, 217), (118, 145), (100, 103), (19, 20), (238, 241), (175, 176), (31, 58), (197, 206), (102, 103), (174, 177), (128, 134), (82, 85), (109, 136), (146, 155), (91, 118), (205, 232), (14, 176), (55, 64), (146, 152), (174, 201), (217, 218), (128, 155), (96, 123), (202, 229), (3, 84), (211, 238), (0, 6), (19, 25), (118, 199), (33, 195), (175, 178), (174, 176), (198, 201), (189, 198), (120, 123)}
E2: {(166, 175), (81, 82), (226, 232), (3, 4), (226, 229), (98, 107), (4, 58), (175, 202), (20, 23), (228, 229), (118, 119), (84, 87), (23, 77), (6, 33), (38, 47), (171, 198), (20, 47), (189, 191), (45, 46), (98, 152), (97, 178), (200, 206), (83, 164), (171, 173), (82, 83), (81, 84), (28, 109), (157, 238), (214, 241), (6, 87), (164, 173), (46, 47), (77, 80), (36, 198), (191, 197), (135, 137), (97, 98), (31, 34), (164, 182), (64, 226), (38, 119), (19, 20), (238, 241), (205, 214), (31, 58), (197, 206), (174, 177), (26, 80), (128, 134), (119, 128), (146, 155), (137, 146), (205, 232), (91, 118), (128, 155), (174, 201), (26, 107), (202, 229), (3, 84), (0, 6), (19, 25), (33, 195), (36, 38), (175, 178), (28, 34), (198, 201), (189, 198), (155, 236)}
Obj: 46577

