Log for instance aco_tuning_out/inst18.txt.

Used ({'tau_0': 5.886189817315941e-06, 'xi': 0.08222368157872886, 'q0': 0.5177131034654385, 'alpha': 1.8715621976373542, 'beta': 1.496250370264296, 'rho': 0.33920762188241993, 'ants': 22}) and found best instance after 11.484375 seconds.
E1: {(136, 137), (128, 136), (71, 87), (99, 103), (90, 94), (58, 62), (86, 87), (0, 2), (128, 160), (87, 95), (252, 253), (28, 30), (1, 3), (94, 222), (110, 111), (197, 213), (45, 61), (6, 70), (9, 41), (110, 126), (41, 45), (82, 86), (147, 151), (245, 253), (41, 57), (150, 214), (80, 82), (31, 95), (31, 159), (39, 47), (46, 62), (1, 5), (28, 29), (29, 61), (213, 215), (85, 87), (54, 118), (214, 222), (110, 238), (31, 63), (137, 201), (47, 63), (213, 245), (70, 71), (71, 103), (46, 110), (118, 126), (9, 137), (94, 95), (0, 128), (66, 70), (2, 3), (214, 215), (30, 31), (86, 118), (151, 159), (209, 213)}
E2: {(128, 136), (136, 137), (232, 236), (160, 168), (32, 40), (154, 158), (108, 109), (156, 158), (168, 184), (86, 87), (51, 59), (237, 253), (101, 109), (104, 108), (40, 44), (44, 60), (87, 95), (210, 211), (128, 160), (0, 2), (112, 240), (28, 30), (156, 188), (114, 118), (252, 253), (1, 3), (91, 95), (78, 110), (30, 158), (168, 232), (19, 51), (206, 222), (96, 112), (44, 108), (1, 33), (28, 60), (221, 253), (150, 214), (86, 214), (89, 91), (31, 95), (49, 113), (142, 158), (17, 81), (83, 87), (1, 5), (244, 245), (54, 118), (214, 222), (109, 237), (110, 238), (24, 28), (32, 96), (32, 160), (81, 83), (162, 163), (66, 98), (59, 123), (33, 49), (228, 244), (160, 162), (118, 126), (228, 236), (98, 114), (78, 206), (80, 81), (72, 104), (9, 137), (0, 128), (17, 19), (2, 3), (83, 211), (30, 31), (172, 188), (96, 98)}
Obj: 36580

