Log for instance aco_tuning_out/inst27.txt.

Used ({'tau_0': 2.760703391532889e-06, 'xi': 0.11284095755067615, 'q0': 0.39431429333058177, 'alpha': 1.2851296972235255, 'beta': 1.3966465894197229, 'rho': 0.20591685095973755, 'ants': 13}) and found best instance after 22.828125 seconds.
E1: {(204, 220), (52, 116), (61, 125), (22, 23), (121, 249), (186, 250), (221, 223), (142, 174), (110, 111), (215, 223), (36, 52), (62, 190), (128, 132), (174, 190), (220, 221), (52, 54), (61, 63), (128, 144), (211, 215), (52, 60), (39, 47), (236, 238), (132, 196), (29, 61), (209, 211), (110, 238), (47, 63), (11, 43), (2, 34), (54, 62), (43, 47), (3, 11), (204, 236), (228, 236), (30, 62), (22, 30), (186, 187), (121, 125), (154, 186), (113, 121), (186, 190), (2, 3), (196, 204), (62, 63), (11, 27), (47, 111)}
E2: {(119, 127), (243, 251), (58, 62), (216, 218), (101, 109), (244, 246), (123, 127), (251, 255), (253, 255), (56, 58), (62, 126), (109, 125), (6, 14), (146, 150), (146, 147), (125, 127), (202, 218), (221, 253), (14, 15), (182, 246), (144, 146), (127, 255), (14, 30), (48, 56), (22, 150), (10, 14), (56, 57), (13, 141), (240, 244), (226, 230), (111, 127), (218, 250), (166, 182), (230, 246), (126, 127), (30, 62), (22, 30), (13, 15), (150, 182), (250, 251)}
Obj: 26397

