Log for instance aco_tuning_out/inst09.txt.

Used ({'tau0': 4.585564497822685e-06, 'xi': 0.058757171197309443, 'q0': 0.34722321487260577, 'alpha': 1.3834921966172709, 'beta': 0.8673616661090202, 'rho': 0.2097770542871472, 'ants': 11}) and found best instance after 7.109375 seconds.
E1: {(81, 82), (217, 223), (217, 220), (43, 70), (75, 78), (66, 75), (166, 220), (0, 81), (218, 236), (39, 66), (223, 232), (85, 103), (136, 139), (103, 157), (12, 15), (86, 89), (139, 220), (12, 39), (39, 120), (102, 103), (231, 232), (177, 231), (82, 85), (12, 14), (217, 218), (135, 136), (15, 177), (85, 86), (82, 136), (70, 232)}
E2: {(194, 197), (125, 134), (208, 211), (127, 128), (59, 140), (194, 221), (166, 220), (140, 158), (72, 75), (220, 221), (21, 24), (86, 89), (153, 155), (195, 197), (32, 194), (155, 158), (155, 161), (157, 158), (177, 231), (24, 25), (140, 221), (128, 134), (123, 150), (21, 75), (18, 21), (220, 223), (86, 140), (72, 153), (128, 155), (152, 161), (18, 45), (150, 231), (123, 125), (127, 208), (0, 18), (120, 123)}
Obj: 28668

