Log for instance aco_tuning_out/inst18.txt.

Used ({'tau_0': 5.888779735025123e-06, 'xi': 0.14210673593322504, 'q0': 0.5532221197439141, 'alpha': 1.4492226579119356, 'beta': 1.732090480737235, 'rho': 0.42744550361996797, 'ants': 10}) and found best instance after 6.296875 seconds.
E1: {(128, 136), (136, 137), (55, 63), (193, 201), (90, 94), (58, 62), (20, 148), (20, 84), (0, 2), (128, 160), (87, 95), (17, 21), (252, 253), (114, 118), (1, 3), (148, 150), (54, 55), (110, 111), (14, 46), (45, 61), (6, 14), (110, 126), (238, 254), (193, 197), (81, 209), (52, 54), (147, 151), (21, 85), (245, 253), (17, 81), (46, 62), (10, 14), (1, 5), (2, 10), (20, 52), (85, 87), (29, 61), (54, 118), (1, 17), (110, 238), (151, 215), (137, 201), (98, 99), (66, 98), (84, 85), (46, 110), (21, 29), (98, 114), (80, 84), (87, 215), (0, 128), (9, 137), (57, 61), (252, 254), (39, 55), (94, 95), (151, 159), (54, 62)}
E2: {(204, 220), (56, 184), (128, 136), (136, 137), (232, 236), (58, 59), (32, 40), (90, 94), (146, 154), (220, 222), (50, 58), (84, 212), (163, 179), (206, 238), (210, 214), (73, 105), (97, 105), (114, 118), (220, 252), (148, 150), (212, 220), (172, 236), (244, 252), (158, 222), (30, 94), (30, 158), (76, 204), (50, 51), (0, 32), (206, 222), (220, 221), (51, 55), (73, 89), (84, 86), (32, 48), (78, 79), (24, 56), (79, 111), (0, 1), (48, 50), (48, 56), (179, 183), (142, 158), (97, 101), (1, 5), (236, 238), (244, 245), (66, 74), (97, 113), (54, 118), (214, 222), (74, 90), (72, 74), (55, 183), (240, 244), (32, 160), (56, 60), (146, 210), (111, 127), (50, 114), (59, 123), (76, 108), (126, 127), (78, 206), (9, 73), (80, 84), (0, 128), (9, 137), (148, 212), (86, 118)}
Obj: 37590

