Log for instance aco_tuning_out/inst27.txt.

Used ({'tau_0': 5.471123269221564e-06, 'xi': 0.0880541662185767, 'q0': 0.30146902385350893, 'alpha': 1.0903620529266727, 'beta': 0.772236865018257, 'rho': 0.4288390189950044, 'ants': 23}) and found best instance after 15.90625 seconds.
E1: {(7, 23), (154, 158), (146, 154), (27, 59), (3, 7), (52, 116), (206, 238), (116, 244), (228, 244), (221, 223), (34, 162), (158, 222), (30, 158), (249, 251), (36, 52), (59, 63), (206, 222), (61, 63), (60, 61), (52, 54), (134, 142), (15, 47), (144, 146), (52, 60), (142, 158), (39, 47), (113, 241), (204, 206), (29, 61), (123, 251), (134, 166), (241, 249), (162, 166), (59, 123), (250, 251), (15, 31), (59, 187), (158, 190), (222, 223), (43, 59), (7, 39), (209, 241), (132, 134), (30, 31), (31, 63), (215, 223), (47, 111)}
E2: {(58, 59), (243, 251), (229, 231), (4, 6), (50, 58), (133, 141), (216, 218), (0, 2), (146, 178), (178, 182), (251, 255), (221, 223), (147, 179), (132, 133), (93, 95), (240, 242), (243, 247), (202, 218), (93, 125), (15, 47), (144, 146), (31, 95), (57, 59), (95, 223), (0, 4), (48, 50), (2, 10), (123, 251), (134, 166), (119, 247), (166, 182), (218, 250), (59, 123), (231, 247), (15, 31), (50, 178), (226, 242), (101, 229), (4, 132), (223, 255), (179, 243), (132, 134), (242, 250), (30, 31), (250, 251), (47, 111)}
Obj: 26743

