Log for instance aco_tuning_out/inst21.txt.

Used ({'tau0': 5.420704371762057e-06, 'xi': 0.09688583805471983, 'q0': 0.31023948946680013, 'alpha': 0.7611440380801126, 'beta': 1.2418611307887504, 'rho': 0.4656758616586811, 'ants': 22}) and found best instance after 22.5625 seconds.
E1: {(166, 175), (189, 207), (226, 232), (151, 232), (30, 192), (151, 152), (223, 232), (173, 176), (200, 227), (173, 182), (45, 207), (64, 226), (108, 135), (30, 32), (175, 176), (174, 177), (226, 227), (14, 176), (192, 201), (173, 227), (174, 201), (108, 189), (174, 228), (189, 192), (174, 176)}
E2: {(1, 28), (226, 232), (151, 232), (159, 160), (190, 199), (30, 192), (236, 239), (153, 159), (135, 153), (78, 159), (238, 239), (199, 226), (151, 152), (185, 239), (45, 46), (157, 160), (223, 232), (172, 199), (28, 109), (79, 160), (120, 201), (182, 185), (86, 89), (0, 1), (64, 226), (86, 104), (189, 190), (238, 241), (30, 32), (25, 79), (151, 160), (192, 201), (199, 200), (28, 190), (37, 199), (32, 59), (79, 241), (211, 238), (189, 192), (189, 195), (37, 43), (104, 185), (37, 46), (91, 172)}
Obj: 27501

