Log for instance aco_tuning_out/inst09.txt.

Used ({'tau_0': 5.471123269221564e-06, 'xi': 0.0880541662185767, 'q0': 0.30146902385350893, 'alpha': 1.0903620529266727, 'beta': 0.772236865018257, 'rho': 0.4288390189950044, 'ants': 23}) and found best instance after 11.21875 seconds.
E1: {(101, 155), (171, 174), (162, 171), (162, 168), (171, 177), (6, 33), (84, 102), (100, 101), (34, 43), (6, 60), (6, 8), (81, 84), (103, 157), (120, 201), (100, 103), (102, 103), (81, 135), (33, 34), (0, 162), (81, 162), (174, 201), (169, 223), (5, 8), (5, 14), (60, 78), (0, 6), (8, 89), (166, 169), (168, 169), (155, 236)}
E2: {(3, 4), (4, 58), (58, 59), (48, 210), (179, 233), (210, 211), (152, 233), (3, 165), (6, 8), (165, 166), (120, 201), (17, 179), (3, 6), (58, 76), (26, 53), (8, 17), (8, 26), (45, 48), (192, 195), (76, 157), (224, 233), (177, 179), (53, 134), (192, 201), (192, 210), (5, 8), (0, 6), (5, 32), (8, 89), (165, 192), (223, 224), (25, 26)}
Obj: 27343

