Log for instance aco_tuning_out/inst15.txt.

Used ({'tau0': 9.24915798617957e-06, 'xi': 0.05399113180694906, 'q0': 0.5348646852525689, 'alpha': 0.8177192610685395, 'beta': 1.9504865720120417, 'rho': 0.35361961105123524, 'ants': 16}) and found best instance after 20.390625 seconds.
E1: {(162, 171), (162, 168), (171, 177), (171, 180), (171, 198), (222, 240), (36, 37), (198, 200), (63, 64), (37, 118), (28, 109), (180, 182), (36, 198), (168, 195), (58, 76), (31, 58), (168, 222), (76, 157), (78, 240), (36, 63), (91, 118), (201, 228), (28, 31), (28, 37), (37, 43), (198, 201)}
E2: {(28, 46), (39, 201), (162, 171), (19, 46), (162, 168), (171, 177), (20, 23), (6, 33), (87, 89), (33, 51), (190, 199), (29, 32), (171, 198), (43, 70), (236, 239), (66, 69), (29, 56), (238, 239), (198, 200), (45, 46), (39, 66), (201, 202), (28, 109), (6, 87), (69, 70), (56, 137), (168, 195), (135, 137), (198, 199), (28, 29), (19, 20), (128, 134), (64, 70), (110, 128), (229, 238), (110, 137), (201, 228), (28, 190), (14, 23), (202, 229), (211, 238), (6, 168), (0, 6), (19, 25), (51, 78), (166, 169), (198, 201), (20, 182), (168, 169), (56, 59)}
Obj: 28330

