Log for instance aco_tuning_out/inst24.txt.

Used ({'tau0': 9.926534885232458e-06, 'xi': 0.06692036828162971, 'q0': 0.3019379808030227, 'alpha': 1.9521308295520166, 'beta': 1.4674217120935573, 'rho': 0.15756254670228562, 'ants': 22}) and found best instance after 66.640625 seconds.
E1: {(76, 92), (111, 239), (42, 106), (188, 190), (44, 45), (205, 237), (0, 2), (128, 160), (40, 44), (141, 157), (242, 243), (40, 56), (2, 130), (252, 253), (157, 159), (122, 250), (56, 58), (205, 221), (240, 242), (44, 108), (128, 144), (12, 76), (221, 253), (15, 47), (138, 139), (103, 111), (235, 239), (34, 42), (130, 138), (106, 122), (138, 154), (56, 57), (2, 34), (237, 239), (76, 108), (43, 47), (188, 252), (71, 103), (42, 58), (0, 128), (90, 122), (242, 250), (45, 47), (157, 221), (47, 111)}
E2: {(183, 191), (162, 226), (98, 226), (155, 187), (220, 222), (147, 155), (205, 237), (89, 217), (156, 188), (34, 98), (187, 191), (133, 165), (53, 181), (120, 122), (85, 213), (205, 221), (220, 221), (90, 218), (180, 188), (181, 183), (191, 255), (165, 181), (144, 152), (194, 226), (152, 156), (2, 10), (106, 122), (230, 231), (213, 221), (63, 191), (194, 195), (162, 166), (226, 230), (175, 191), (180, 181), (2, 34), (228, 230), (162, 178), (156, 220), (60, 188), (98, 114), (217, 221), (5, 133), (218, 222), (90, 122), (114, 122)}
Obj: 27310

