Log for instance aco_tuning_out/inst18.txt.

Used ({'tau0': 6.651155935593466e-06, 'xi': 0.0698190378741818, 'q0': 0.8638669115585977, 'alpha': 1.1622049190539232, 'beta': 1.595958584283492, 'rho': 0.31540247478897615, 'ants': 9}) and found best instance after 10.328125 seconds.
E1: {(136, 137), (128, 136), (105, 107), (193, 201), (108, 109), (206, 238), (70, 198), (86, 87), (0, 2), (87, 95), (244, 246), (1, 3), (114, 118), (148, 150), (198, 206), (244, 252), (56, 58), (132, 148), (14, 46), (62, 126), (215, 223), (6, 14), (85, 213), (209, 213), (193, 197), (10, 42), (105, 109), (52, 54), (147, 151), (151, 159), (193, 209), (20, 22), (20, 28), (64, 80), (118, 246), (22, 86), (39, 47), (95, 223), (46, 62), (10, 14), (1, 5), (244, 245), (2, 10), (132, 196), (76, 78), (20, 52), (47, 111), (54, 118), (213, 215), (28, 29), (45, 109), (56, 57), (110, 238), (32, 96), (151, 215), (32, 160), (76, 108), (107, 111), (99, 107), (46, 110), (42, 58), (98, 114), (78, 206), (0, 64), (0, 128), (9, 137), (66, 70), (122, 126), (90, 122), (196, 198), (2, 3), (62, 63), (96, 98), (54, 62)}
E2: {(105, 107), (26, 30), (114, 118), (148, 150), (24, 26), (105, 109), (147, 151), (88, 120), (31, 95), (31, 159), (97, 113), (240, 244), (32, 96), (32, 160), (124, 252), (118, 126), (80, 81), (122, 126), (151, 159), (136, 137), (108, 109), (5, 7), (70, 198), (210, 211), (121, 249), (132, 148), (7, 71), (62, 126), (97, 101), (132, 196), (184, 188), (249, 253), (96, 224), (76, 108), (188, 252), (71, 103), (98, 114), (66, 70), (9, 137), (30, 31), (96, 98), (99, 103), (146, 154), (72, 88), (86, 87), (163, 179), (87, 95), (97, 105), (91, 95), (244, 252), (128, 132), (146, 147), (221, 253), (49, 113), (172, 174), (244, 245), (76, 78), (110, 238), (120, 121), (46, 110), (78, 206), (196, 198), (122, 123), (224, 232), (128, 136), (32, 40), (206, 238), (252, 253), (147, 179), (142, 174), (198, 206), (83, 115), (105, 121), (89, 91), (46, 62), (54, 118), (81, 83), (60, 124), (99, 107), (142, 206), (30, 62), (113, 115), (49, 51), (83, 211)}
Obj: 41180

