Log for instance aco_tuning_out/inst18.txt.

Used ({'tau_0': 5.432541354150304e-06, 'xi': 0.1098768506848867, 'q0': 0.588663995987506, 'alpha': 1.0903417143977059, 'beta': 1.0292353817624138, 'rho': 0.37868431591672963, 'ants': 31}) and found best instance after 30.125 seconds.
E1: {(193, 201), (81, 85), (90, 94), (150, 151), (0, 2), (128, 160), (87, 95), (2, 66), (252, 253), (1, 3), (1, 9), (30, 94), (56, 58), (85, 213), (62, 126), (197, 213), (193, 197), (10, 42), (147, 151), (245, 253), (29, 31), (31, 95), (0, 1), (31, 159), (39, 47), (46, 62), (83, 87), (1, 5), (2, 10), (213, 215), (47, 111), (110, 238), (56, 57), (81, 83), (47, 63), (42, 46), (54, 62), (213, 245), (107, 111), (99, 107), (46, 110), (42, 58), (30, 62), (80, 81), (0, 128), (2, 6), (45, 47), (62, 63), (30, 31), (151, 159), (209, 213)}
E2: {(210, 242), (232, 236), (56, 184), (72, 76), (91, 123), (163, 179), (86, 87), (0, 2), (113, 117), (128, 160), (87, 95), (114, 115), (2, 66), (10, 138), (28, 30), (252, 253), (40, 56), (148, 150), (172, 236), (91, 95), (1, 9), (117, 245), (56, 58), (148, 156), (62, 126), (240, 242), (83, 115), (10, 42), (28, 60), (245, 253), (221, 253), (101, 117), (89, 91), (31, 95), (0, 1), (114, 242), (83, 87), (46, 62), (236, 238), (2, 10), (1, 5), (76, 78), (138, 142), (138, 154), (110, 238), (24, 28), (81, 83), (108, 110), (42, 46), (51, 115), (76, 108), (51, 179), (46, 110), (42, 58), (30, 62), (113, 115), (80, 81), (0, 128), (28, 156), (30, 31), (54, 62)}
Obj: 29229

