Log for instance aco_tuning_out/inst24.txt.

Used ({'tau0': 8.524438848395618e-06, 'xi': 0.08260719400248602, 'q0': 0.6770641636613806, 'alpha': 0.6089210219484695, 'beta': 0.5746980829231113, 'rho': 0.06462761009956378, 'ants': 17}) and found best instance after 97.578125 seconds.
E1: {(76, 92), (42, 106), (15, 79), (154, 158), (15, 143), (243, 251), (146, 154), (44, 45), (0, 2), (40, 44), (176, 240), (40, 56), (2, 130), (252, 253), (56, 58), (249, 251), (160, 176), (44, 108), (154, 218), (90, 218), (12, 76), (221, 253), (144, 146), (143, 159), (34, 42), (235, 251), (144, 176), (56, 57), (249, 253), (42, 43), (71, 79), (139, 143), (2, 34), (218, 250), (158, 190), (76, 108), (141, 143), (42, 58), (130, 146), (158, 159), (250, 251)}
E2: {(42, 106), (183, 191), (90, 94), (165, 167), (60, 62), (237, 253), (146, 178), (187, 191), (2, 130), (253, 255), (53, 181), (120, 122), (94, 222), (62, 126), (88, 90), (166, 230), (146, 147), (21, 85), (221, 253), (191, 255), (88, 120), (165, 181), (144, 146), (5, 21), (34, 42), (2, 10), (106, 122), (166, 167), (230, 231), (88, 89), (63, 191), (226, 230), (175, 191), (180, 181), (2, 34), (147, 211), (228, 230), (167, 183), (122, 126), (114, 122), (130, 146), (62, 63), (21, 53), (195, 211)}
Obj: 24868

