Log for instance aco_tuning_out/inst30.txt.

Used ({'tau0': 5.498217034018323e-06, 'xi': 0.07476910638285614, 'q0': 0.4717218972346363, 'alpha': 1.947841791710605, 'beta': 1.831830451033867, 'rho': 0.12093333427234658, 'ants': 15}) and found best instance after 26.09375 seconds.
E1: {(171, 174), (171, 177), (97, 151), (171, 198), (27, 28), (131, 134), (195, 204), (14, 95), (236, 242), (198, 200), (151, 152), (117, 120), (94, 97), (94, 103), (174, 175), (103, 130), (240, 242), (28, 109), (79, 160), (36, 198), (186, 240), (27, 30), (30, 32), (102, 103), (91, 97), (27, 36), (25, 79), (183, 186), (174, 183), (130, 211), (151, 160), (117, 198), (64, 73), (94, 175), (73, 79), (130, 131), (198, 204), (94, 95), (0, 27)}
E2: {(188, 242), (185, 188), (166, 184), (162, 171), (171, 177), (118, 119), (176, 185), (171, 198), (236, 242), (198, 200), (151, 152), (26, 188), (157, 160), (189, 195), (182, 185), (36, 198), (135, 137), (26, 53), (94, 148), (36, 45), (109, 118), (184, 185), (151, 160), (117, 198), (146, 149), (64, 67), (149, 230), (137, 146), (0, 162), (91, 118), (53, 134), (95, 149), (228, 230), (119, 146), (67, 148), (95, 176), (117, 118), (148, 151), (94, 95), (189, 198), (25, 26)}
Obj: 33252

