Log for instance aco_tuning_out/inst21.txt.

Used ({'tau_0': 4.4510989038433445e-06, 'xi': 0.08945606202546638, 'q0': 0.47345622448593194, 'alpha': 1.2900775735272525, 'beta': 0.7464788134566036, 'rho': 0.4234734074527042, 'ants': 18}) and found best instance after 8.265625 seconds.
E1: {(68, 149), (198, 225), (162, 171), (226, 229), (14, 68), (162, 168), (171, 177), (217, 223), (162, 189), (171, 198), (217, 226), (149, 152), (189, 191), (171, 173), (165, 166), (229, 230), (36, 198), (68, 230), (173, 182), (216, 217), (191, 194), (64, 226), (135, 216), (173, 200), (32, 194), (36, 45), (228, 230), (165, 168), (216, 225)}
E2: {(120, 129), (72, 73), (57, 219), (80, 242), (0, 54), (43, 52), (73, 154), (69, 150), (57, 60), (227, 233), (236, 242), (89, 107), (129, 210), (15, 69), (96, 97), (154, 157), (211, 212), (136, 154), (15, 96), (25, 52), (173, 182), (57, 59), (233, 242), (173, 200), (8, 26), (91, 97), (8, 35), (192, 195), (54, 60), (26, 80), (32, 35), (224, 233), (64, 73), (109, 136), (54, 72), (173, 227), (192, 210), (215, 242), (150, 152), (45, 72), (192, 219), (135, 136), (60, 69), (26, 107), (60, 78), (210, 212), (214, 215), (212, 215), (223, 224), (52, 214)}
Obj: 31242

