Log for instance aco_tuning_out/inst27.txt.

Used ({'tau0': 7.271888129177242e-06, 'xi': 0.05984220487362216, 'q0': 0.5127813632941683, 'alpha': 0.28049908432308224, 'beta': 1.9767044196304102, 'rho': 0.05712818954691315, 'ants': 28}) and found best instance after 282.640625 seconds.
E1: {(146, 178), (28, 30), (238, 254), (28, 60), (112, 114), (158, 190), (228, 236), (112, 116), (209, 213), (132, 164), (243, 251), (60, 62), (23, 31), (114, 115), (110, 111), (249, 251), (164, 228), (187, 251), (213, 215), (36, 164), (249, 253), (34, 50), (30, 31), (11, 27), (54, 62), (47, 111), (250, 254), (146, 154), (155, 187), (221, 253), (28, 29), (213, 221), (110, 238), (3, 11), (43, 47), (46, 110), (115, 243), (62, 63), (250, 251), (30, 158), (144, 146), (142, 158), (39, 47), (46, 62), (236, 238), (27, 155), (50, 114), (204, 236), (50, 178), (113, 115)}
E2: {(119, 127), (243, 251), (125, 253), (216, 218), (141, 157), (242, 243), (123, 127), (157, 159), (56, 58), (249, 251), (240, 242), (6, 14), (166, 230), (146, 147), (10, 42), (125, 127), (147, 151), (202, 218), (221, 253), (14, 15), (101, 117), (127, 255), (144, 146), (14, 30), (31, 159), (48, 56), (10, 14), (117, 119), (249, 253), (56, 57), (226, 230), (111, 127), (218, 250), (226, 242), (42, 58), (242, 250), (157, 221), (30, 31), (151, 159)}
Obj: 26243

