Log for instance aco_tuning_out/inst30.txt.

Used ({'tau0': 6.2578016549988135e-06, 'xi': 0.07695855038194482, 'q0': 0.6338595363337294, 'alpha': 1.3781099098119947, 'beta': 1.0918136498914073, 'rho': 0.20985761634934252, 'ants': 15}) and found best instance after 13.921875 seconds.
E1: {(4, 58), (39, 201), (3, 4), (20, 23), (147, 149), (31, 32), (185, 212), (176, 185), (92, 146), (236, 239), (91, 92), (185, 239), (39, 66), (200, 206), (102, 183), (211, 212), (120, 201), (58, 67), (31, 34), (134, 215), (195, 197), (19, 20), (31, 58), (109, 115), (34, 115), (197, 206), (66, 147), (174, 183), (174, 177), (197, 215), (23, 185), (64, 67), (14, 176), (146, 149), (146, 152), (174, 201), (0, 3), (66, 67), (19, 25), (212, 215), (174, 176)}
E2: {(226, 232), (179, 206), (226, 229), (228, 229), (11, 173), (207, 209), (179, 233), (9, 11), (166, 220), (152, 233), (58, 220), (11, 20), (112, 139), (200, 206), (136, 139), (136, 145), (209, 215), (58, 67), (173, 179), (58, 76), (209, 236), (139, 220), (45, 207), (134, 215), (195, 197), (19, 20), (197, 206), (231, 232), (177, 231), (109, 112), (76, 157), (206, 215), (64, 67), (145, 226), (135, 136), (0, 9), (91, 145), (19, 25), (20, 182), (232, 233)}
Obj: 33673

