Log for instance aco_tuning_out/inst30.txt.

Used ({'tau_0': 8.613914963906393e-06, 'xi': 0.14574697859969848, 'q0': 0.4568549694035073, 'alpha': 1.0997466880204505, 'beta': 1.26467494952901, 'rho': 0.20648622793681415, 'ants': 10}) and found best instance after 9.796875 seconds.
E1: {(39, 201), (226, 235), (162, 165), (119, 200), (165, 167), (162, 168), (118, 119), (181, 187), (184, 211), (167, 185), (25, 187), (102, 104), (181, 235), (47, 128), (120, 201), (168, 195), (39, 41), (64, 226), (235, 236), (109, 118), (174, 177), (184, 185), (128, 134), (119, 128), (91, 118), (0, 162), (41, 50), (47, 50), (32, 41), (146, 152), (165, 174), (174, 201), (119, 146), (104, 185), (14, 41), (184, 187)}
E2: {(231, 240), (37, 64), (108, 109), (0, 27), (165, 167), (20, 47), (36, 37), (236, 242), (161, 242), (45, 46), (240, 242), (160, 161), (19, 100), (200, 209), (108, 111), (47, 128), (111, 192), (228, 231), (46, 47), (209, 236), (108, 135), (19, 20), (166, 167), (27, 36), (91, 100), (177, 231), (192, 195), (128, 134), (152, 161), (47, 209), (19, 25), (165, 192), (157, 160), (20, 182), (37, 46), (27, 108)}
Obj: 32066

