Log for instance aco_tuning_out/inst12.txt.

Used ({'tau_0': 4.4510989038433445e-06, 'xi': 0.08945606202546638, 'q0': 0.47345622448593194, 'alpha': 1.2900775735272525, 'beta': 0.7464788134566036, 'rho': 0.4234734074527042, 'ants': 18}) and found best instance after 8.296875 seconds.
E1: {(81, 82), (33, 42), (45, 126), (99, 100), (184, 211), (29, 32), (39, 42), (101, 182), (100, 101), (0, 81), (85, 103), (136, 139), (81, 84), (136, 142), (99, 102), (126, 128), (84, 86), (81, 99), (86, 89), (43, 124), (99, 126), (85, 139), (100, 103), (103, 184), (36, 42), (39, 120), (27, 36), (27, 45), (151, 160), (128, 134), (109, 136), (82, 91), (85, 166), (142, 160), (124, 151), (33, 195), (27, 29)}
E2: {(43, 205), (81, 82), (115, 142), (212, 239), (212, 215), (166, 193), (69, 71), (64, 145), (133, 214), (236, 239), (66, 69), (71, 233), (152, 233), (198, 200), (88, 142), (24, 78), (39, 66), (223, 232), (71, 80), (30, 39), (136, 145), (136, 142), (156, 157), (133, 134), (21, 24), (177, 204), (36, 198), (77, 80), (36, 39), (196, 205), (30, 32), (205, 214), (27, 36), (88, 89), (66, 147), (24, 25), (81, 135), (193, 196), (27, 45), (109, 136), (211, 214), (205, 232), (82, 88), (147, 156), (69, 78), (59, 77), (21, 102), (204, 205), (214, 215), (198, 204), (115, 133)}
Obj: 35561

