Log for instance aco_tuning_out/inst06.txt.

Used ({'tau_0': 4.854876741746394e-06, 'xi': 0.1452545140568255, 'q0': 0.42195591018398276, 'alpha': 0.3555439034289861, 'beta': 0.8668501148752592, 'rho': 0.11887721475075397, 'ants': 32}) and found best instance after 175.0625 seconds.
E1: {(17, 21), (5, 37), (25, 89), (105, 109), (212, 244), (208, 210), (166, 167), (1, 17), (240, 244), (208, 212), (236, 237), (210, 211), (39, 167), (114, 115), (1, 3), (121, 249), (206, 207), (248, 252), (1, 5), (129, 145), (24, 25), (135, 167), (37, 53), (128, 192), (188, 252), (17, 25), (2, 6), (172, 188), (128, 130), (220, 222), (172, 236), (244, 252), (37, 39), (174, 175), (192, 208), (180, 188), (172, 174), (110, 238), (46, 110), (78, 206), (2, 3), (232, 248), (206, 238), (37, 45), (128, 129), (174, 190), (83, 115), (206, 222), (220, 221), (21, 85), (105, 121), (17, 145), (236, 238), (109, 237), (21, 23), (83, 211)}
E2: {(2, 66), (156, 188), (5, 37), (166, 174), (87, 119), (162, 170), (188, 189), (68, 196), (1, 17), (32, 96), (162, 163), (2, 34), (213, 245), (68, 70), (37, 101), (193, 225), (1, 3), (197, 213), (1, 5), (129, 145), (132, 196), (230, 231), (66, 70), (129, 193), (70, 86), (166, 230), (159, 191), (90, 91), (193, 195), (188, 190), (86, 87), (87, 95), (187, 191), (34, 162), (91, 95), (174, 175), (193, 197), (32, 36), (180, 188), (212, 213), (162, 166), (2, 3), (193, 201), (32, 40), (36, 37), (174, 190), (89, 91), (17, 145), (226, 230), (175, 191), (2, 18)}
Obj: 31077

