Log for instance aco_tuning_out/inst24.txt.

Used ({'tau_0': 6.1953877645287985e-06, 'xi': 0.12592428493863295, 'q0': 0.5371346552036473, 'alpha': 0.6164150020009103, 'beta': 1.0047990339648631, 'rho': 0.10018538445968772, 'ants': 21}) and found best instance after 239.578125 seconds.
E1: {(76, 92), (15, 143), (99, 103), (107, 235), (12, 13), (13, 45), (43, 107), (0, 2), (128, 160), (8, 12), (242, 243), (0, 8), (40, 56), (2, 130), (186, 250), (122, 250), (220, 252), (56, 58), (240, 242), (58, 122), (220, 221), (128, 144), (12, 76), (143, 159), (106, 107), (106, 122), (56, 57), (13, 141), (139, 143), (2, 34), (76, 108), (141, 143), (99, 107), (71, 103), (0, 128), (154, 186), (90, 122), (186, 190), (242, 250), (92, 220), (8, 40)}
E2: {(183, 191), (219, 223), (211, 219), (228, 229), (229, 237), (146, 178), (187, 191), (221, 223), (53, 181), (120, 122), (166, 230), (146, 147), (21, 85), (181, 183), (191, 255), (165, 181), (144, 146), (5, 21), (2, 10), (106, 122), (230, 231), (63, 191), (120, 124), (85, 93), (226, 230), (175, 191), (180, 181), (147, 211), (50, 114), (2, 34), (50, 178), (228, 230), (60, 124), (165, 229), (222, 223), (223, 255), (90, 122), (89, 93), (114, 122), (21, 53), (195, 211), (34, 50)}
Obj: 25145

