Log for instance aco_tuning_out/inst03.txt.

Used ({'tau_0': 3.986574795084688e-06, 'xi': 0.12869898263116974, 'q0': 0.7324104580466773, 'alpha': 0.38736117587741714, 'beta': 0.6247624947394189, 'rho': 0.4525392981526261, 'ants': 9}) and found best instance after 9.53125 seconds.
E1: {(210, 242), (128, 136), (136, 137), (196, 228), (155, 187), (165, 167), (147, 155), (118, 119), (39, 167), (157, 221), (49, 53), (114, 118), (131, 195), (53, 181), (64, 65), (240, 242), (36, 52), (143, 175), (64, 68), (128, 132), (136, 200), (65, 97), (52, 54), (20, 28), (165, 181), (135, 143), (49, 113), (97, 101), (114, 242), (155, 219), (132, 196), (20, 52), (97, 113), (68, 196), (54, 118), (149, 157), (135, 167), (200, 202), (24, 28), (149, 181), (52, 53), (200, 232), (143, 207), (9, 137), (49, 57), (196, 204), (28, 92), (131, 135), (131, 147)}
E2: {(128, 136), (136, 137), (200, 201), (177, 181), (132, 164), (154, 158), (200, 216), (107, 235), (44, 45), (98, 226), (43, 107), (181, 245), (164, 180), (40, 44), (210, 214), (196, 197), (34, 98), (158, 222), (160, 164), (128, 132), (136, 200), (1, 33), (44, 172), (15, 47), (0, 1), (48, 50), (31, 159), (1, 5), (132, 196), (214, 222), (36, 164), (1, 17), (198, 214), (128, 192), (47, 63), (98, 99), (50, 114), (164, 166), (180, 181), (107, 111), (43, 47), (99, 107), (164, 172), (107, 123), (98, 114), (150, 158), (0, 128), (9, 137), (196, 198), (45, 47), (31, 63)}
Obj: 29906

