Log for instance aco_tuning_out/inst27.txt.

Used ({'tau0': 5.498217034018323e-06, 'xi': 0.07476910638285614, 'q0': 0.4717218972346363, 'alpha': 1.947841791710605, 'beta': 1.831830451033867, 'rho': 0.12093333427234658, 'ants': 15}) and found best instance after 14.3125 seconds.
E1: {(154, 155), (250, 254), (154, 158), (196, 228), (155, 187), (220, 222), (3, 19), (144, 208), (28, 30), (121, 249), (212, 214), (158, 222), (19, 27), (196, 212), (30, 158), (62, 190), (238, 254), (220, 221), (116, 124), (28, 60), (221, 253), (142, 158), (39, 47), (19, 23), (28, 29), (132, 196), (27, 155), (222, 254), (47, 111), (214, 222), (249, 253), (47, 63), (158, 190), (43, 47), (60, 124), (208, 209), (38, 39), (208, 212), (113, 121), (34, 38), (196, 204), (36, 38), (62, 63), (214, 215), (54, 62)}
E2: {(154, 155), (243, 251), (101, 103), (147, 155), (216, 218), (176, 240), (141, 157), (97, 105), (57, 121), (121, 249), (48, 176), (253, 255), (56, 58), (249, 251), (6, 14), (166, 230), (10, 42), (154, 218), (202, 218), (105, 121), (221, 253), (14, 15), (121, 123), (103, 111), (97, 101), (48, 56), (14, 30), (10, 14), (214, 222), (144, 176), (249, 253), (56, 57), (226, 230), (230, 246), (218, 250), (214, 246), (42, 58), (218, 222), (121, 125), (103, 119), (157, 221), (250, 251)}
Obj: 25965

