Log for instance aco_tuning_out/inst03.txt.

Used ({'tau0': 9.387858024888234e-06, 'xi': 0.14290215705758647, 'q0': 0.4917258290014144, 'alpha': 1.0227666505205433, 'beta': 1.168523363313268, 'rho': 0.2926263236671505, 'ants': 22}) and found best instance after 129.6875 seconds.
E1: {(192, 194), (128, 136), (136, 137), (204, 220), (155, 187), (147, 155), (192, 224), (100, 101), (36, 37), (187, 191), (37, 39), (54, 55), (224, 228), (192, 196), (65, 97), (224, 240), (194, 202), (220, 221), (202, 203), (147, 151), (20, 28), (49, 113), (97, 101), (155, 219), (97, 113), (195, 203), (68, 196), (149, 151), (53, 55), (100, 228), (24, 28), (37, 53), (128, 192), (55, 119), (175, 191), (203, 207), (194, 210), (203, 219), (9, 137), (49, 57), (135, 151), (196, 204), (37, 101), (28, 92), (92, 220), (224, 232)}
E2: {(192, 194), (128, 136), (136, 137), (200, 201), (32, 34), (132, 164), (154, 158), (32, 40), (146, 154), (200, 216), (107, 235), (43, 107), (181, 245), (164, 180), (17, 21), (196, 197), (36, 37), (5, 37), (158, 222), (37, 45), (160, 164), (192, 196), (32, 33), (32, 36), (15, 47), (48, 50), (194, 226), (5, 21), (177, 181), (132, 196), (32, 160), (146, 210), (128, 192), (137, 201), (50, 114), (164, 166), (47, 63), (107, 111), (180, 181), (99, 107), (158, 159), (194, 210), (164, 172), (107, 123), (150, 158), (0, 128), (9, 137), (196, 198), (45, 47), (34, 50), (47, 111)}
Obj: 28589

