Log for instance aco_tuning_out/inst30.txt.

Used ({'tau_0': 5.27015365896669e-06, 'xi': 0.12993599333145528, 'q0': 0.31614692226037566, 'alpha': 1.9457803192705339, 'beta': 1.0826765605366773, 'rho': 0.462237565316319, 'ants': 26}) and found best instance after 9.171875 seconds.
E1: {(3, 4), (189, 216), (4, 58), (175, 202), (102, 129), (151, 232), (31, 32), (190, 196), (199, 205), (129, 131), (234, 236), (121, 130), (131, 134), (151, 152), (103, 130), (22, 25), (118, 121), (129, 130), (100, 103), (189, 190), (121, 202), (196, 205), (175, 176), (31, 58), (231, 232), (109, 118), (177, 231), (55, 58), (120, 121), (130, 211), (91, 100), (14, 176), (55, 64), (205, 232), (199, 200), (4, 22), (0, 3), (22, 103), (195, 196), (118, 199), (216, 234)}
E2: {(171, 174), (45, 126), (99, 100), (162, 171), (162, 168), (162, 180), (207, 209), (234, 236), (107, 134), (100, 101), (152, 233), (63, 64), (162, 216), (174, 175), (105, 106), (200, 209), (163, 169), (99, 105), (168, 177), (180, 182), (222, 224), (0, 1), (63, 225), (99, 126), (94, 148), (126, 207), (135, 216), (168, 222), (192, 195), (224, 233), (192, 201), (171, 172), (94, 175), (1, 163), (25, 106), (174, 201), (82, 100), (101, 107), (99, 180), (216, 225), (82, 109), (174, 228), (216, 234), (166, 169), (148, 157), (168, 169), (91, 172)}
Obj: 36363

