Log for instance aco_tuning_out/inst21.txt.

Used ({'tau_0': 2.3890526897386258e-06, 'xi': 0.09728269253474063, 'q0': 0.5264084644635578, 'alpha': 0.34480659763074994, 'beta': 1.2781748892293714, 'rho': 0.12380145068388254, 'ants': 25}) and found best instance after 247.046875 seconds.
E1: {(226, 232), (175, 202), (217, 220), (166, 220), (54, 216), (231, 232), (177, 231), (229, 232), (54, 72), (232, 233), (228, 229), (217, 226), (202, 203), (173, 176), (175, 176), (64, 70), (32, 41), (70, 232), (54, 135), (152, 233), (41, 203), (14, 176), (216, 217), (173, 182), (173, 200), (220, 223), (45, 72), (202, 229)}
E2: {(72, 75), (107, 161), (108, 114), (118, 124), (107, 188), (139, 220), (54, 216), (86, 113), (113, 131), (27, 45), (21, 75), (18, 21), (27, 54), (54, 72), (49, 130), (139, 142), (118, 119), (182, 188), (22, 25), (209, 236), (64, 70), (91, 118), (208, 209), (32, 59), (124, 151), (33, 195), (43, 205), (0, 18), (27, 108), (27, 28), (125, 152), (28, 109), (86, 89), (110, 119), (108, 110), (127, 208), (120, 123), (32, 113), (124, 205), (103, 130), (160, 161), (200, 209), (72, 78), (49, 211), (103, 157), (124, 125), (33, 114), (127, 130), (118, 127), (70, 151), (135, 216), (114, 123), (22, 49), (151, 160), (220, 223), (130, 131), (142, 160)}
Obj: 32150

