Log for instance aco_tuning_out/inst24.txt.

Used ({'tau0': 5.432541354150304e-06, 'xi': 0.1098768506848867, 'q0': 0.588663995987506, 'alpha': 1.0903417143977059, 'beta': 1.0292353817624138, 'rho': 0.37868431591672963, 'ants': 31}) and found best instance after 22.671875 seconds.
E1: {(76, 92), (32, 34), (58, 59), (15, 143), (99, 103), (146, 154), (107, 235), (32, 40), (50, 58), (43, 107), (242, 243), (146, 178), (252, 253), (122, 250), (240, 242), (45, 61), (0, 32), (59, 63), (220, 221), (61, 63), (142, 143), (12, 76), (221, 253), (144, 146), (57, 59), (143, 159), (106, 107), (76, 78), (106, 122), (63, 191), (32, 160), (139, 143), (76, 108), (50, 178), (141, 143), (99, 107), (71, 103), (190, 191), (142, 206), (43, 59), (78, 206), (90, 122), (242, 250), (130, 146), (92, 220), (34, 50), (159, 191)}
E2: {(183, 191), (42, 106), (165, 167), (5, 7), (60, 62), (237, 253), (103, 231), (146, 178), (187, 191), (121, 249), (253, 255), (53, 181), (120, 122), (85, 213), (7, 71), (146, 147), (10, 42), (221, 253), (191, 255), (165, 181), (144, 146), (106, 122), (166, 167), (230, 231), (213, 221), (222, 254), (63, 191), (249, 253), (120, 121), (226, 230), (89, 121), (175, 191), (180, 181), (50, 114), (228, 230), (147, 211), (62, 63), (50, 178), (71, 103), (254, 255), (90, 122), (167, 183), (114, 122), (166, 230), (195, 211), (34, 50)}
Obj: 26941

