Log for instance aco_tuning_out/inst18.txt.

Used ({'tau0': 3.5413625395276035e-06, 'xi': 0.13677021617214064, 'q0': 0.40454797157881806, 'alpha': 1.9054287973649844, 'beta': 1.2761266989533575, 'rho': 0.43117638553854254, 'ants': 24}) and found best instance after 15.765625 seconds.
E1: {(136, 137), (132, 164), (81, 85), (58, 62), (20, 148), (181, 245), (12, 28), (126, 254), (87, 95), (9, 11), (148, 150), (136, 140), (37, 45), (132, 148), (160, 164), (62, 126), (146, 150), (238, 254), (146, 147), (81, 209), (52, 54), (28, 60), (12, 76), (29, 31), (12, 140), (52, 60), (70, 78), (165, 181), (31, 95), (69, 85), (31, 159), (39, 47), (46, 62), (28, 29), (20, 52), (76, 78), (85, 87), (66, 74), (47, 111), (74, 90), (24, 25), (24, 28), (37, 165), (137, 201), (47, 63), (3, 11), (107, 111), (99, 107), (5, 69), (87, 215), (25, 57), (69, 197), (80, 81), (9, 137), (66, 70), (252, 254), (45, 47), (62, 63), (6, 70), (54, 62)}
E2: {(56, 184), (168, 172), (136, 137), (32, 40), (154, 158), (168, 184), (220, 222), (20, 148), (72, 88), (206, 238), (163, 179), (104, 108), (113, 117), (114, 115), (104, 120), (123, 127), (148, 150), (115, 123), (158, 222), (117, 245), (30, 158), (146, 150), (110, 126), (206, 222), (220, 221), (52, 54), (52, 60), (88, 120), (24, 56), (70, 78), (101, 117), (5, 21), (104, 232), (40, 168), (142, 158), (80, 88), (244, 245), (20, 52), (88, 89), (120, 124), (110, 238), (240, 244), (32, 160), (146, 210), (108, 110), (60, 124), (20, 21), (51, 115), (124, 252), (51, 179), (126, 127), (113, 115), (78, 206), (136, 168), (9, 137), (70, 86), (66, 70), (56, 120)}
Obj: 34602

