Log for instance aco_tuning_out/inst15.txt.

Used ({'tau0': 6.916816029978271e-06, 'xi': 0.13109583259981678, 'q0': 0.7096508529113955, 'alpha': 0.8294099029859726, 'beta': 1.23731470593669, 'rho': 0.12314043168046776, 'ants': 23}) and found best instance after 115.234375 seconds.
E1: {(171, 177), (42, 51), (118, 119), (171, 180), (139, 157), (64, 145), (171, 198), (195, 204), (198, 200), (136, 139), (136, 145), (204, 231), (180, 182), (228, 231), (36, 198), (38, 119), (118, 145), (36, 42), (109, 118), (42, 43), (91, 118), (51, 78), (36, 38), (198, 204)}
E2: {(166, 175), (162, 171), (5, 59), (175, 202), (171, 177), (171, 180), (199, 202), (222, 231), (171, 198), (234, 236), (16, 178), (153, 159), (5, 86), (78, 159), (198, 200), (126, 153), (63, 64), (162, 216), (195, 222), (16, 25), (180, 182), (228, 231), (126, 128), (36, 198), (86, 89), (135, 216), (198, 199), (36, 42), (175, 176), (153, 234), (109, 118), (36, 45), (128, 134), (42, 43), (14, 176), (36, 63), (0, 162), (202, 211), (5, 14), (216, 222), (5, 32), (118, 199), (216, 234), (175, 178)}
Obj: 26236

