Log for instance aco_tuning_out/inst30.txt.

Used ({'tau_0': 5.888779735025123e-06, 'xi': 0.14210673593322504, 'q0': 0.5532221197439141, 'alpha': 1.4492226579119356, 'beta': 1.732090480737235, 'rho': 0.42744550361996797, 'ants': 10}) and found best instance after 4.109375 seconds.
E1: {(171, 174), (162, 171), (92, 119), (37, 64), (162, 168), (20, 23), (159, 160), (29, 32), (126, 132), (49, 50), (171, 198), (91, 92), (36, 37), (100, 101), (109, 110), (198, 200), (117, 120), (218, 236), (117, 126), (160, 161), (92, 173), (171, 173), (49, 211), (164, 173), (36, 198), (168, 195), (20, 101), (164, 191), (100, 103), (19, 20), (102, 103), (191, 218), (174, 177), (110, 119), (117, 198), (100, 127), (53, 134), (132, 159), (0, 162), (50, 53), (126, 127), (14, 23), (152, 161), (19, 25), (23, 50), (29, 191)}
E2: {(38, 200), (3, 4), (4, 58), (171, 174), (39, 201), (110, 191), (84, 87), (66, 228), (159, 160), (38, 47), (19, 73), (171, 198), (101, 182), (20, 47), (100, 101), (109, 110), (134, 161), (39, 66), (160, 161), (105, 106), (81, 84), (18, 19), (195, 222), (20, 74), (36, 198), (58, 76), (20, 101), (191, 209), (19, 20), (100, 106), (4, 166), (91, 100), (174, 177), (81, 135), (76, 157), (64, 73), (74, 236), (174, 201), (152, 161), (18, 45), (3, 84), (234, 240), (216, 222), (159, 240), (47, 209), (19, 25), (87, 105), (36, 38), (216, 234), (0, 18), (105, 159)}
Obj: 37870

