Log for instance aco_tuning_out/inst06.txt.

Used ({'tau0': 6.1953877645287985e-06, 'xi': 0.12592428493863295, 'q0': 0.5371346552036473, 'alpha': 0.6164150020009103, 'beta': 1.0047990339648631, 'rho': 0.10018538445968772, 'ants': 21}) and found best instance after 34.828125 seconds.
E1: {(105, 107), (210, 214), (2, 130), (25, 89), (83, 87), (166, 167), (2, 34), (164, 180), (210, 211), (39, 167), (212, 214), (110, 111), (240, 248), (3, 131), (214, 222), (135, 167), (24, 25), (249, 253), (128, 192), (164, 166), (98, 114), (2, 6), (172, 188), (128, 130), (188, 190), (129, 131), (87, 95), (34, 98), (91, 95), (78, 110), (196, 212), (174, 175), (221, 253), (248, 249), (172, 174), (45, 173), (110, 238), (180, 181), (46, 110), (23, 87), (46, 174), (131, 135), (232, 248), (237, 253), (53, 181), (207, 239), (128, 129), (192, 196), (89, 91), (85, 87), (237, 239), (107, 111), (173, 175), (164, 172), (83, 211), (175, 239)}
E2: {(90, 91), (193, 195), (193, 201), (132, 164), (162, 226), (188, 190), (32, 34), (32, 40), (180, 244), (164, 180), (129, 131), (87, 95), (193, 225), (196, 197), (2, 66), (1, 3), (156, 188), (34, 98), (68, 69), (91, 95), (69, 101), (196, 212), (87, 119), (193, 197), (188, 189), (3, 131), (89, 91), (31, 95), (170, 171), (31, 159), (1, 5), (244, 245), (132, 196), (230, 231), (1, 17), (36, 164), (226, 230), (175, 191), (162, 163), (2, 34), (164, 166), (171, 175), (131, 163), (190, 191), (164, 172), (171, 187), (69, 197), (129, 193), (2, 3), (2, 18), (159, 191), (172, 188), (96, 98)}
Obj: 31149

