Log for instance aco_tuning_out/inst06.txt.

Used ({'tau_0': 5.27015365896669e-06, 'xi': 0.12993599333145528, 'q0': 0.31614692226037566, 'alpha': 1.9457803192705339, 'beta': 1.0826765605366773, 'rho': 0.462237565316319, 'ants': 26}) and found best instance after 14.734375 seconds.
E1: {(140, 156), (128, 136), (136, 137), (25, 29), (81, 85), (188, 190), (220, 222), (180, 244), (52, 180), (210, 211), (233, 237), (210, 214), (156, 188), (129, 137), (233, 249), (212, 220), (78, 110), (2, 130), (114, 118), (83, 211), (166, 174), (174, 175), (143, 175), (6, 14), (174, 190), (81, 209), (25, 89), (220, 221), (52, 54), (180, 188), (173, 237), (46, 47), (135, 143), (39, 47), (10, 14), (172, 174), (28, 29), (2, 10), (54, 118), (214, 222), (45, 173), (209, 211), (110, 238), (24, 28), (240, 244), (128, 192), (105, 233), (156, 220), (46, 110), (52, 53), (46, 174), (14, 78), (143, 207), (23, 151), (172, 173), (2, 3), (135, 151), (28, 156), (232, 233), (136, 140)}
E2: {(193, 201), (132, 164), (188, 190), (118, 119), (197, 229), (40, 44), (64, 96), (135, 199), (193, 225), (225, 227), (2, 66), (1, 3), (187, 191), (156, 188), (66, 194), (212, 214), (174, 175), (166, 174), (64, 68), (174, 190), (193, 197), (163, 227), (188, 189), (180, 188), (86, 118), (86, 214), (229, 245), (170, 174), (194, 226), (17, 81), (1, 5), (2, 10), (134, 166), (74, 90), (199, 231), (36, 164), (1, 17), (194, 195), (175, 191), (81, 89), (2, 34), (195, 227), (134, 135), (101, 229), (66, 70), (70, 86), (195, 199), (2, 3), (132, 134), (68, 70), (10, 74), (1, 129), (2, 18), (36, 44), (159, 191)}
Obj: 34149

