Log for instance aco_tuning_out/inst03.txt.

Used ({'tau0': 8.524494344253886e-06, 'xi': 0.09819260408139344, 'q0': 0.8088391626043536, 'alpha': 1.5978494389623978, 'beta': 0.3615392099783453, 'rho': 0.32122496368584613, 'ants': 32}) and found best instance after 36.265625 seconds.
E1: {(200, 201), (177, 181), (155, 187), (156, 158), (147, 155), (211, 219), (165, 167), (86, 87), (228, 244), (210, 211), (87, 95), (39, 167), (155, 159), (252, 253), (156, 188), (187, 191), (206, 207), (244, 252), (53, 181), (76, 204), (87, 119), (96, 97), (202, 206), (65, 97), (32, 36), (142, 143), (20, 22), (221, 253), (165, 181), (135, 143), (31, 95), (22, 86), (142, 158), (31, 159), (49, 177), (143, 159), (49, 113), (155, 219), (97, 101), (76, 78), (97, 113), (54, 118), (135, 167), (200, 202), (240, 244), (24, 28), (32, 96), (137, 201), (175, 191), (188, 252), (149, 181), (200, 232), (143, 207), (78, 206), (9, 137), (49, 57), (28, 92), (28, 156), (195, 211), (68, 76), (86, 118)}
E2: {(177, 181), (105, 107), (154, 158), (193, 201), (15, 143), (98, 226), (165, 167), (156, 158), (43, 107), (13, 45), (181, 245), (5, 13), (216, 218), (40, 44), (201, 233), (210, 211), (17, 21), (114, 115), (156, 188), (34, 98), (148, 150), (115, 123), (198, 206), (158, 222), (132, 148), (192, 193), (32, 33), (0, 32), (193, 197), (83, 115), (32, 36), (206, 222), (105, 109), (180, 188), (142, 143), (32, 48), (165, 181), (36, 44), (49, 113), (142, 158), (49, 177), (31, 159), (143, 159), (9, 13), (5, 21), (132, 196), (166, 167), (45, 109), (32, 160), (105, 233), (180, 181), (98, 99), (33, 49), (107, 111), (99, 107), (113, 115), (98, 114), (233, 235), (218, 222), (196, 198), (83, 211), (31, 63), (172, 188)}
Obj: 35574

