Log for instance aco_tuning_out/inst15.txt.

Used ({'tau_0': 2.760703391532889e-06, 'xi': 0.11284095755067615, 'q0': 0.39431429333058177, 'alpha': 1.2851296972235255, 'beta': 1.3966465894197229, 'rho': 0.20591685095973755, 'ants': 13}) and found best instance after 12.859375 seconds.
E1: {(201, 203), (39, 201), (51, 53), (20, 26), (33, 51), (73, 154), (100, 101), (34, 43), (30, 33), (200, 203), (30, 39), (154, 157), (20, 101), (26, 53), (91, 100), (174, 177), (109, 127), (33, 34), (100, 127), (64, 73), (174, 201), (100, 154), (51, 78), (174, 228), (33, 195), (20, 182)}
E2: {(5, 59), (166, 193), (190, 193), (190, 199), (64, 145), (112, 115), (190, 196), (176, 185), (236, 239), (27, 28), (5, 86), (174, 176), (185, 239), (112, 139), (176, 203), (136, 139), (136, 145), (28, 109), (200, 203), (79, 160), (133, 134), (182, 185), (86, 89), (78, 79), (112, 193), (86, 113), (25, 79), (174, 177), (27, 45), (14, 176), (193, 211), (135, 136), (199, 200), (28, 190), (37, 199), (112, 113), (133, 160), (195, 196), (174, 228), (5, 32), (37, 43), (0, 27), (115, 133)}
Obj: 27999

