Log for instance aco_tuning_out/inst06.txt.

Used ({'tau_0': 8.524438848395618e-06, 'xi': 0.08260719400248602, 'q0': 0.6770641636613806, 'alpha': 0.6089210219484695, 'beta': 0.5746980829231113, 'rho': 0.06462761009956378, 'ants': 17}) and found best instance after 78.78125 seconds.
E1: {(47, 175), (188, 190), (220, 222), (206, 238), (237, 253), (233, 237), (17, 21), (82, 114), (1, 3), (2, 130), (212, 220), (206, 207), (174, 175), (166, 174), (143, 175), (174, 190), (82, 83), (25, 89), (206, 222), (220, 221), (192, 208), (21, 85), (180, 188), (221, 253), (208, 210), (135, 143), (39, 47), (17, 81), (172, 174), (1, 17), (208, 240), (24, 25), (249, 253), (105, 233), (81, 83), (82, 210), (81, 89), (21, 23), (46, 174), (208, 212), (78, 206), (143, 207), (2, 3), (1, 129), (2, 6), (45, 47), (21, 53), (232, 233)}
E2: {(90, 91), (193, 195), (193, 201), (32, 40), (188, 190), (82, 90), (101, 103), (193, 225), (103, 231), (196, 197), (2, 66), (1, 3), (187, 191), (156, 188), (196, 212), (166, 174), (174, 175), (96, 97), (166, 230), (174, 190), (193, 197), (32, 36), (212, 244), (188, 189), (180, 188), (89, 91), (170, 171), (97, 101), (1, 5), (244, 245), (132, 196), (230, 231), (68, 196), (1, 17), (32, 96), (226, 230), (175, 191), (163, 171), (2, 34), (171, 187), (129, 193), (103, 119), (2, 3), (1, 129), (97, 225), (66, 82), (2, 18), (159, 191)}
Obj: 27904

