Log for instance aco_tuning_out/inst30.txt.

Used ({'tau0': 6.916816029978271e-06, 'xi': 0.13109583259981678, 'q0': 0.7096508529113955, 'alpha': 0.8294099029859726, 'beta': 1.23731470593669, 'rho': 0.12314043168046776, 'ants': 23}) and found best instance after 232.765625 seconds.
E1: {(162, 171), (37, 64), (162, 168), (175, 202), (171, 177), (125, 134), (199, 202), (38, 41), (178, 179), (125, 152), (227, 236), (97, 178), (96, 97), (105, 106), (171, 173), (173, 179), (168, 195), (173, 200), (102, 105), (37, 38), (109, 118), (96, 105), (91, 118), (0, 162), (173, 227), (32, 41), (25, 106), (202, 211), (37, 199), (96, 123), (123, 125), (118, 199), (175, 178), (14, 41), (120, 123)}
E2: {(166, 175), (226, 232), (171, 177), (171, 180), (179, 233), (176, 185), (51, 132), (178, 179), (236, 239), (238, 239), (185, 239), (152, 233), (171, 173), (136, 145), (157, 238), (0, 18), (180, 182), (51, 52), (173, 179), (25, 52), (64, 226), (118, 145), (173, 200), (18, 180), (196, 205), (175, 176), (205, 214), (109, 118), (91, 118), (205, 232), (145, 226), (178, 232), (135, 136), (18, 45), (132, 134), (195, 196), (174, 228), (175, 178), (174, 176), (52, 214)}
Obj: 31418

