Log for instance aco_tuning_out/inst09.txt.

Used ({'tau_0': 8.037069826251222e-06, 'xi': 0.09645020294268639, 'q0': 0.6378636958577493, 'alpha': 1.5874523603304216, 'beta': 1.117749324798499, 'rho': 0.3122873583242921, 'ants': 22}) and found best instance after 9.390625 seconds.
E1: {(166, 175), (150, 151), (159, 160), (135, 138), (123, 124), (57, 66), (142, 223), (236, 242), (85, 88), (85, 94), (94, 103), (174, 175), (240, 242), (147, 148), (43, 124), (94, 148), (175, 176), (102, 103), (88, 89), (66, 147), (174, 177), (123, 150), (151, 160), (3, 57), (14, 176), (78, 240), (147, 150), (94, 175), (142, 151), (0, 3), (159, 240), (138, 147), (148, 157), (120, 123)}
E2: {(111, 120), (166, 175), (33, 42), (3, 4), (39, 201), (4, 58), (58, 59), (175, 202), (118, 119), (84, 87), (87, 89), (179, 233), (39, 42), (176, 179), (39, 48), (152, 233), (26, 188), (121, 148), (201, 202), (30, 39), (223, 241), (148, 229), (157, 238), (118, 121), (3, 30), (238, 241), (175, 176), (30, 32), (45, 48), (174, 177), (128, 134), (119, 128), (30, 111), (174, 201), (0, 3), (202, 229), (3, 84), (211, 238), (179, 188), (33, 195), (148, 157), (25, 26)}
Obj: 30324

