Log for instance aco_tuning_out/inst06.txt.

Used ({'tau0': 7.812894719628246e-06, 'xi': 0.0766649900567211, 'q0': 0.3937027431240757, 'alpha': 1.3517471324904988, 'beta': 1.9563494025351882, 'rho': 0.17338412974172868, 'ants': 20}) and found best instance after 275.6875 seconds.
E1: {(128, 130), (206, 238), (38, 102), (237, 253), (29, 93), (129, 131), (112, 240), (210, 214), (83, 91), (212, 214), (37, 39), (37, 45), (102, 110), (174, 175), (166, 174), (128, 129), (143, 175), (174, 190), (105, 109), (206, 222), (180, 188), (3, 131), (221, 253), (6, 38), (89, 91), (135, 143), (112, 114), (234, 238), (83, 87), (172, 174), (28, 29), (85, 87), (45, 109), (232, 234), (214, 222), (109, 237), (110, 238), (249, 253), (85, 93), (37, 53), (128, 192), (24, 28), (98, 102), (46, 110), (46, 174), (38, 39), (98, 114), (78, 206), (143, 207), (23, 87), (131, 135), (93, 221), (172, 188)}
E2: {(193, 195), (193, 201), (42, 170), (98, 226), (18, 26), (193, 225), (225, 227), (196, 197), (2, 66), (1, 3), (36, 37), (34, 98), (157, 159), (5, 37), (132, 148), (148, 156), (85, 213), (197, 213), (174, 175), (87, 119), (166, 174), (174, 190), (193, 197), (156, 157), (148, 180), (26, 90), (73, 89), (157, 189), (170, 171), (212, 213), (1, 5), (34, 42), (132, 196), (85, 87), (68, 196), (1, 17), (226, 227), (163, 171), (2, 34), (73, 201), (213, 245), (171, 175), (171, 187), (40, 42), (129, 193), (1, 129), (227, 231), (37, 101), (2, 18), (96, 98)}
Obj: 31208

