Log for instance aco_tuning_out/inst24.txt.

Used ({'tau_0': 5.7232384546733595e-06, 'xi': 0.1429672685027304, 'q0': 0.57445047410033, 'alpha': 1.4195433954167913, 'beta': 1.4047255855017542, 'rho': 0.4106053256096564, 'ants': 31}) and found best instance after 22.296875 seconds.
E1: {(76, 92), (90, 91), (41, 43), (99, 103), (15, 143), (243, 251), (107, 235), (146, 154), (43, 107), (0, 2), (176, 240), (40, 41), (252, 253), (186, 250), (2, 130), (122, 250), (91, 95), (249, 251), (88, 90), (41, 45), (58, 122), (160, 176), (12, 76), (41, 57), (221, 253), (144, 146), (31, 95), (31, 159), (143, 159), (106, 107), (106, 122), (144, 176), (249, 253), (88, 92), (139, 143), (2, 34), (76, 108), (141, 143), (99, 107), (71, 103), (154, 186), (90, 122), (186, 190), (130, 146), (250, 251)}
E2: {(55, 63), (26, 30), (81, 85), (220, 222), (164, 165), (164, 180), (146, 178), (28, 30), (147, 179), (179, 187), (5, 37), (120, 122), (231, 239), (166, 230), (146, 147), (220, 221), (26, 90), (90, 218), (28, 60), (164, 228), (144, 146), (179, 183), (239, 255), (2, 10), (106, 122), (230, 231), (10, 26), (53, 55), (55, 183), (37, 53), (37, 165), (226, 230), (81, 83), (147, 211), (2, 34), (228, 230), (81, 89), (237, 239), (218, 222), (90, 122), (114, 122), (83, 211), (195, 211), (30, 31), (31, 63), (175, 239)}
Obj: 27398

