Log for instance aco_tuning_out/inst24.txt.

Used ({'tau_0': 3.023061298280671e-06, 'xi': 0.05271286661722294, 'q0': 0.5077385132207571, 'alpha': 0.4440555976676415, 'beta': 1.176945645340894, 'rho': 0.3517258170055353, 'ants': 22}) and found best instance after 138.578125 seconds.
E1: {(76, 92), (154, 155), (15, 143), (99, 103), (41, 43), (107, 235), (147, 155), (12, 13), (13, 45), (43, 107), (0, 2), (128, 160), (248, 250), (40, 41), (252, 253), (186, 250), (34, 98), (2, 130), (122, 250), (211, 243), (240, 248), (58, 122), (128, 144), (98, 106), (12, 76), (41, 57), (221, 253), (248, 252), (143, 159), (106, 107), (106, 122), (13, 141), (139, 143), (147, 211), (2, 34), (76, 108), (141, 143), (99, 107), (71, 103), (139, 155), (154, 186), (0, 128), (90, 122), (186, 190)}
E2: {(98, 226), (220, 222), (165, 167), (237, 253), (0, 2), (178, 179), (187, 191), (34, 98), (147, 179), (179, 187), (133, 165), (253, 255), (53, 181), (85, 213), (88, 90), (220, 221), (90, 218), (98, 106), (128, 144), (221, 253), (191, 255), (88, 120), (165, 181), (179, 183), (2, 10), (213, 221), (166, 167), (230, 231), (120, 124), (63, 191), (88, 89), (226, 230), (175, 191), (180, 181), (2, 34), (228, 230), (147, 211), (60, 124), (98, 114), (5, 133), (218, 222), (0, 128), (167, 183), (166, 230), (195, 211)}
Obj: 25958

