Log for instance aco_tuning_out/inst09.txt.

Used ({'tau0': 7.151935564269642e-06, 'xi': 0.10184361707760894, 'q0': 0.5077701235510973, 'alpha': 0.5847895154504361, 'beta': 0.6413829753178264, 'rho': 0.2990121644546394, 'ants': 8}) and found best instance after 7.9375 seconds.
E1: {(111, 120), (226, 232), (3, 4), (226, 229), (171, 177), (11, 173), (84, 102), (11, 14), (84, 111), (227, 236), (223, 232), (83, 164), (171, 173), (81, 84), (148, 229), (232, 241), (164, 173), (4, 166), (240, 241), (226, 227), (81, 135), (78, 240), (81, 83), (205, 232), (173, 227), (0, 3), (3, 84), (83, 89), (43, 205), (148, 157)}
E2: {(120, 129), (4, 58), (58, 59), (51, 53), (6, 33), (33, 51), (179, 233), (210, 211), (152, 233), (129, 210), (186, 213), (83, 164), (177, 186), (7, 25), (164, 173), (173, 179), (58, 76), (210, 213), (45, 51), (4, 166), (6, 7), (51, 213), (76, 157), (177, 179), (224, 233), (53, 134), (4, 7), (32, 59), (0, 6), (83, 89), (33, 195), (223, 224)}
Obj: 27104

