Log for instance aco_tuning_out/inst12.txt.

Used ({'tau_0': 9.493726088905091e-06, 'xi': 0.11484843759454823, 'q0': 0.6111218433796399, 'alpha': 1.5748339874818995, 'beta': 1.6004495863491173, 'rho': 0.40117280761880736, 'ants': 26}) and found best instance after 12.25 seconds.
E1: {(43, 205), (109, 190), (190, 199), (199, 205), (176, 185), (167, 176), (185, 212), (210, 211), (117, 123), (102, 104), (172, 199), (171, 173), (189, 195), (108, 117), (173, 176), (126, 128), (182, 185), (86, 89), (108, 126), (50, 212), (189, 190), (166, 167), (27, 45), (128, 134), (91, 172), (171, 172), (27, 108), (32, 50), (108, 189), (210, 212), (86, 167), (104, 185), (0, 27), (120, 123)}
E2: {(166, 175), (81, 82), (109, 190), (55, 136), (78, 80), (64, 145), (190, 199), (179, 233), (29, 191), (199, 205), (217, 223), (29, 32), (84, 102), (210, 211), (135, 153), (204, 213), (152, 233), (198, 200), (89, 107), (174, 175), (72, 75), (136, 145), (81, 84), (162, 164), (145, 154), (164, 173), (77, 80), (173, 179), (153, 155), (163, 190), (75, 77), (45, 207), (55, 217), (118, 145), (164, 191), (201, 204), (174, 177), (26, 80), (76, 157), (128, 134), (117, 198), (162, 163), (72, 153), (128, 155), (174, 201), (207, 213), (59, 77), (26, 107), (153, 154), (207, 210), (76, 77), (118, 199), (117, 118), (43, 205), (82, 136), (198, 207), (25, 26), (155, 236)}
Obj: 34842

