Log for instance aco_tuning_out/inst15.txt.

Used ({'tau0': 3.1489754854725666e-06, 'xi': 0.09233871711137026, 'q0': 0.6750093896651443, 'alpha': 1.4767667958454729, 'beta': 1.3965639583348552, 'rho': 0.22070860434618855, 'ants': 29}) and found best instance after 20.140625 seconds.
E1: {(43, 205), (109, 190), (66, 228), (96, 177), (150, 151), (73, 154), (92, 146), (124, 205), (144, 147), (75, 78), (66, 75), (190, 208), (91, 92), (205, 206), (200, 206), (209, 215), (154, 160), (144, 146), (195, 197), (182, 209), (197, 206), (66, 147), (206, 215), (151, 160), (123, 150), (64, 73), (147, 150), (208, 209), (96, 123), (124, 151), (157, 160)}
E2: {(72, 73), (123, 204), (109, 190), (14, 68), (52, 214), (66, 228), (43, 52), (6, 33), (190, 199), (190, 196), (144, 147), (135, 144), (20, 47), (166, 220), (45, 46), (6, 8), (72, 78), (214, 241), (47, 128), (46, 47), (177, 204), (25, 52), (144, 146), (66, 68), (238, 241), (196, 214), (66, 147), (128, 134), (123, 150), (146, 155), (64, 73), (147, 150), (59, 68), (128, 155), (199, 200), (46, 52), (220, 238), (32, 59), (211, 238), (0, 6), (195, 196), (33, 195), (46, 73), (8, 89), (20, 182), (155, 236)}
Obj: 30263

