Log for instance aco_tuning_out/inst12.txt.

Used ({'tau_0': 3.151708497185101e-06, 'xi': 0.05632693656731169, 'q0': 0.5279577748463967, 'alpha': 0.47226881213046684, 'beta': 1.430973702133798, 'rho': 0.06294574331706608, 'ants': 24}) and found best instance after 300.125 seconds.
E1: {(120, 129), (162, 168), (171, 180), (30, 192), (129, 210), (42, 43), (129, 132), (83, 89), (180, 207), (172, 175), (3, 165), (82, 83), (180, 182), (207, 208), (3, 21), (171, 172), (0, 162), (165, 183), (21, 102), (132, 134), (162, 171), (208, 211), (195, 204), (83, 164), (162, 164), (168, 195), (18, 180), (192, 210), (207, 210), (18, 45), (42, 204), (91, 172), (166, 175), (180, 183), (30, 32), (82, 109)}
E2: {(175, 184), (29, 32), (240, 242), (107, 161), (100, 103), (103, 184), (81, 135), (83, 89), (81, 82), (2, 164), (236, 239), (29, 56), (3, 165), (81, 84), (2, 29), (82, 83), (79, 160), (164, 173), (25, 79), (224, 233), (165, 174), (241, 242), (56, 59), (184, 211), (70, 79), (43, 70), (238, 239), (152, 233), (64, 65), (83, 164), (238, 241), (174, 177), (9, 171), (18, 45), (65, 71), (9, 18), (56, 65), (166, 175), (107, 134), (71, 233), (160, 161), (171, 173), (103, 157), (173, 200), (102, 103), (78, 240), (70, 71), (82, 100), (82, 109), (3, 84), (79, 241), (223, 224)}
Obj: 34769

