Log for instance aco_tuning_out/inst21.txt.

Used ({'tau_0': 1.6998009274389792e-06, 'xi': 0.07574288908876978, 'q0': 0.3437997878588728, 'alpha': 0.9960324515524092, 'beta': 0.6033193519507508, 'rho': 0.22849098583736227, 'ants': 30}) and found best instance after 30.078125 seconds.
E1: {(166, 175), (54, 135), (228, 229), (29, 32), (92, 146), (175, 229), (63, 64), (92, 173), (173, 176), (173, 182), (191, 200), (169, 178), (173, 200), (175, 176), (54, 63), (27, 45), (14, 176), (27, 54), (146, 152), (169, 223), (27, 29), (175, 178), (29, 191), (177, 178)}
E2: {(162, 171), (108, 109), (5, 59), (20, 23), (160, 241), (87, 89), (43, 52), (33, 51), (208, 211), (171, 198), (117, 120), (45, 46), (74, 155), (171, 173), (73, 74), (223, 241), (20, 74), (108, 117), (51, 52), (108, 114), (33, 114), (25, 52), (173, 182), (52, 133), (108, 135), (173, 200), (46, 208), (117, 198), (91, 118), (146, 155), (64, 73), (0, 162), (146, 152), (74, 236), (46, 52), (5, 23), (133, 160), (51, 78), (5, 32), (33, 195), (46, 73), (117, 118), (157, 160), (87, 114)}
Obj: 28050

