Log for instance aco_tuning_out/inst18.txt.

Used ({'tau0': 5.420704371762057e-06, 'xi': 0.09688583805471983, 'q0': 0.31023948946680013, 'alpha': 0.7611440380801126, 'beta': 1.2418611307887504, 'rho': 0.4656758616586811, 'ants': 22}) and found best instance after 197.765625 seconds.
E1: {(232, 236), (193, 201), (99, 103), (58, 59), (90, 94), (150, 151), (39, 103), (1, 3), (1, 9), (5, 37), (37, 39), (37, 45), (102, 110), (85, 213), (197, 213), (45, 61), (110, 126), (193, 197), (59, 63), (81, 209), (61, 63), (151, 159), (147, 151), (224, 232), (57, 59), (103, 111), (95, 223), (1, 5), (236, 238), (29, 61), (213, 215), (102, 103), (54, 118), (70, 102), (110, 238), (151, 215), (160, 224), (213, 245), (46, 110), (118, 126), (94, 126), (80, 81), (66, 70), (94, 95), (6, 70), (236, 252), (215, 223), (209, 213)}
E2: {(168, 172), (160, 168), (154, 158), (168, 184), (72, 88), (163, 179), (104, 108), (8, 9), (104, 105), (97, 105), (210, 214), (220, 252), (114, 118), (123, 127), (8, 24), (69, 101), (78, 110), (244, 252), (54, 55), (168, 232), (30, 158), (110, 126), (220, 221), (51, 55), (150, 214), (86, 214), (40, 104), (142, 158), (97, 101), (104, 232), (8, 72), (80, 88), (74, 78), (244, 245), (66, 74), (97, 113), (54, 118), (88, 89), (110, 238), (240, 244), (108, 110), (188, 252), (60, 188), (51, 179), (126, 127), (5, 69), (118, 126), (150, 158), (86, 118), (172, 188), (8, 40)}
Obj: 30016

