Log for instance aco_tuning_out/inst12.txt.

Used ({'tau0': 4.498936448740942e-06, 'xi': 0.13853729626942535, 'q0': 0.527822666374638, 'alpha': 1.6196713237028468, 'beta': 0.6656100225587412, 'rho': 0.18622598889901743, 'ants': 24}) and found best instance after 28.671875 seconds.
E1: {(219, 220), (45, 126), (84, 87), (118, 119), (87, 89), (125, 134), (208, 211), (30, 192), (199, 208), (84, 102), (181, 208), (166, 220), (117, 120), (117, 126), (118, 121), (40, 43), (3, 30), (30, 32), (109, 118), (192, 195), (119, 125), (91, 118), (181, 182), (192, 219), (220, 238), (0, 3), (3, 84), (211, 238), (118, 199), (117, 118), (40, 121)}
E2: {(166, 175), (47, 53), (189, 216), (175, 202), (171, 177), (43, 52), (29, 32), (29, 38), (38, 47), (217, 223), (167, 176), (171, 198), (218, 221), (46, 127), (198, 200), (38, 65), (45, 46), (102, 104), (64, 65), (218, 236), (148, 229), (167, 221), (51, 52), (46, 47), (36, 198), (86, 89), (25, 52), (216, 217), (86, 104), (135, 216), (175, 176), (59, 221), (109, 127), (53, 134), (202, 211), (71, 152), (52, 53), (217, 218), (202, 229), (86, 167), (65, 71), (51, 78), (36, 38), (148, 157), (189, 198)}
Obj: 32332

