Log for instance aco_tuning_out/inst09.txt.

Used ({'tau0': 4.324890613407541e-06, 'xi': 0.12290267674013398, 'q0': 0.47304418264323866, 'alpha': 0.9643516325370455, 'beta': 0.8937714391186662, 'rho': 0.17837160642396882, 'ants': 18}) and found best instance after 25.203125 seconds.
E1: {(88, 97), (15, 24), (75, 78), (66, 75), (135, 153), (39, 66), (72, 75), (154, 157), (21, 24), (88, 169), (16, 43), (166, 169), (235, 236), (39, 120), (88, 89), (15, 16), (21, 75), (18, 21), (21, 23), (16, 97), (72, 153), (154, 235), (169, 223), (14, 23), (153, 154), (15, 177), (21, 102), (0, 18)}
E2: {(166, 184), (39, 201), (98, 107), (184, 211), (103, 106), (89, 98), (107, 134), (195, 204), (152, 233), (98, 152), (223, 232), (30, 39), (30, 48), (103, 157), (177, 204), (3, 30), (106, 107), (103, 184), (39, 120), (30, 32), (45, 48), (201, 204), (205, 232), (25, 106), (32, 59), (0, 3), (204, 205), (232, 233)}
Obj: 25976

