Log for instance aco_tuning_out/inst09.txt.

Used ({'tau0': 4.854876741746394e-06, 'xi': 0.1452545140568255, 'q0': 0.42195591018398276, 'alpha': 0.3555439034289861, 'beta': 0.8668501148752592, 'rho': 0.11887721475075397, 'ants': 32}) and found best instance after 267.4375 seconds.
E1: {(120, 129), (6, 15), (135, 138), (170, 224), (227, 236), (156, 157), (3, 6), (75, 156), (21, 75), (42, 43), (12, 14), (222, 223), (15, 177), (0, 6), (129, 156), (3, 4), (111, 138), (15, 42), (84, 102), (75, 78), (84, 111), (227, 233), (3, 12), (222, 224), (3, 21), (89, 170), (4, 166), (168, 222), (224, 233), (21, 102), (6, 168)}
E2: {(162, 168), (30, 192), (171, 198), (89, 107), (158, 161), (129, 210), (192, 193), (107, 161), (133, 134), (77, 158), (198, 201), (171, 177), (88, 115), (79, 160), (207, 208), (25, 79), (59, 77), (198, 207), (162, 171), (6, 33), (208, 211), (129, 131), (131, 158), (120, 201), (192, 210), (222, 223), (0, 6), (133, 160), (166, 193), (160, 161), (195, 222), (88, 169), (45, 207), (30, 32), (157, 158), (34, 115), (168, 222), (33, 34), (201, 210), (152, 161), (168, 169)}
Obj: 29672

