Log for instance aco_tuning_out/inst18.txt.

Used ({'tau_0': 9.387858024888234e-06, 'xi': 0.14290215705758647, 'q0': 0.4917258290014144, 'alpha': 1.0227666505205433, 'beta': 1.168523363313268, 'rho': 0.2926263236671505, 'ants': 22}) and found best instance after 33.25 seconds.
E1: {(193, 201), (58, 59), (82, 90), (86, 87), (150, 151), (128, 160), (87, 95), (1, 3), (1, 9), (244, 252), (85, 213), (197, 213), (110, 126), (193, 197), (59, 63), (82, 86), (147, 151), (3, 67), (29, 31), (80, 82), (0, 1), (31, 95), (57, 59), (31, 159), (39, 47), (46, 62), (1, 5), (244, 245), (213, 215), (47, 111), (151, 215), (110, 238), (31, 63), (47, 63), (54, 62), (213, 245), (46, 110), (0, 128), (66, 70), (66, 67), (67, 99), (66, 82), (62, 63), (45, 47), (6, 70), (151, 159), (209, 213)}
E2: {(168, 172), (72, 73), (160, 168), (163, 167), (72, 76), (24, 152), (168, 184), (5, 7), (86, 87), (152, 154), (40, 44), (113, 117), (44, 60), (39, 167), (87, 95), (114, 115), (82, 114), (252, 253), (114, 118), (115, 123), (244, 252), (117, 245), (168, 232), (152, 184), (110, 126), (82, 86), (44, 108), (73, 89), (221, 253), (134, 142), (80, 82), (101, 117), (31, 95), (40, 168), (244, 245), (76, 78), (140, 142), (54, 118), (110, 238), (240, 244), (108, 110), (82, 210), (76, 108), (140, 172), (51, 115), (118, 126), (38, 39), (113, 115), (7, 39), (9, 73), (38, 54), (134, 150), (66, 82), (30, 31)}
Obj: 29381

