Log for instance aco_tuning_out/inst15.txt.

Used ({'tau0': 9.119507042405133e-06, 'xi': 0.08312134642286392, 'q0': 0.652583610347572, 'alpha': 1.9538629702340153, 'beta': 0.5827075905861862, 'rho': 0.2829709186785237, 'ants': 20}) and found best instance after 8.484375 seconds.
E1: {(33, 42), (112, 115), (42, 69), (171, 198), (76, 79), (34, 43), (171, 173), (228, 231), (58, 67), (36, 198), (78, 79), (58, 76), (173, 182), (31, 34), (173, 200), (36, 42), (31, 58), (34, 115), (177, 231), (109, 112), (69, 231), (76, 157), (33, 34), (64, 67), (82, 91), (82, 109), (33, 195)}
E2: {(166, 175), (81, 82), (105, 107), (226, 229), (162, 171), (5, 59), (162, 168), (118, 119), (175, 202), (180, 186), (228, 229), (208, 211), (190, 199), (199, 205), (171, 198), (46, 127), (190, 208), (5, 86), (134, 161), (198, 200), (199, 226), (45, 46), (24, 78), (105, 106), (82, 83), (107, 161), (168, 177), (180, 182), (168, 186), (36, 198), (86, 89), (24, 105), (168, 195), (118, 127), (64, 226), (38, 119), (109, 118), (81, 135), (0, 162), (182, 236), (25, 106), (81, 162), (5, 14), (202, 229), (24, 186), (5, 32), (118, 199), (83, 86), (36, 38), (43, 205)}
Obj: 30510

