Log for instance aco_tuning_out/inst18.txt.

Used ({'tau0': 6.2578016549988135e-06, 'xi': 0.07695855038194482, 'q0': 0.6338595363337294, 'alpha': 1.3781099098119947, 'beta': 1.0918136498914073, 'rho': 0.20985761634934252, 'ants': 15}) and found best instance after 18.359375 seconds.
E1: {(128, 136), (136, 137), (99, 103), (81, 85), (150, 151), (70, 198), (39, 103), (128, 160), (196, 197), (252, 253), (1, 3), (85, 213), (197, 213), (45, 61), (209, 213), (128, 132), (110, 126), (6, 70), (58, 122), (61, 63), (147, 151), (245, 253), (46, 47), (31, 95), (0, 1), (31, 159), (39, 47), (1, 5), (132, 196), (29, 61), (213, 215), (54, 118), (151, 215), (110, 238), (137, 201), (47, 63), (213, 245), (46, 110), (118, 126), (80, 81), (90, 122), (66, 70), (0, 128), (122, 126), (9, 137), (196, 198), (57, 61), (31, 63), (151, 159), (47, 111)}
E2: {(168, 172), (55, 63), (128, 136), (160, 168), (72, 76), (32, 40), (136, 137), (154, 155), (91, 123), (168, 184), (163, 179), (206, 238), (128, 160), (210, 211), (112, 240), (155, 159), (40, 56), (114, 118), (156, 188), (252, 253), (83, 91), (148, 150), (54, 55), (168, 232), (148, 156), (96, 97), (220, 221), (51, 55), (245, 253), (221, 253), (70, 78), (24, 56), (89, 91), (0, 1), (112, 114), (97, 101), (179, 183), (31, 159), (1, 5), (76, 78), (54, 118), (80, 112), (55, 183), (32, 96), (32, 160), (56, 60), (81, 83), (66, 98), (76, 108), (156, 220), (118, 126), (142, 206), (98, 114), (78, 206), (80, 81), (66, 70), (0, 128), (70, 86), (9, 137), (81, 113), (83, 211), (30, 31), (31, 63), (172, 188), (96, 98)}
Obj: 32413

