Log for instance aco_tuning_out/inst12.txt.

Used ({'tau_0': 1.774794369235601e-06, 'xi': 0.05178086251934671, 'q0': 0.765199417754037, 'alpha': 1.7110920267750438, 'beta': 1.3090193389783644, 'rho': 0.2964096563219366, 'ants': 12}) and found best instance after 5.453125 seconds.
E1: {(93, 102), (81, 82), (162, 171), (84, 87), (162, 168), (147, 149), (20, 23), (171, 180), (23, 77), (199, 202), (29, 32), (93, 120), (29, 47), (171, 198), (20, 47), (39, 66), (6, 8), (83, 164), (171, 173), (82, 83), (81, 84), (6, 87), (90, 93), (180, 182), (164, 173), (36, 198), (168, 195), (90, 117), (66, 68), (36, 39), (198, 199), (196, 205), (68, 77), (166, 193), (109, 118), (36, 45), (66, 147), (193, 196), (128, 134), (117, 198), (146, 149), (146, 155), (202, 205), (0, 162), (202, 211), (91, 118), (128, 155), (118, 199), (8, 89), (43, 205)}
E2: {(43, 205), (81, 82), (166, 175), (4, 58), (226, 229), (3, 4), (58, 59), (151, 232), (159, 160), (31, 32), (112, 115), (176, 185), (140, 143), (61, 223), (175, 229), (238, 239), (78, 159), (185, 239), (45, 46), (34, 52), (102, 104), (174, 175), (200, 206), (34, 61), (140, 158), (81, 84), (83, 164), (82, 83), (218, 236), (191, 197), (25, 52), (86, 89), (135, 137), (31, 34), (64, 226), (55, 217), (164, 191), (205, 214), (175, 176), (31, 58), (34, 115), (197, 206), (174, 177), (109, 112), (157, 158), (151, 160), (55, 61), (128, 134), (137, 140), (137, 146), (146, 155), (158, 239), (205, 232), (104, 158), (128, 155), (178, 232), (217, 218), (46, 52), (143, 152), (211, 238), (3, 84), (83, 86), (175, 178), (52, 214)}
Obj: 42309

