Log for instance aco_tuning_out/inst24.txt.

Used ({'tau0': 8.598718994035021e-06, 'xi': 0.10575785607911106, 'q0': 0.5072684688226818, 'alpha': 1.441011679191464, 'beta': 1.677952088449605, 'rho': 0.3243596155081548, 'ants': 8}) and found best instance after 5.078125 seconds.
E1: {(76, 92), (154, 155), (99, 103), (58, 59), (15, 143), (107, 235), (155, 187), (220, 222), (44, 45), (211, 219), (190, 254), (43, 171), (216, 218), (0, 2), (40, 44), (144, 208), (155, 159), (252, 253), (186, 250), (211, 243), (74, 106), (220, 221), (58, 186), (44, 108), (90, 218), (162, 170), (12, 76), (221, 253), (208, 216), (57, 59), (139, 171), (143, 159), (106, 107), (155, 219), (2, 10), (170, 186), (222, 254), (74, 90), (240, 241), (130, 162), (241, 243), (218, 250), (2, 34), (76, 108), (141, 143), (99, 107), (71, 103), (171, 187), (218, 222), (154, 186), (10, 74), (92, 220), (160, 162)}
E2: {(128, 130), (247, 255), (183, 191), (81, 85), (96, 104), (82, 90), (220, 222), (4, 6), (146, 178), (82, 114), (104, 120), (187, 191), (2, 130), (253, 255), (83, 211), (53, 181), (231, 239), (6, 14), (146, 147), (82, 83), (220, 221), (96, 112), (4, 5), (128, 144), (28, 60), (181, 183), (221, 253), (165, 181), (112, 114), (10, 14), (2, 10), (230, 231), (166, 167), (183, 247), (144, 176), (63, 191), (226, 230), (81, 83), (180, 181), (147, 211), (228, 230), (231, 247), (2, 34), (81, 89), (228, 236), (104, 106), (176, 180), (167, 183), (236, 237), (28, 92), (130, 146), (92, 220), (195, 211), (175, 239)}
Obj: 31915

