Log for instance aco_tuning_out/inst21.txt.

Used ({'tau0': 5.342828546400694e-06, 'xi': 0.10757152839420789, 'q0': 0.48310874806332305, 'alpha': 0.7345220815729948, 'beta': 0.5000932542690112, 'rho': 0.1091478953450425, 'ants': 30}) and found best instance after 86.203125 seconds.
E1: {(166, 175), (226, 232), (39, 201), (179, 233), (174, 176), (152, 233), (223, 232), (30, 39), (173, 176), (173, 179), (173, 182), (225, 226), (64, 226), (135, 216), (27, 30), (173, 200), (30, 32), (175, 176), (174, 177), (27, 45), (14, 176), (174, 201), (216, 225), (174, 228), (232, 233)}
E2: {(145, 146), (33, 42), (58, 59), (55, 136), (119, 200), (0, 54), (75, 78), (58, 220), (54, 55), (120, 122), (72, 75), (136, 145), (156, 157), (21, 24), (89, 143), (135, 137), (27, 30), (27, 33), (30, 32), (24, 25), (75, 156), (72, 74), (55, 58), (119, 122), (137, 143), (27, 45), (21, 75), (42, 43), (137, 146), (27, 54), (54, 72), (55, 64), (109, 136), (146, 152), (74, 236), (220, 223), (193, 211), (119, 146), (182, 236), (193, 220), (91, 145), (33, 195)}
Obj: 27780

