Log for instance aco_tuning_out/inst24.txt.

Used ({'tau0': 3.1489754854725666e-06, 'xi': 0.09233871711137026, 'q0': 0.6750093896651443, 'alpha': 1.4767667958454729, 'beta': 1.3965639583348552, 'rho': 0.22070860434618855, 'ants': 29}) and found best instance after 49.484375 seconds.
E1: {(76, 92), (42, 106), (105, 107), (99, 103), (171, 235), (243, 251), (108, 109), (12, 13), (13, 45), (43, 107), (43, 171), (152, 154), (0, 2), (40, 56), (2, 130), (220, 252), (186, 250), (56, 58), (105, 109), (10, 42), (220, 221), (58, 186), (224, 240), (12, 76), (144, 152), (139, 171), (106, 107), (2, 10), (74, 90), (56, 57), (13, 141), (130, 162), (160, 224), (2, 34), (76, 108), (99, 107), (71, 103), (42, 58), (190, 191), (154, 186), (186, 190), (10, 74), (92, 220), (13, 15), (159, 191), (160, 162), (250, 251)}
E2: {(183, 191), (90, 91), (42, 106), (165, 167), (12, 13), (151, 183), (5, 13), (237, 253), (167, 231), (187, 191), (221, 223), (91, 95), (253, 255), (53, 181), (120, 122), (85, 213), (56, 58), (10, 42), (147, 151), (108, 236), (12, 76), (221, 253), (176, 178), (191, 255), (165, 181), (89, 91), (95, 223), (34, 42), (213, 215), (166, 167), (106, 122), (144, 176), (63, 191), (226, 227), (56, 60), (175, 191), (180, 181), (76, 108), (195, 227), (222, 223), (228, 236), (42, 58), (176, 180), (90, 122), (167, 183), (236, 237), (114, 122), (227, 231), (215, 223)}
Obj: 28353

