Log for instance aco_tuning_out/inst21.txt.

Used ({'tau0': 4.822265207889503e-06, 'xi': 0.13540262306958187, 'q0': 0.6138627392147109, 'alpha': 1.667403283011879, 'beta': 1.0113699636281308, 'rho': 0.16684714562074338, 'ants': 26}) and found best instance after 41.65625 seconds.
E1: {(81, 82), (198, 225), (139, 142), (171, 177), (38, 41), (171, 198), (142, 223), (198, 200), (38, 65), (64, 65), (83, 164), (171, 173), (82, 83), (164, 173), (36, 198), (164, 182), (85, 139), (36, 45), (81, 135), (82, 85), (85, 166), (32, 41), (71, 152), (225, 228), (65, 71), (36, 38), (14, 41)}
E2: {(139, 142), (181, 187), (78, 80), (139, 157), (208, 211), (190, 199), (29, 32), (39, 42), (181, 208), (190, 208), (142, 223), (195, 204), (198, 200), (89, 107), (39, 66), (106, 187), (136, 139), (107, 161), (181, 235), (36, 198), (66, 68), (106, 107), (235, 236), (198, 199), (73, 235), (36, 42), (39, 120), (80, 161), (109, 118), (27, 36), (36, 45), (42, 43), (91, 118), (109, 136), (64, 73), (181, 182), (59, 68), (25, 106), (135, 136), (152, 161), (118, 199), (27, 29), (198, 204), (0, 27)}
Obj: 28792

