Log for instance aco_tuning_out/inst03.txt.

Used ({'tau_0': 6.895901444357542e-06, 'xi': 0.11930677293557751, 'q0': 0.7766820476791325, 'alpha': 1.762448247826621, 'beta': 0.8740652131662537, 'rho': 0.21713520092331218, 'ants': 13}) and found best instance after 12.234375 seconds.
E1: {(201, 203), (177, 181), (200, 201), (119, 127), (105, 107), (145, 149), (98, 226), (155, 187), (108, 109), (211, 219), (147, 155), (228, 244), (216, 218), (201, 233), (210, 211), (210, 214), (97, 105), (244, 246), (114, 118), (187, 191), (53, 181), (76, 204), (64, 65), (64, 68), (105, 109), (65, 97), (220, 221), (100, 108), (147, 151), (202, 218), (20, 22), (20, 28), (86, 214), (216, 220), (22, 86), (49, 113), (49, 177), (17, 81), (97, 101), (39, 47), (17, 145), (155, 219), (97, 113), (54, 118), (36, 100), (200, 202), (240, 244), (24, 28), (226, 230), (105, 233), (81, 83), (230, 246), (175, 191), (137, 201), (111, 127), (107, 111), (76, 108), (203, 207), (214, 246), (200, 232), (98, 114), (81, 113), (9, 137), (49, 57), (135, 151), (28, 92), (83, 211), (195, 211), (47, 111)}
E2: {(177, 181), (105, 107), (196, 197), (244, 246), (105, 109), (147, 151), (14, 15), (48, 56), (32, 160), (2, 34), (59, 123), (33, 49), (59, 187), (218, 222), (151, 159), (108, 109), (98, 226), (147, 155), (5, 7), (216, 218), (0, 2), (210, 211), (115, 123), (0, 32), (10, 42), (198, 230), (132, 196), (36, 100), (76, 108), (14, 78), (98, 114), (9, 137), (166, 230), (155, 187), (43, 171), (187, 191), (174, 175), (14, 46), (100, 108), (49, 113), (49, 177), (10, 14), (172, 174), (244, 245), (2, 10), (76, 78), (45, 109), (105, 233), (137, 201), (194, 198), (180, 181), (42, 58), (78, 206), (196, 198), (62, 63), (192, 194), (154, 155), (58, 59), (32, 40), (150, 151), (201, 233), (198, 206), (56, 58), (6, 14), (83, 115), (206, 222), (17, 81), (46, 62), (6, 7), (226, 230), (81, 83), (230, 246), (175, 191), (107, 111), (99, 107), (171, 187), (113, 115), (233, 235), (83, 211)}
Obj: 39520

