Log for instance aco_tuning_out/inst30.txt.

Used ({'tau_0': 5.432541354150304e-06, 'xi': 0.1098768506848867, 'q0': 0.588663995987506, 'alpha': 1.0903417143977059, 'beta': 1.0292353817624138, 'rho': 0.37868431591672963, 'ants': 31}) and found best instance after 26.09375 seconds.
E1: {(145, 146), (81, 82), (171, 177), (84, 87), (199, 202), (64, 145), (84, 102), (171, 198), (117, 120), (198, 200), (81, 84), (6, 87), (7, 25), (118, 145), (198, 199), (109, 118), (6, 7), (128, 134), (117, 198), (91, 118), (146, 155), (146, 152), (3, 5), (202, 211), (128, 155), (5, 14), (82, 109), (0, 3), (3, 84), (5, 32), (118, 199), (189, 195), (189, 198), (155, 236)}
E2: {(83, 110), (81, 82), (166, 175), (226, 229), (162, 171), (162, 168), (171, 177), (228, 229), (150, 151), (135, 141), (171, 198), (16, 178), (175, 229), (198, 200), (157, 160), (171, 173), (82, 83), (16, 25), (173, 176), (36, 198), (141, 150), (168, 195), (173, 182), (64, 226), (175, 176), (36, 45), (81, 135), (128, 134), (151, 160), (82, 91), (0, 162), (182, 236), (110, 128), (150, 152), (81, 162), (82, 109), (175, 178)}
Obj: 31373

