Log for instance aco_tuning_out/inst27.txt.

Used ({'tau_0': 4.822265207889503e-06, 'xi': 0.13540262306958187, 'q0': 0.6138627392147109, 'alpha': 1.667403283011879, 'beta': 1.0113699636281308, 'rho': 0.16684714562074338, 'ants': 26}) and found best instance after 21.546875 seconds.
E1: {(250, 254), (196, 228), (146, 154), (155, 187), (147, 155), (190, 254), (0, 2), (28, 30), (142, 174), (249, 251), (100, 116), (128, 132), (62, 190), (238, 254), (146, 147), (83, 115), (128, 144), (28, 60), (144, 146), (39, 47), (83, 87), (132, 196), (27, 155), (187, 251), (213, 215), (36, 100), (47, 111), (213, 221), (100, 228), (174, 238), (209, 211), (28, 29), (47, 63), (147, 211), (2, 34), (54, 62), (62, 63), (43, 47), (23, 87), (30, 62), (113, 115), (0, 128), (2, 3), (196, 204), (83, 211), (250, 251), (209, 213)}
E2: {(119, 127), (15, 143), (243, 251), (58, 62), (216, 218), (0, 2), (101, 109), (251, 255), (123, 127), (56, 58), (62, 126), (240, 248), (216, 248), (6, 14), (109, 125), (220, 221), (194, 202), (125, 127), (151, 159), (147, 151), (202, 218), (128, 144), (216, 220), (14, 15), (127, 255), (14, 30), (194, 226), (48, 56), (143, 159), (10, 14), (2, 10), (56, 57), (226, 230), (111, 127), (218, 250), (141, 143), (126, 127), (30, 62), (0, 128), (166, 230), (250, 251)}
Obj: 26224

