Log for instance aco_tuning_out/inst30.txt.

Used ({'tau0': 2.0274933728523487e-06, 'xi': 0.13405703789383258, 'q0': 0.526091823657158, 'alpha': 1.6793374858698646, 'beta': 0.6970800710605479, 'rho': 0.13613590490376215, 'ants': 11}) and found best instance after 8.953125 seconds.
E1: {(4, 58), (39, 201), (3, 4), (14, 68), (110, 191), (118, 119), (84, 102), (109, 110), (236, 242), (132, 133), (189, 191), (39, 66), (201, 202), (97, 178), (240, 242), (16, 25), (133, 134), (120, 201), (58, 67), (118, 124), (118, 121), (191, 194), (191, 200), (66, 68), (32, 194), (121, 202), (110, 119), (64, 67), (91, 118), (132, 159), (146, 152), (202, 211), (16, 97), (124, 133), (119, 146), (0, 3), (3, 84), (66, 67), (159, 240), (189, 195), (97, 124), (177, 178)}
E2: {(72, 73), (145, 146), (3, 4), (147, 149), (181, 187), (73, 154), (147, 228), (25, 187), (134, 161), (189, 191), (160, 161), (154, 157), (154, 160), (181, 235), (136, 154), (168, 177), (145, 154), (189, 195), (168, 195), (191, 200), (235, 236), (169, 187), (73, 235), (4, 166), (146, 149), (64, 73), (109, 136), (146, 152), (181, 182), (45, 72), (135, 136), (0, 3), (91, 145), (166, 169), (168, 169)}
Obj: 33959

