Log for instance aco_tuning_out/inst15.txt.

Used ({'tau0': 5.449825531692064e-06, 'xi': 0.10463551100918586, 'q0': 0.3791032022582517, 'alpha': 1.5968901194470106, 'beta': 0.6682022659911173, 'rho': 0.3643260630360847, 'ants': 18}) and found best instance after 8.71875 seconds.
E1: {(43, 205), (162, 171), (55, 136), (139, 148), (171, 177), (171, 180), (199, 205), (162, 189), (54, 55), (63, 64), (136, 139), (171, 225), (72, 78), (180, 182), (63, 225), (54, 63), (109, 118), (91, 118), (109, 136), (54, 72), (199, 200), (225, 228), (118, 199), (189, 195), (148, 157)}
E2: {(83, 110), (43, 205), (58, 59), (39, 201), (166, 184), (54, 135), (110, 191), (0, 54), (96, 177), (47, 74), (184, 211), (75, 78), (20, 47), (109, 110), (205, 206), (184, 238), (189, 191), (72, 75), (30, 39), (73, 74), (18, 19), (209, 215), (12, 21), (209, 236), (191, 200), (191, 209), (134, 215), (27, 30), (73, 235), (123, 132), (30, 32), (54, 57), (72, 74), (206, 215), (21, 75), (18, 21), (27, 54), (64, 73), (54, 72), (12, 14), (201, 228), (96, 123), (57, 58), (47, 209), (132, 134), (19, 25), (235, 238), (83, 89), (45, 47), (189, 195), (20, 182)}
Obj: 29730

