Log for instance aco_tuning_out/inst27.txt.

Used ({'tau0': 6.916816029978271e-06, 'xi': 0.13109583259981678, 'q0': 0.7096508529113955, 'alpha': 0.8294099029859726, 'beta': 1.23731470593669, 'rho': 0.12314043168046776, 'ants': 23}) and found best instance after 32.546875 seconds.
E1: {(204, 220), (154, 155), (155, 187), (52, 116), (0, 2), (23, 31), (27, 31), (249, 251), (36, 52), (128, 132), (62, 190), (209, 213), (220, 221), (52, 54), (128, 144), (29, 31), (221, 253), (52, 60), (14, 30), (39, 47), (10, 14), (236, 238), (2, 10), (27, 155), (187, 251), (213, 221), (213, 215), (249, 253), (47, 63), (2, 34), (54, 62), (43, 47), (204, 236), (228, 236), (14, 142), (112, 113), (0, 128), (112, 116), (2, 3), (62, 63), (30, 31), (31, 63), (250, 251), (47, 111)}
E2: {(119, 127), (243, 251), (50, 58), (216, 218), (101, 109), (123, 127), (147, 179), (253, 255), (56, 58), (240, 242), (249, 251), (109, 125), (6, 14), (16, 144), (10, 42), (125, 127), (202, 218), (221, 253), (14, 15), (127, 255), (48, 50), (14, 30), (114, 242), (10, 14), (249, 253), (56, 57), (13, 141), (226, 230), (111, 127), (218, 250), (50, 114), (226, 242), (42, 58), (16, 48), (179, 243), (242, 250), (166, 230), (13, 15), (250, 251)}
Obj: 24510

