Log for instance aco_tuning_out/inst15.txt.

Used ({'tau_0': 1.774794369235601e-06, 'xi': 0.05178086251934671, 'q0': 0.765199417754037, 'alpha': 1.7110920267750438, 'beta': 1.3090193389783644, 'rho': 0.2964096563219366, 'ants': 12}) and found best instance after 4.765625 seconds.
E1: {(33, 42), (171, 177), (42, 51), (118, 119), (66, 228), (69, 71), (33, 60), (171, 198), (66, 69), (64, 65), (154, 157), (171, 173), (83, 164), (82, 83), (154, 160), (51, 52), (164, 173), (36, 198), (173, 182), (52, 133), (38, 119), (173, 200), (36, 42), (151, 160), (42, 43), (91, 118), (124, 133), (60, 69), (82, 109), (60, 78), (124, 151), (65, 71), (33, 195), (36, 38)}
E2: {(81, 82), (226, 232), (106, 133), (33, 42), (226, 229), (6, 15), (3, 4), (4, 58), (84, 87), (42, 51), (99, 100), (88, 106), (15, 42), (166, 193), (29, 32), (210, 211), (133, 214), (205, 206), (0, 81), (200, 206), (81, 84), (31, 193), (209, 215), (229, 230), (6, 87), (51, 52), (133, 134), (72, 78), (14, 68), (25, 52), (153, 155), (81, 108), (210, 213), (31, 34), (45, 207), (52, 133), (64, 226), (108, 135), (182, 209), (28, 29), (68, 71), (205, 214), (31, 58), (88, 89), (72, 74), (99, 153), (205, 232), (59, 68), (228, 230), (72, 153), (82, 100), (207, 210), (82, 109), (15, 177), (3, 84), (65, 71), (213, 214), (33, 195), (214, 215), (65, 74), (43, 205), (28, 34), (155, 236)}
Obj: 34726

