Log for instance aco_tuning_out/inst27.txt.

Used ({'tau0': 9.84719681858141e-06, 'xi': 0.07010842379960239, 'q0': 0.6134461647846249, 'alpha': 1.8618032848172066, 'beta': 0.8495777604552623, 'rho': 0.35523900559656113, 'ants': 21}) and found best instance after 10.421875 seconds.
E1: {(111, 239), (154, 158), (196, 228), (146, 154), (155, 187), (147, 155), (43, 107), (22, 23), (39, 167), (146, 178), (187, 191), (121, 249), (186, 250), (238, 239), (198, 206), (76, 204), (209, 213), (146, 147), (32, 36), (96, 112), (61, 63), (147, 151), (116, 124), (221, 253), (176, 178), (14, 30), (167, 175), (10, 14), (27, 155), (2, 10), (213, 215), (213, 221), (29, 61), (76, 78), (132, 196), (144, 176), (63, 191), (120, 124), (151, 215), (249, 253), (120, 121), (32, 96), (175, 191), (2, 34), (107, 111), (158, 190), (60, 124), (14, 78), (23, 151), (22, 30), (112, 113), (14, 142), (78, 206), (113, 121), (2, 3), (196, 198), (178, 186), (22, 54), (175, 239)}
E2: {(15, 79), (243, 251), (155, 187), (147, 155), (116, 244), (125, 253), (29, 93), (216, 218), (77, 93), (48, 112), (48, 176), (187, 191), (115, 123), (253, 255), (174, 175), (166, 174), (249, 251), (6, 14), (202, 206), (10, 42), (202, 218), (93, 125), (221, 253), (78, 79), (79, 111), (101, 117), (14, 15), (191, 255), (14, 30), (10, 14), (117, 119), (29, 61), (144, 176), (117, 125), (240, 244), (249, 253), (226, 227), (13, 141), (175, 191), (116, 117), (218, 250), (77, 79), (42, 58), (78, 206), (112, 116), (57, 61), (115, 243), (13, 15), (227, 243)}
Obj: 31218

