Log for instance aco_tuning_out/inst18.txt.

Used ({'tau0': 3.986574795084688e-06, 'xi': 0.12869898263116974, 'q0': 0.7324104580466773, 'alpha': 0.38736117587741714, 'beta': 0.6247624947394189, 'rho': 0.4525392981526261, 'ants': 9}) and found best instance after 15.46875 seconds.
E1: {(64, 66), (55, 63), (193, 201), (105, 107), (58, 62), (150, 151), (201, 233), (97, 99), (97, 105), (252, 253), (1, 3), (85, 213), (110, 111), (197, 213), (88, 90), (96, 97), (62, 126), (14, 46), (193, 197), (6, 14), (45, 61), (64, 80), (147, 151), (151, 159), (61, 63), (245, 253), (79, 111), (0, 1), (80, 88), (1, 5), (46, 62), (29, 61), (213, 215), (151, 215), (32, 96), (110, 238), (32, 160), (105, 233), (137, 201), (66, 98), (79, 95), (213, 245), (107, 111), (54, 62), (46, 110), (0, 64), (9, 137), (57, 61), (39, 55), (62, 63), (96, 98), (209, 213)}
E2: {(71, 87), (32, 40), (146, 154), (232, 248), (5, 7), (206, 238), (86, 87), (8, 9), (40, 44), (210, 211), (44, 60), (97, 99), (252, 253), (121, 249), (8, 24), (115, 123), (62, 126), (7, 71), (240, 248), (96, 97), (146, 150), (83, 115), (44, 108), (163, 227), (44, 172), (99, 227), (245, 253), (221, 253), (248, 252), (121, 123), (97, 101), (8, 72), (46, 62), (83, 87), (184, 248), (97, 113), (110, 238), (32, 96), (249, 253), (32, 160), (146, 210), (108, 110), (81, 83), (66, 98), (89, 121), (51, 115), (46, 110), (30, 62), (142, 206), (98, 114), (113, 115), (78, 206), (80, 81), (83, 211), (96, 98), (54, 62), (8, 40)}
Obj: 31082

