Log for instance aco_tuning_out/inst27.txt.

Used ({'tau_0': 3.0123184321619356e-06, 'xi': 0.12162366348291398, 'q0': 0.6525057095214953, 'alpha': 0.3418731697773203, 'beta': 1.7855031617760102, 'rho': 0.2482497904794193, 'ants': 32}) and found best instance after 124.0625 seconds.
E1: {(32, 34), (196, 228), (146, 154), (52, 116), (206, 238), (27, 31), (249, 251), (36, 52), (62, 190), (146, 147), (32, 36), (52, 54), (147, 151), (142, 143), (29, 31), (221, 253), (52, 60), (144, 146), (31, 159), (39, 47), (143, 159), (204, 206), (11, 27), (187, 251), (132, 196), (213, 215), (213, 221), (47, 111), (249, 253), (151, 215), (47, 63), (250, 251), (54, 62), (3, 11), (43, 47), (142, 206), (23, 151), (112, 113), (112, 116), (196, 204), (62, 63), (30, 31), (31, 63), (151, 159), (209, 213)}
E2: {(119, 127), (162, 226), (15, 143), (243, 251), (216, 218), (176, 240), (123, 127), (48, 176), (253, 255), (56, 58), (249, 251), (240, 242), (6, 14), (146, 147), (125, 127), (147, 151), (151, 159), (202, 218), (221, 253), (14, 15), (144, 146), (127, 255), (101, 117), (143, 159), (14, 30), (10, 14), (48, 56), (144, 176), (117, 125), (249, 253), (56, 57), (162, 166), (111, 127), (218, 250), (226, 242), (141, 143), (242, 250), (250, 251)}
Obj: 23902

