Log for instance aco_tuning_out/inst18.txt.

Used ({'tau_0': 7.151935564269642e-06, 'xi': 0.10184361707760894, 'q0': 0.5077701235510973, 'alpha': 0.5847895154504361, 'beta': 0.6413829753178264, 'rho': 0.2990121644546394, 'ants': 8}) and found best instance after 17.140625 seconds.
E1: {(136, 137), (128, 136), (81, 85), (150, 151), (128, 160), (87, 95), (114, 115), (2, 66), (252, 253), (114, 118), (1, 3), (1, 9), (85, 213), (197, 213), (45, 61), (110, 126), (58, 122), (83, 115), (61, 63), (147, 151), (245, 253), (46, 47), (39, 47), (83, 87), (1, 5), (29, 61), (213, 215), (54, 118), (47, 111), (110, 238), (151, 215), (137, 201), (81, 83), (98, 99), (66, 98), (47, 63), (213, 245), (46, 110), (118, 126), (98, 114), (80, 81), (90, 122), (9, 137), (57, 61), (122, 126), (2, 3), (2, 6), (151, 159), (209, 213)}
E2: {(168, 172), (136, 137), (160, 168), (72, 76), (154, 158), (136, 152), (24, 152), (168, 184), (152, 154), (210, 211), (112, 240), (114, 115), (210, 214), (252, 253), (1, 9), (115, 123), (5, 37), (30, 94), (30, 158), (168, 232), (152, 184), (110, 126), (83, 115), (50, 54), (245, 253), (221, 253), (86, 214), (112, 114), (78, 94), (142, 158), (40, 168), (1, 5), (76, 78), (184, 188), (110, 238), (81, 83), (81, 89), (50, 114), (108, 110), (66, 98), (51, 115), (76, 108), (188, 252), (60, 188), (162, 163), (98, 114), (86, 94), (150, 158), (80, 81), (81, 113), (9, 137), (37, 101), (83, 211), (160, 162)}
Obj: 29141

