Log for instance aco_tuning_out/inst03.txt.

Used ({'tau0': 3.023061298280671e-06, 'xi': 0.05271286661722294, 'q0': 0.5077385132207571, 'alpha': 0.4440555976676415, 'beta': 1.176945645340894, 'rho': 0.3517258170055353, 'ants': 22}) and found best instance after 123.3125 seconds.
E1: {(204, 220), (145, 149), (211, 219), (68, 100), (8, 9), (210, 211), (49, 53), (100, 101), (1, 9), (8, 24), (224, 228), (143, 175), (224, 240), (202, 203), (220, 221), (52, 54), (135, 143), (49, 113), (17, 81), (17, 145), (20, 52), (36, 100), (53, 55), (65, 81), (100, 228), (200, 202), (1, 17), (55, 119), (145, 147), (203, 207), (147, 211), (171, 175), (52, 53), (203, 219), (200, 232), (171, 187), (143, 207), (81, 113), (49, 57), (39, 55), (92, 220), (195, 211), (224, 232), (200, 204)}
E2: {(241, 245), (32, 34), (132, 164), (32, 40), (107, 235), (98, 226), (154, 158), (15, 143), (43, 107), (152, 154), (164, 180), (196, 197), (210, 214), (1, 9), (34, 98), (158, 222), (160, 164), (192, 196), (0, 32), (177, 241), (59, 63), (32, 36), (1, 33), (32, 48), (0, 1), (143, 159), (1, 5), (17, 145), (132, 196), (214, 222), (1, 17), (45, 173), (198, 214), (32, 160), (137, 201), (98, 99), (59, 123), (164, 166), (107, 111), (99, 107), (164, 172), (98, 114), (43, 59), (150, 158), (152, 216), (145, 177), (172, 173), (9, 137), (196, 198), (158, 159)}
Obj: 28788

