Log for instance aco_tuning_out/inst06.txt.

Used ({'tau0': 9.119507042405133e-06, 'xi': 0.08312134642286392, 'q0': 0.652583610347572, 'alpha': 1.9538629702340153, 'beta': 0.5827075905861862, 'rho': 0.2829709186785237, 'ants': 20}) and found best instance after 12.828125 seconds.
E1: {(128, 130), (128, 136), (81, 85), (167, 175), (108, 109), (237, 253), (12, 28), (164, 180), (210, 211), (23, 31), (112, 240), (39, 167), (210, 214), (82, 114), (212, 214), (78, 110), (206, 207), (128, 129), (45, 61), (6, 14), (136, 200), (62, 190), (143, 175), (105, 109), (206, 222), (12, 76), (29, 31), (221, 253), (112, 114), (31, 159), (17, 81), (46, 62), (10, 14), (17, 145), (129, 145), (2, 10), (28, 29), (76, 78), (29, 61), (143, 159), (166, 167), (214, 222), (109, 237), (53, 61), (135, 167), (249, 253), (110, 238), (24, 28), (128, 192), (81, 83), (82, 210), (81, 89), (164, 166), (12, 14), (76, 108), (46, 110), (164, 172), (200, 232), (78, 206), (2, 3), (83, 211)}
E2: {(119, 127), (90, 91), (193, 195), (193, 201), (163, 167), (98, 226), (156, 158), (167, 231), (40, 44), (193, 225), (2, 66), (1, 3), (156, 188), (34, 98), (36, 37), (132, 148), (148, 156), (62, 126), (196, 212), (143, 175), (62, 190), (193, 197), (32, 36), (148, 180), (212, 244), (188, 189), (89, 91), (170, 171), (167, 175), (17, 81), (143, 159), (1, 5), (244, 245), (132, 196), (166, 167), (68, 196), (1, 17), (199, 231), (32, 96), (81, 89), (2, 34), (158, 190), (171, 175), (126, 127), (171, 187), (129, 193), (195, 199), (1, 129), (2, 3), (37, 101), (2, 18), (36, 44), (158, 159), (96, 98)}
Obj: 33939

