Log for instance aco_tuning_out/inst06.txt.

Used ({'tau_0': 3.5413625395276035e-06, 'xi': 0.13677021617214064, 'q0': 0.40454797157881806, 'alpha': 1.9054287973649844, 'beta': 1.2761266989533575, 'rho': 0.43117638553854254, 'ants': 24}) and found best instance after 17.390625 seconds.
E1: {(162, 226), (98, 226), (156, 158), (206, 238), (0, 2), (192, 224), (23, 31), (135, 199), (80, 208), (0, 8), (1, 3), (2, 130), (121, 249), (233, 249), (8, 24), (53, 181), (158, 222), (85, 213), (148, 156), (231, 239), (82, 83), (206, 222), (148, 180), (64, 80), (192, 208), (173, 237), (232, 233), (46, 47), (208, 210), (80, 82), (199, 207), (31, 159), (39, 47), (212, 213), (213, 221), (208, 240), (45, 173), (199, 231), (110, 238), (162, 166), (105, 233), (89, 121), (180, 181), (237, 239), (158, 190), (46, 110), (98, 114), (208, 212), (0, 64), (78, 206), (172, 173), (2, 3), (1, 129), (2, 6), (45, 47), (148, 212), (158, 159), (224, 226), (224, 232), (175, 239)}
E2: {(140, 156), (128, 136), (64, 66), (193, 195), (193, 201), (162, 226), (32, 34), (32, 40), (82, 90), (90, 94), (156, 158), (180, 244), (64, 96), (193, 225), (89, 217), (34, 50), (18, 50), (1, 3), (100, 101), (119, 127), (157, 159), (128, 129), (231, 239), (64, 68), (193, 197), (138, 170), (96, 100), (32, 36), (212, 244), (180, 182), (175, 239), (193, 209), (157, 189), (0, 1), (1, 5), (244, 245), (36, 100), (1, 17), (136, 138), (162, 166), (18, 82), (166, 182), (209, 217), (162, 163), (163, 171), (158, 190), (171, 175), (158, 159), (182, 190), (171, 187), (0, 64), (0, 128), (129, 193), (94, 95), (132, 140), (95, 127), (136, 140)}
Obj: 34664

