Log for instance aco_tuning_out/inst27.txt.

Used ({'tau0': 5.471123269221564e-06, 'xi': 0.0880541662185767, 'q0': 0.30146902385350893, 'alpha': 1.0903620529266727, 'beta': 0.772236865018257, 'rho': 0.4288390189950044, 'ants': 23}) and found best instance after 14.296875 seconds.
E1: {(27, 59), (0, 2), (44, 60), (10, 138), (252, 253), (76, 204), (62, 190), (128, 132), (59, 63), (10, 42), (44, 108), (61, 63), (60, 61), (116, 124), (108, 236), (128, 144), (221, 253), (39, 47), (234, 238), (138, 142), (236, 238), (2, 10), (29, 61), (234, 250), (47, 111), (138, 154), (151, 215), (249, 253), (42, 43), (47, 63), (209, 217), (2, 34), (21, 23), (62, 63), (60, 124), (76, 108), (124, 252), (59, 187), (228, 236), (21, 29), (30, 62), (43, 59), (23, 151), (112, 113), (217, 221), (112, 116), (0, 128), (2, 3), (36, 44), (54, 62)}
E2: {(119, 127), (58, 59), (15, 143), (101, 103), (182, 183), (216, 218), (0, 2), (242, 243), (123, 127), (147, 179), (179, 187), (253, 255), (240, 242), (6, 14), (125, 127), (128, 144), (202, 218), (221, 253), (14, 15), (15, 47), (127, 255), (57, 59), (179, 183), (14, 30), (10, 14), (2, 10), (111, 127), (218, 250), (59, 123), (166, 182), (59, 187), (226, 242), (141, 143), (48, 49), (0, 128), (103, 119), (179, 243), (49, 57), (242, 250), (47, 111)}
Obj: 26565

