Log for instance aco_tuning_out/inst30.txt.

Used ({'tau0': 5.471123269221564e-06, 'xi': 0.0880541662185767, 'q0': 0.30146902385350893, 'alpha': 1.0903620529266727, 'beta': 0.772236865018257, 'rho': 0.4288390189950044, 'ants': 23}) and found best instance after 13.21875 seconds.
E1: {(93, 102), (119, 200), (93, 120), (118, 119), (64, 145), (14, 95), (204, 213), (195, 204), (117, 120), (93, 95), (16, 25), (36, 198), (177, 204), (118, 145), (27, 30), (30, 32), (109, 118), (27, 36), (15, 16), (128, 134), (117, 198), (91, 118), (146, 155), (119, 128), (211, 214), (146, 152), (128, 155), (15, 177), (213, 214), (117, 118), (198, 204), (0, 27), (155, 236)}
E2: {(54, 135), (45, 126), (119, 200), (118, 119), (181, 184), (1, 55), (109, 110), (172, 178), (195, 204), (125, 152), (172, 181), (54, 55), (22, 184), (204, 231), (163, 166), (103, 157), (228, 231), (126, 128), (163, 181), (22, 25), (177, 204), (0, 1), (155, 236), (110, 119), (128, 134), (119, 125), (91, 118), (55, 64), (119, 128), (181, 182), (1, 163), (128, 155), (22, 103), (177, 178), (91, 172)}
Obj: 30621

