Log for instance aco_tuning_out/inst24.txt.

Used ({'tau_0': 8.990632486830376e-06, 'xi': 0.09595706500151588, 'q0': 0.4417965567940394, 'alpha': 1.6457162341639056, 'beta': 1.8792939670585154, 'rho': 0.14228615039412212, 'ants': 30}) and found best instance after 86.125 seconds.
E1: {(76, 92), (154, 155), (171, 235), (12, 13), (13, 45), (43, 171), (0, 2), (176, 240), (242, 243), (155, 159), (40, 56), (11, 139), (186, 250), (34, 98), (220, 252), (34, 162), (56, 58), (7, 71), (240, 242), (220, 221), (58, 186), (26, 90), (98, 106), (12, 76), (176, 178), (139, 171), (144, 176), (56, 57), (130, 162), (13, 141), (7, 15), (2, 34), (76, 108), (162, 178), (139, 155), (154, 186), (26, 58), (186, 190), (242, 250), (11, 15), (92, 220), (13, 15), (160, 162)}
E2: {(183, 191), (162, 226), (90, 94), (237, 253), (146, 178), (187, 191), (34, 98), (34, 162), (253, 255), (53, 181), (120, 122), (94, 222), (88, 90), (146, 147), (98, 106), (21, 85), (181, 183), (221, 253), (176, 178), (191, 255), (88, 120), (165, 181), (5, 21), (2, 10), (106, 122), (230, 231), (63, 191), (144, 176), (120, 124), (88, 89), (162, 166), (226, 230), (175, 191), (180, 181), (147, 211), (2, 34), (228, 230), (60, 124), (162, 178), (98, 114), (176, 180), (21, 53), (195, 211)}
Obj: 25274

