Log for instance aco_tuning_out/inst03.txt.

Used ({'tau0': 2.3890526897386258e-06, 'xi': 0.09728269253474063, 'q0': 0.5264084644635578, 'alpha': 0.34480659763074994, 'beta': 1.2781748892293714, 'rho': 0.12380145068388254, 'ants': 25}) and found best instance after 272.453125 seconds.
E1: {(76, 92), (47, 175), (155, 187), (211, 219), (147, 155), (210, 211), (135, 199), (65, 67), (9, 11), (36, 37), (37, 39), (54, 55), (76, 204), (224, 228), (224, 240), (202, 203), (220, 221), (147, 151), (67, 195), (20, 28), (199, 207), (57, 59), (39, 47), (155, 219), (115, 119), (149, 151), (53, 55), (200, 202), (24, 28), (37, 53), (55, 119), (203, 207), (11, 43), (59, 187), (43, 47), (203, 219), (200, 232), (43, 59), (113, 115), (195, 199), (28, 92), (37, 101), (92, 220), (68, 76), (224, 232), (200, 204)}
E2: {(192, 200), (200, 201), (32, 34), (132, 164), (32, 40), (146, 154), (15, 143), (107, 235), (43, 107), (180, 244), (200, 216), (164, 180), (210, 214), (196, 197), (114, 115), (9, 11), (36, 37), (5, 37), (37, 45), (192, 196), (32, 33), (166, 230), (0, 32), (32, 36), (198, 230), (150, 214), (49, 113), (49, 177), (143, 159), (244, 245), (132, 196), (214, 222), (36, 164), (198, 214), (146, 210), (32, 160), (47, 63), (226, 230), (11, 43), (33, 49), (43, 47), (107, 111), (99, 107), (164, 172), (113, 115), (48, 49), (107, 123), (196, 198), (11, 15), (45, 47), (17, 49)}
Obj: 29274

