Log for instance aco_tuning_out/inst18.txt.

Used ({'tau0': 7.103605161777611e-06, 'xi': 0.13387993202949272, 'q0': 0.5522845785971021, 'alpha': 0.8010267528590788, 'beta': 1.1979962907017299, 'rho': 0.33102581714472007, 'ants': 26}) and found best instance after 266.796875 seconds.
E1: {(160, 168), (99, 103), (81, 85), (193, 201), (58, 62), (168, 184), (5, 7), (39, 103), (87, 95), (1, 3), (1, 9), (252, 253), (110, 111), (62, 126), (85, 213), (45, 61), (209, 213), (197, 213), (193, 197), (146, 147), (146, 150), (26, 90), (61, 63), (245, 253), (31, 95), (103, 111), (31, 159), (46, 62), (1, 5), (29, 61), (85, 87), (6, 7), (184, 188), (209, 211), (110, 238), (31, 63), (147, 211), (213, 245), (188, 252), (46, 110), (87, 215), (7, 39), (80, 81), (66, 70), (57, 61), (26, 58), (62, 63), (6, 70), (54, 62)}
E2: {(160, 168), (154, 158), (108, 109), (168, 184), (4, 6), (163, 179), (206, 238), (60, 62), (101, 109), (8, 9), (210, 211), (114, 115), (210, 214), (252, 253), (115, 123), (8, 24), (30, 158), (62, 126), (168, 232), (83, 115), (224, 240), (4, 5), (245, 253), (150, 214), (221, 253), (86, 214), (70, 78), (142, 158), (40, 168), (8, 72), (76, 78), (184, 188), (81, 83), (81, 89), (51, 115), (76, 108), (188, 252), (51, 179), (60, 188), (30, 62), (113, 115), (150, 158), (78, 206), (80, 81), (66, 70), (70, 86), (83, 211), (6, 70), (172, 188), (224, 232), (54, 62), (8, 40)}
Obj: 29115

