Log for instance aco_tuning_out/inst27.txt.

Used ({'tau0': 8.524494344253886e-06, 'xi': 0.09819260408139344, 'q0': 0.8088391626043536, 'alpha': 1.5978494389623978, 'beta': 0.3615392099783453, 'rho': 0.32122496368584613, 'ants': 32}) and found best instance after 20.625 seconds.
E1: {(154, 155), (32, 34), (243, 251), (188, 190), (155, 187), (156, 158), (0, 2), (23, 31), (242, 243), (252, 253), (156, 188), (30, 158), (249, 251), (32, 36), (128, 144), (29, 31), (221, 253), (46, 47), (112, 114), (142, 158), (39, 47), (114, 242), (46, 62), (236, 238), (187, 251), (27, 155), (213, 215), (213, 221), (47, 111), (132, 196), (249, 253), (32, 96), (2, 34), (54, 62), (188, 252), (43, 47), (204, 236), (60, 188), (228, 236), (98, 114), (113, 115), (112, 116), (0, 128), (2, 3), (242, 250), (115, 243), (196, 204), (62, 63), (30, 31), (31, 63), (236, 252), (96, 98), (209, 213)}
E2: {(99, 103), (58, 62), (156, 158), (101, 103), (99, 115), (125, 253), (216, 218), (0, 2), (242, 246), (242, 243), (146, 178), (252, 253), (156, 188), (178, 182), (115, 123), (253, 255), (56, 58), (30, 158), (240, 242), (6, 14), (146, 147), (128, 144), (142, 143), (147, 151), (202, 218), (221, 253), (14, 30), (48, 56), (142, 158), (143, 159), (31, 159), (10, 14), (178, 242), (2, 10), (56, 57), (226, 230), (166, 182), (218, 250), (230, 246), (15, 31), (188, 252), (107, 111), (141, 143), (99, 107), (30, 62), (0, 128), (103, 119), (242, 250), (115, 243), (151, 159)}
Obj: 29112

