Log for instance aco_tuning_out/inst06.txt.

Used ({'tau0': 9.519734246967097e-06, 'xi': 0.07937813294122376, 'q0': 0.41673979688805995, 'alpha': 1.6749976300577816, 'beta': 0.7383106546614165, 'rho': 0.29031514757956295, 'ants': 27}) and found best instance after 30.96875 seconds.
E1: {(210, 242), (192, 200), (188, 190), (206, 238), (237, 253), (210, 211), (17, 21), (252, 253), (83, 91), (121, 249), (2, 130), (37, 39), (37, 45), (206, 207), (196, 212), (128, 129), (14, 46), (240, 242), (128, 132), (6, 14), (25, 89), (206, 222), (180, 188), (21, 85), (105, 121), (221, 253), (89, 91), (114, 242), (17, 145), (129, 145), (132, 196), (134, 166), (24, 25), (249, 253), (37, 53), (89, 121), (128, 192), (175, 191), (21, 23), (188, 252), (134, 135), (190, 191), (200, 232), (14, 78), (78, 206), (130, 134), (2, 3), (132, 134), (17, 25), (83, 211), (21, 53), (172, 188), (6, 134)}
E2: {(193, 195), (193, 201), (90, 94), (162, 226), (188, 190), (98, 226), (155, 187), (101, 103), (84, 212), (86, 87), (87, 95), (103, 231), (193, 225), (155, 159), (156, 188), (4, 36), (34, 98), (91, 95), (157, 159), (68, 84), (174, 175), (87, 119), (231, 239), (174, 190), (193, 197), (4, 5), (162, 170), (188, 189), (180, 188), (84, 86), (157, 189), (89, 91), (229, 245), (225, 229), (170, 174), (17, 145), (34, 42), (129, 145), (162, 166), (162, 163), (2, 34), (66, 98), (4, 68), (101, 229), (4, 132), (40, 42), (86, 94), (129, 193), (103, 119), (2, 3), (2, 18), (96, 98), (175, 239)}
Obj: 31704

