Log for instance aco_tuning_out/inst12.txt.

Used ({'tau_0': 3.0612586277534457e-06, 'xi': 0.1329622135219483, 'q0': 0.7756772068120196, 'alpha': 1.8931956829423289, 'beta': 1.9972080014998133, 'rho': 0.18753105830604566, 'ants': 22}) and found best instance after 19.984375 seconds.
E1: {(163, 164), (81, 82), (33, 42), (39, 201), (109, 190), (190, 199), (39, 42), (199, 205), (84, 102), (0, 81), (201, 202), (83, 164), (30, 39), (82, 83), (81, 84), (30, 48), (163, 166), (120, 201), (163, 190), (164, 182), (134, 215), (204, 206), (30, 32), (45, 48), (201, 204), (206, 215), (91, 118), (202, 211), (83, 89), (204, 205), (118, 199), (33, 195), (43, 205)}
E2: {(81, 82), (115, 142), (3, 4), (4, 58), (5, 59), (84, 87), (87, 89), (29, 32), (210, 211), (29, 47), (84, 102), (130, 133), (75, 78), (131, 134), (142, 223), (161, 242), (88, 142), (186, 213), (240, 242), (81, 84), (130, 157), (200, 209), (213, 240), (177, 186), (4, 5), (47, 128), (21, 24), (58, 67), (3, 21), (209, 236), (210, 213), (40, 43), (4, 166), (24, 25), (128, 131), (40, 67), (81, 135), (21, 75), (64, 67), (82, 88), (130, 131), (82, 109), (152, 161), (3, 84), (24, 186), (47, 209), (45, 47), (115, 133)}
Obj: 32890

