Log for instance aco_tuning_out/inst09.txt.

Used ({'tau_0': 9.926534885232458e-06, 'xi': 0.06692036828162971, 'q0': 0.3019379808030227, 'alpha': 1.9521308295520166, 'beta': 1.4674217120935573, 'rho': 0.15756254670228562, 'ants': 22}) and found best instance after 19.90625 seconds.
E1: {(81, 82), (162, 171), (14, 68), (139, 148), (171, 177), (0, 2), (70, 79), (43, 70), (61, 79), (39, 48), (76, 79), (39, 66), (218, 236), (82, 83), (2, 56), (78, 79), (66, 68), (85, 139), (21, 48), (39, 120), (68, 77), (2, 83), (81, 135), (76, 157), (82, 85), (85, 166), (81, 162), (21, 102), (56, 218), (83, 89), (76, 77), (148, 157), (61, 223)}
E2: {(58, 59), (4, 58), (3, 4), (139, 148), (125, 134), (120, 147), (4, 85), (50, 131), (61, 79), (66, 75), (122, 125), (122, 131), (125, 152), (120, 122), (72, 75), (58, 61), (147, 148), (168, 177), (211, 212), (142, 143), (3, 6), (89, 143), (168, 195), (61, 142), (85, 139), (50, 212), (25, 79), (66, 147), (85, 166), (45, 72), (32, 50), (6, 168), (0, 6), (148, 157), (61, 223)}
Obj: 29043

