Log for instance aco_tuning_out/inst30.txt.

Used ({'tau_0': 3.151708497185101e-06, 'xi': 0.05632693656731169, 'q0': 0.5279577748463967, 'alpha': 0.47226881213046684, 'beta': 1.430973702133798, 'rho': 0.06294574331706608, 'ants': 24}) and found best instance after 299.6875 seconds.
E1: {(162, 171), (31, 32), (190, 193), (171, 198), (181, 208), (11, 14), (190, 208), (125, 152), (198, 200), (106, 187), (31, 193), (172, 199), (9, 10), (90, 171), (195, 196), (93, 120), (118, 119), (171, 177), (181, 187), (125, 134), (190, 199), (10, 64), (9, 11), (105, 106), (90, 93), (209, 236), (109, 118), (193, 196), (119, 125), (91, 118), (171, 172), (0, 162), (10, 172), (193, 211), (208, 209), (19, 25), (118, 199), (10, 19), (102, 105)}
E2: {(162, 168), (162, 180), (171, 180), (126, 132), (171, 198), (234, 236), (198, 200), (180, 234), (145, 154), (173, 179), (168, 195), (100, 103), (27, 45), (117, 198), (162, 163), (81, 162), (126, 127), (225, 228), (216, 225), (117, 118), (91, 172), (3, 4), (0, 81), (151, 152), (63, 64), (162, 216), (81, 84), (171, 173), (145, 151), (163, 166), (103, 157), (22, 25), (118, 127), (173, 182), (63, 225), (135, 216), (118, 145), (109, 127), (177, 179), (4, 22), (3, 84), (172, 173), (100, 154), (132, 134), (0, 27)}
Obj: 35363

