Log for instance aco_tuning_out/inst27.txt.

Used ({'tau0': 3.986574795084688e-06, 'xi': 0.12869898263116974, 'q0': 0.7324104580466773, 'alpha': 0.38736117587741714, 'beta': 0.6247624947394189, 'rho': 0.4525392981526261, 'ants': 9}) and found best instance after 7.734375 seconds.
E1: {(204, 220), (250, 254), (132, 164), (243, 251), (146, 154), (43, 107), (60, 62), (190, 254), (116, 244), (228, 244), (27, 31), (249, 251), (62, 190), (238, 254), (146, 147), (220, 221), (147, 151), (142, 143), (164, 228), (29, 31), (144, 146), (39, 47), (31, 159), (143, 159), (187, 251), (213, 215), (213, 221), (36, 164), (151, 215), (47, 63), (2, 34), (250, 251), (54, 62), (107, 111), (43, 47), (38, 39), (113, 115), (23, 151), (2, 3), (34, 38), (115, 243), (36, 38), (62, 63), (30, 31), (31, 63), (151, 159), (209, 213)}
E2: {(177, 181), (15, 143), (243, 251), (125, 253), (144, 208), (251, 255), (253, 255), (56, 58), (240, 242), (6, 14), (10, 42), (194, 202), (180, 182), (151, 159), (147, 151), (221, 253), (14, 15), (208, 216), (49, 113), (14, 30), (97, 101), (49, 177), (48, 56), (143, 159), (10, 14), (194, 226), (115, 119), (97, 113), (123, 251), (208, 240), (56, 57), (166, 182), (180, 181), (107, 111), (226, 242), (141, 143), (42, 58), (113, 115), (107, 123), (49, 57), (115, 243), (242, 250), (250, 251)}
Obj: 26310

