Log for instance aco_tuning_out/inst09.txt.

Used ({'tau0': 4.426929263156353e-06, 'xi': 0.06025838234537617, 'q0': 0.705001489203017, 'alpha': 1.7379886783859488, 'beta': 1.7095931918554976, 'rho': 0.10716913974093385, 'ants': 23}) and found best instance after 35.171875 seconds.
E1: {(166, 175), (162, 171), (171, 177), (175, 202), (120, 147), (176, 185), (84, 102), (236, 239), (75, 78), (66, 75), (185, 239), (223, 232), (81, 84), (171, 173), (40, 202), (173, 176), (67, 76), (40, 43), (175, 176), (66, 147), (40, 67), (81, 135), (76, 157), (14, 176), (81, 83), (229, 232), (0, 162), (81, 162), (202, 229), (66, 67), (83, 89)}
E2: {(166, 175), (58, 59), (162, 171), (5, 59), (55, 136), (162, 168), (171, 177), (76, 238), (217, 223), (167, 176), (46, 127), (76, 79), (134, 161), (45, 46), (160, 161), (136, 145), (171, 173), (79, 160), (173, 176), (120, 201), (89, 143), (168, 195), (58, 76), (118, 127), (55, 217), (118, 145), (175, 176), (25, 79), (55, 58), (5, 167), (76, 157), (0, 162), (174, 201), (152, 161), (211, 238), (143, 161), (5, 32), (174, 176)}
Obj: 27834

