Log for instance aco_tuning_out/inst27.txt.

Used ({'tau_0': 5.420704371762057e-06, 'xi': 0.09688583805471983, 'q0': 0.31023948946680013, 'alpha': 0.7611440380801126, 'beta': 1.2418611307887504, 'rho': 0.4656758616586811, 'ants': 22}) and found best instance after 19.0625 seconds.
E1: {(55, 63), (154, 158), (27, 59), (52, 116), (152, 154), (3, 19), (140, 204), (121, 249), (158, 222), (54, 55), (110, 111), (30, 158), (23, 55), (249, 251), (36, 52), (59, 63), (52, 54), (29, 31), (52, 60), (144, 152), (142, 158), (132, 140), (19, 23), (236, 238), (187, 251), (140, 142), (214, 222), (217, 249), (110, 238), (209, 217), (2, 34), (158, 190), (204, 236), (59, 187), (228, 236), (43, 59), (217, 221), (113, 121), (2, 3), (214, 215), (39, 55), (30, 31), (31, 63), (250, 251)}
E2: {(119, 127), (162, 226), (58, 59), (200, 216), (50, 58), (101, 109), (242, 243), (123, 127), (147, 179), (34, 162), (253, 255), (240, 242), (109, 125), (6, 14), (125, 127), (221, 253), (14, 15), (127, 255), (144, 152), (48, 50), (14, 30), (57, 59), (10, 14), (2, 10), (13, 15), (200, 202), (13, 141), (162, 166), (111, 127), (2, 34), (59, 123), (226, 242), (152, 216), (179, 243), (242, 250), (10, 74), (74, 202), (34, 50)}
Obj: 25289

