Log for instance aco_tuning_out/inst30.txt.

Used ({'tau_0': 4.879942623985006e-06, 'xi': 0.08399557345205959, 'q0': 0.8878104132072444, 'alpha': 1.876793500103366, 'beta': 1.500849913875006, 'rho': 0.45614013825443306, 'ants': 13}) and found best instance after 4.84375 seconds.
E1: {(81, 82), (145, 146), (226, 232), (3, 4), (226, 229), (4, 58), (55, 136), (175, 202), (84, 87), (6, 33), (31, 32), (199, 205), (171, 198), (100, 101), (189, 191), (218, 236), (97, 178), (200, 206), (96, 97), (81, 84), (83, 164), (82, 83), (171, 173), (136, 145), (28, 109), (214, 241), (6, 87), (164, 173), (191, 197), (31, 34), (20, 101), (55, 217), (118, 145), (100, 103), (19, 20), (238, 241), (205, 214), (175, 176), (31, 58), (197, 206), (102, 103), (174, 177), (128, 134), (14, 176), (146, 155), (91, 118), (55, 64), (205, 232), (146, 152), (174, 201), (217, 218), (82, 100), (128, 155), (96, 123), (87, 96), (202, 229), (3, 84), (0, 6), (211, 238), (19, 25), (118, 199), (33, 195), (175, 178), (28, 34), (198, 201), (189, 198), (120, 123)}
E2: {(166, 175), (81, 82), (38, 200), (226, 232), (3, 4), (4, 58), (226, 229), (99, 100), (55, 136), (84, 87), (118, 119), (175, 202), (67, 68), (6, 33), (39, 201), (228, 229), (38, 47), (171, 198), (20, 47), (100, 101), (45, 46), (54, 55), (39, 66), (83, 164), (171, 173), (82, 83), (81, 84), (136, 145), (157, 238), (28, 109), (6, 87), (180, 182), (214, 241), (164, 173), (58, 67), (46, 47), (36, 198), (135, 137), (20, 101), (31, 34), (66, 68), (64, 226), (38, 119), (118, 145), (19, 20), (238, 241), (31, 58), (205, 214), (153, 234), (240, 241), (174, 177), (128, 134), (119, 128), (146, 155), (54, 72), (137, 146), (205, 232), (146, 152), (91, 118), (72, 153), (128, 155), (174, 201), (99, 180), (3, 84), (234, 240), (202, 229), (0, 6), (19, 25), (33, 195), (36, 38), (28, 34), (155, 236)}
Obj: 46811

