Log for instance aco_tuning_out/inst15.txt.

Used ({'tau_0': 8.839185575249679e-06, 'xi': 0.14550623661925266, 'q0': 0.34798186644897255, 'alpha': 1.259708246474134, 'beta': 0.9832315705511097, 'rho': 0.4534262478421148, 'ants': 24}) and found best instance after 11.0 seconds.
E1: {(156, 158), (146, 227), (199, 205), (101, 182), (100, 101), (78, 159), (204, 213), (199, 226), (195, 213), (149, 158), (200, 227), (64, 226), (157, 158), (91, 100), (109, 118), (201, 204), (174, 177), (226, 227), (146, 149), (91, 118), (156, 159), (174, 201), (204, 205), (118, 199), (174, 228), (43, 205)}
E2: {(162, 171), (14, 68), (128, 209), (166, 193), (171, 177), (66, 228), (43, 52), (49, 50), (171, 198), (101, 182), (109, 110), (198, 200), (89, 107), (64, 65), (200, 209), (49, 211), (51, 52), (25, 52), (209, 236), (135, 137), (49, 52), (66, 68), (128, 134), (0, 162), (41, 50), (32, 41), (110, 128), (59, 68), (193, 211), (110, 137), (101, 107), (41, 68), (65, 68), (47, 209), (51, 78), (101, 128), (45, 47), (189, 195), (189, 198), (47, 50)}
Obj: 28481

