Log for instance aco_tuning_out/inst12.txt.

Used ({'tau0': 7.0057149642065636e-06, 'xi': 0.149252803480768, 'q0': 0.4567360890655719, 'alpha': 0.7950975145067807, 'beta': 0.7667552217352966, 'rho': 0.11974195928540937, 'ants': 28}) and found best instance after 184.53125 seconds.
E1: {(81, 82), (3, 4), (45, 126), (128, 209), (93, 120), (84, 87), (87, 89), (31, 32), (208, 211), (84, 93), (126, 132), (84, 102), (34, 43), (0, 81), (81, 84), (126, 128), (31, 34), (182, 209), (4, 166), (114, 132), (128, 134), (82, 91), (208, 209), (82, 109), (3, 84), (4, 31), (87, 114), (114, 195)}
E2: {(73, 154), (29, 32), (199, 205), (100, 101), (80, 161), (64, 73), (82, 88), (199, 200), (166, 169), (81, 82), (20, 26), (29, 47), (84, 102), (81, 84), (62, 80), (46, 47), (20, 101), (127, 154), (193, 211), (118, 199), (43, 205), (25, 26), (168, 177), (196, 205), (88, 89), (100, 127), (45, 47), (154, 155), (78, 80), (134, 161), (160, 161), (88, 169), (118, 127), (81, 108), (108, 135), (155, 161), (109, 118), (193, 196), (169, 196), (59, 62), (169, 223), (152, 161), (46, 73), (157, 160), (168, 169), (155, 236)}
Obj: 30478

