Log for instance aco_tuning_out/inst06.txt.

Used ({'tau_0': 9.375317187382458e-06, 'xi': 0.1262899054888864, 'q0': 0.7055217120426633, 'alpha': 1.8010444237149952, 'beta': 1.3070739401200755, 'rho': 0.0819059266997208, 'ants': 15}) and found best instance after 23.140625 seconds.
E1: {(108, 109), (220, 222), (232, 248), (0, 2), (104, 108), (210, 211), (114, 115), (2, 130), (83, 91), (212, 220), (78, 110), (206, 207), (37, 45), (37, 39), (53, 181), (128, 129), (14, 46), (174, 175), (240, 248), (6, 14), (166, 174), (174, 190), (105, 109), (206, 222), (220, 221), (83, 115), (147, 151), (21, 85), (248, 249), (165, 181), (89, 91), (104, 232), (0, 16), (10, 14), (172, 174), (2, 10), (45, 109), (109, 237), (110, 238), (128, 192), (16, 24), (108, 110), (180, 181), (147, 211), (21, 23), (46, 110), (46, 174), (78, 206), (23, 151), (0, 128), (83, 211), (2, 3), (135, 151), (37, 165), (21, 53)}
E2: {(90, 91), (193, 195), (32, 34), (193, 201), (32, 40), (188, 190), (84, 212), (163, 179), (86, 87), (181, 245), (0, 2), (129, 131), (87, 95), (2, 66), (1, 3), (156, 188), (157, 159), (179, 187), (91, 95), (68, 84), (128, 129), (87, 119), (166, 174), (174, 175), (128, 132), (96, 97), (174, 190), (193, 197), (32, 36), (188, 189), (180, 188), (157, 189), (89, 91), (97, 101), (170, 174), (1, 5), (230, 231), (1, 17), (199, 231), (32, 96), (226, 230), (180, 181), (2, 34), (131, 163), (129, 193), (0, 128), (66, 70), (70, 86), (2, 3), (68, 70), (97, 225), (195, 199), (2, 18), (166, 230)}
Obj: 31817

