Log for instance aco_tuning_out/inst09.txt.

Used ({'tau_0': 7.814861621349648e-06, 'xi': 0.138307434456488, 'q0': 0.43841983460807055, 'alpha': 1.339632899369741, 'beta': 1.2581696145841696, 'rho': 0.4518495513690369, 'ants': 15}) and found best instance after 5.578125 seconds.
E1: {(93, 102), (166, 175), (88, 97), (3, 4), (4, 58), (84, 93), (227, 230), (57, 60), (0, 81), (227, 236), (94, 97), (121, 148), (93, 95), (97, 178), (223, 232), (81, 84), (176, 230), (58, 76), (81, 108), (108, 135), (94, 148), (175, 176), (88, 89), (120, 121), (76, 157), (3, 57), (14, 176), (205, 232), (178, 232), (60, 69), (69, 78), (3, 84), (95, 176), (43, 205), (94, 95), (177, 178)}
E2: {(3, 4), (162, 171), (0, 27), (175, 202), (162, 168), (32, 113), (116, 134), (112, 115), (171, 198), (25, 187), (112, 121), (94, 97), (121, 148), (98, 152), (115, 196), (89, 116), (97, 178), (6, 8), (168, 186), (3, 6), (36, 198), (97, 98), (113, 116), (57, 59), (178, 187), (94, 148), (4, 166), (27, 36), (36, 45), (120, 121), (196, 223), (3, 57), (202, 211), (112, 113), (186, 187), (195, 196), (8, 89), (175, 178), (148, 157), (177, 178)}
Obj: 30807

