Log for instance aco_tuning_out/inst09.txt.

Used ({'tau_0': 7.151935564269642e-06, 'xi': 0.10184361707760894, 'q0': 0.5077701235510973, 'alpha': 0.5847895154504361, 'beta': 0.6413829753178264, 'rho': 0.2990121644546394, 'ants': 8}) and found best instance after 6.09375 seconds.
E1: {(43, 205), (81, 82), (120, 129), (151, 232), (159, 160), (225, 227), (11, 14), (78, 159), (227, 236), (0, 81), (94, 103), (103, 130), (85, 94), (223, 232), (130, 157), (82, 83), (129, 130), (94, 148), (102, 103), (231, 232), (177, 231), (11, 92), (81, 135), (151, 160), (82, 85), (85, 166), (205, 232), (225, 231), (83, 89), (83, 92), (148, 151)}
E2: {(120, 129), (3, 4), (4, 58), (58, 59), (80, 242), (179, 233), (48, 51), (210, 211), (76, 79), (52, 79), (152, 233), (195, 213), (129, 210), (51, 52), (84, 86), (86, 89), (58, 76), (210, 213), (233, 242), (48, 129), (4, 166), (45, 48), (25, 79), (79, 80), (76, 157), (224, 233), (177, 179), (32, 59), (0, 3), (3, 84), (129, 132), (132, 134), (223, 224)}
Obj: 28088

