Log for instance aco_tuning_out/inst09.txt.

Used ({'tau_0': 5.984400518709856e-06, 'xi': 0.13241385165248287, 'q0': 0.4542903648549634, 'alpha': 0.4898957854025313, 'beta': 0.29966337375676566, 'rho': 0.06680927871977722, 'ants': 9}) and found best instance after 131.703125 seconds.
E1: {(84, 87), (87, 89), (176, 185), (84, 102), (236, 239), (174, 176), (238, 239), (0, 81), (185, 239), (223, 232), (81, 84), (232, 241), (165, 166), (157, 238), (120, 201), (84, 165), (238, 241), (240, 241), (174, 177), (81, 135), (78, 240), (14, 176), (205, 232), (174, 201), (165, 174), (43, 205)}
E2: {(58, 59), (30, 192), (76, 79), (134, 161), (58, 220), (192, 193), (165, 166), (120, 201), (89, 143), (58, 76), (27, 30), (30, 32), (80, 161), (79, 80), (192, 195), (25, 79), (76, 157), (174, 177), (27, 45), (192, 201), (220, 223), (193, 211), (174, 201), (165, 174), (193, 220), (152, 161), (143, 161), (0, 27)}
Obj: 24029

