Log for instance aco_tuning_out/inst24.txt.

Used ({'tau0': 4.879942623985006e-06, 'xi': 0.08399557345205959, 'q0': 0.8878104132072444, 'alpha': 1.876793500103366, 'beta': 1.500849913875006, 'rho': 0.45614013825443306, 'ants': 13}) and found best instance after 4.21875 seconds.
E1: {(105, 107), (176, 240), (240, 242), (96, 97), (58, 122), (147, 151), (14, 15), (57, 59), (179, 183), (106, 107), (29, 61), (24, 28), (32, 96), (32, 160), (2, 34), (122, 126), (92, 220), (151, 159), (55, 63), (243, 251), (147, 155), (12, 13), (0, 2), (158, 222), (62, 126), (249, 251), (10, 42), (142, 143), (106, 122), (249, 253), (76, 108), (71, 103), (98, 114), (130, 146), (96, 98), (8, 40), (99, 103), (146, 154), (155, 187), (220, 222), (43, 171), (97, 105), (187, 191), (8, 24), (174, 175), (45, 61), (146, 147), (12, 76), (221, 253), (143, 159), (114, 242), (10, 14), (2, 10), (28, 29), (76, 78), (144, 176), (55, 183), (139, 143), (42, 58), (78, 206), (8, 10), (242, 250), (62, 63), (58, 59), (171, 235), (252, 253), (174, 190), (206, 222), (220, 221), (142, 158), (13, 141), (175, 191), (99, 107), (171, 187), (90, 122), (179, 243)}
E2: {(177, 181), (26, 30), (146, 178), (244, 246), (147, 151), (176, 178), (31, 95), (179, 183), (166, 167), (32, 96), (2, 34), (213, 245), (122, 126), (151, 159), (55, 63), (7, 23), (243, 251), (147, 155), (5, 7), (121, 249), (158, 222), (62, 126), (249, 251), (142, 143), (165, 181), (187, 251), (106, 122), (249, 253), (98, 114), (195, 211), (30, 31), (96, 98), (155, 187), (165, 167), (4, 6), (228, 244), (40, 44), (44, 60), (87, 95), (187, 191), (91, 95), (253, 255), (146, 147), (12, 76), (221, 253), (49, 113), (49, 177), (143, 159), (10, 14), (244, 245), (2, 10), (76, 78), (144, 176), (199, 231), (55, 183), (120, 121), (180, 181), (23, 87), (78, 206), (195, 199), (115, 243), (19, 83), (62, 63), (12, 44), (32, 40), (4, 12), (237, 253), (53, 181), (85, 213), (6, 14), (83, 115), (206, 222), (26, 90), (89, 91), (142, 158), (19, 23), (85, 87), (226, 230), (175, 191), (230, 246), (113, 115), (179, 243), (83, 211)}
Obj: 41520

