Log for instance aco_tuning_out/inst21.txt.

Used ({'tau0': 7.271888129177242e-06, 'xi': 0.05984220487362216, 'q0': 0.5127813632941683, 'alpha': 0.28049908432308224, 'beta': 1.9767044196304102, 'rho': 0.05712818954691315, 'ants': 28}) and found best instance after 67.625 seconds.
E1: {(201, 203), (226, 232), (175, 202), (171, 198), (64, 226), (136, 217), (5, 14), (198, 201), (177, 178), (147, 228), (151, 152), (202, 203), (147, 148), (164, 173), (36, 198), (36, 45), (32, 41), (145, 226), (175, 178), (226, 229), (151, 232), (217, 223), (198, 200), (83, 164), (136, 145), (148, 229), (164, 182), (41, 203), (83, 86), (166, 175), (5, 86), (171, 173), (135, 136), (202, 229)}
E2: {(115, 142), (171, 198), (234, 236), (72, 75), (30, 39), (136, 142), (25, 52), (31, 58), (86, 113), (27, 36), (75, 156), (81, 135), (82, 88), (71, 152), (234, 240), (81, 82), (33, 42), (88, 115), (190, 199), (82, 83), (213, 240), (51, 52), (164, 173), (36, 198), (20, 101), (118, 199), (28, 34), (30, 31), (0, 27), (37, 64), (33, 51), (208, 211), (190, 208), (142, 223), (198, 200), (195, 213), (83, 164), (136, 145), (28, 109), (156, 157), (86, 89), (44, 71), (36, 42), (153, 234), (83, 86), (58, 59), (32, 113), (36, 37), (91, 92), (92, 173), (171, 173), (42, 44), (31, 34), (118, 145), (39, 120), (34, 115), (51, 213), (78, 240), (43, 44), (45, 72), (72, 153), (83, 101), (20, 182)}
Obj: 35143

