Log for instance aco_tuning_out/inst15.txt.

Used ({'tau_0': 7.271888129177242e-06, 'xi': 0.05984220487362216, 'q0': 0.5127813632941683, 'alpha': 0.28049908432308224, 'beta': 1.9767044196304102, 'rho': 0.05712818954691315, 'ants': 28}) and found best instance after 233.0625 seconds.
E1: {(181, 208), (204, 231), (100, 103), (42, 43), (55, 136), (190, 199), (228, 231), (181, 182), (208, 209), (204, 205), (118, 199), (214, 215), (190, 208), (195, 204), (44, 206), (136, 145), (209, 215), (100, 127), (15, 177), (91, 145), (231, 240), (15, 42), (200, 209), (42, 44), (103, 157), (118, 127), (118, 145), (205, 214), (206, 215), (78, 240), (109, 136), (55, 64)}
E2: {(18, 72), (207, 209), (176, 185), (217, 220), (72, 75), (204, 231), (25, 52), (191, 194), (21, 75), (42, 43), (174, 201), (114, 195), (33, 42), (55, 136), (185, 212), (208, 214), (75, 78), (58, 220), (51, 52), (228, 231), (207, 208), (209, 236), (191, 200), (191, 209), (32, 194), (89, 170), (201, 204), (6, 168), (21, 22), (6, 33), (33, 51), (208, 211), (167, 170), (136, 145), (168, 177), (182, 185), (191, 218), (128, 134), (14, 176), (217, 218), (207, 210), (18, 45), (0, 6), (166, 184), (58, 59), (64, 145), (127, 128), (167, 176), (22, 184), (33, 114), (118, 127), (45, 207), (55, 217), (118, 145), (109, 118), (135, 136), (210, 212), (174, 176), (52, 214)}
Obj: 33345

