Log for instance aco_tuning_out/inst21.txt.

Used ({'tau_0': 9.375317187382458e-06, 'xi': 0.1262899054888864, 'q0': 0.7055217120426633, 'alpha': 1.8010444237149952, 'beta': 1.3070739401200755, 'rho': 0.0819059266997208, 'ants': 15}) and found best instance after 26.40625 seconds.
E1: {(166, 175), (226, 232), (226, 229), (171, 177), (228, 229), (29, 32), (171, 198), (175, 229), (152, 233), (223, 232), (83, 164), (171, 173), (173, 176), (164, 173), (36, 198), (173, 182), (64, 226), (173, 200), (175, 176), (27, 36), (81, 135), (27, 45), (14, 176), (81, 83), (27, 29), (232, 233)}
E2: {(81, 82), (33, 42), (5, 59), (11, 173), (33, 51), (5, 86), (11, 17), (0, 81), (11, 20), (103, 130), (136, 139), (136, 145), (82, 83), (19, 100), (130, 157), (42, 44), (86, 89), (42, 123), (173, 182), (139, 220), (64, 226), (100, 103), (173, 200), (19, 20), (45, 51), (91, 100), (130, 211), (81, 135), (17, 44), (42, 43), (220, 223), (182, 236), (71, 152), (145, 226), (82, 100), (17, 71), (82, 109), (19, 25), (51, 78), (5, 32), (83, 86), (33, 195), (82, 136), (120, 123)}
Obj: 28256

