Log for instance aco_tuning_out/inst24.txt.

Used ({'tau0': 1.944733890460195e-06, 'xi': 0.10406489729971813, 'q0': 0.5015133780289627, 'alpha': 0.48372224880231074, 'beta': 1.7691019222478264, 'rho': 0.4010581607160818, 'ants': 21}) and found best instance after 250.71875 seconds.
E1: {(76, 92), (42, 106), (15, 79), (58, 59), (15, 143), (171, 235), (44, 45), (43, 171), (0, 2), (40, 44), (176, 240), (242, 243), (2, 130), (186, 250), (220, 252), (122, 250), (240, 242), (160, 176), (220, 221), (44, 108), (12, 76), (57, 59), (139, 171), (143, 159), (34, 42), (106, 122), (144, 176), (71, 79), (139, 143), (2, 34), (76, 108), (141, 143), (42, 58), (40, 42), (43, 59), (154, 186), (90, 122), (186, 190), (242, 250), (92, 220)}
E2: {(183, 191), (42, 106), (98, 226), (165, 167), (4, 12), (237, 253), (108, 124), (146, 178), (187, 191), (253, 255), (53, 181), (120, 122), (85, 213), (146, 147), (10, 42), (206, 222), (4, 5), (12, 76), (221, 253), (191, 255), (165, 181), (144, 146), (194, 226), (34, 42), (106, 122), (230, 231), (166, 167), (76, 78), (120, 124), (63, 191), (213, 221), (120, 121), (194, 195), (226, 230), (89, 121), (175, 191), (180, 181), (50, 114), (228, 230), (50, 178), (60, 124), (76, 108), (98, 114), (78, 206), (90, 122), (167, 183), (114, 122), (166, 230)}
Obj: 26047

