Log for instance aco_tuning_out/inst30.txt.

Used ({'tau_0': 3.0123184321619356e-06, 'xi': 0.12162366348291398, 'q0': 0.6525057095214953, 'alpha': 0.3418731697773203, 'beta': 1.7855031617760102, 'rho': 0.2482497904794193, 'ants': 32}) and found best instance after 167.453125 seconds.
E1: {(162, 171), (162, 168), (21, 22), (184, 211), (98, 125), (236, 242), (120, 122), (98, 152), (145, 148), (107, 161), (3, 6), (191, 197), (191, 194), (195, 197), (94, 95), (189, 216), (98, 107), (171, 177), (125, 134), (64, 145), (161, 242), (189, 191), (162, 216), (22, 184), (22, 25), (95, 98), (3, 21), (191, 200), (125, 206), (94, 148), (32, 194), (118, 145), (95, 122), (197, 206), (109, 118), (91, 118), (0, 162), (21, 23), (14, 23), (6, 168), (21, 102)}
E2: {(109, 190), (21, 22), (159, 160), (144, 150), (171, 198), (135, 144), (0, 18), (237, 240), (228, 237), (191, 197), (18, 180), (153, 234), (18, 21), (74, 236), (150, 152), (234, 240), (177, 178), (189, 207), (3, 4), (125, 134), (64, 145), (190, 199), (180, 207), (144, 153), (172, 175), (189, 191), (157, 160), (189, 195), (180, 182), (22, 25), (3, 21), (191, 200), (45, 207), (125, 206), (118, 145), (198, 199), (197, 206), (4, 166), (72, 74), (91, 118), (171, 172), (72, 153), (159, 240), (118, 199), (207, 234), (175, 178), (198, 207)}
Obj: 34786

