Log for instance aco_tuning_out/inst30.txt.

Used ({'tau_0': 9.375317187382458e-06, 'xi': 0.1262899054888864, 'q0': 0.7055217120426633, 'alpha': 1.8010444237149952, 'beta': 1.3070739401200755, 'rho': 0.0819059266997208, 'ants': 15}) and found best instance after 27.625 seconds.
E1: {(93, 102), (189, 216), (226, 229), (93, 120), (171, 177), (0, 2), (234, 236), (2, 5), (72, 234), (14, 95), (5, 86), (199, 226), (74, 155), (93, 95), (71, 80), (171, 225), (148, 229), (225, 226), (86, 95), (64, 226), (94, 148), (109, 118), (72, 74), (26, 80), (128, 134), (91, 118), (71, 152), (128, 155), (229, 238), (199, 200), (211, 238), (225, 234), (74, 80), (118, 199), (5, 32), (216, 234), (189, 195), (94, 95), (25, 26)}
E2: {(189, 207), (145, 146), (166, 184), (55, 136), (128, 209), (207, 209), (1, 55), (190, 217), (22, 184), (200, 209), (136, 145), (209, 236), (0, 1), (45, 207), (55, 217), (182, 209), (189, 190), (118, 145), (144, 225), (109, 118), (177, 231), (76, 157), (128, 134), (91, 118), (55, 64), (146, 152), (22, 76), (144, 145), (135, 136), (225, 228), (225, 231), (19, 25), (19, 22), (189, 195), (1, 19)}
Obj: 32489

