Log for instance aco_tuning_out/inst12.txt.

Used ({'tau0': 9.546586330686151e-06, 'xi': 0.07432857356120594, 'q0': 0.39855006298732903, 'alpha': 1.1362553523500754, 'beta': 1.13375631131127, 'rho': 0.39805176799684205, 'ants': 18}) and found best instance after 15.640625 seconds.
E1: {(81, 82), (45, 126), (84, 102), (171, 198), (169, 170), (117, 120), (0, 81), (35, 197), (117, 126), (83, 164), (171, 173), (82, 83), (81, 84), (211, 212), (35, 44), (164, 173), (164, 170), (166, 169), (164, 182), (134, 215), (195, 197), (197, 215), (32, 35), (117, 198), (82, 91), (43, 44), (82, 109), (83, 89), (212, 215), (170, 197)}
E2: {(93, 102), (189, 207), (81, 82), (58, 59), (171, 174), (45, 126), (166, 193), (31, 32), (190, 193), (190, 199), (207, 209), (217, 223), (126, 132), (171, 198), (78, 159), (190, 217), (198, 200), (31, 193), (171, 173), (83, 164), (93, 174), (67, 70), (82, 83), (16, 25), (164, 173), (58, 67), (89, 143), (16, 43), (58, 76), (209, 236), (126, 207), (198, 199), (31, 58), (16, 70), (174, 177), (81, 135), (76, 157), (64, 67), (132, 159), (193, 211), (82, 109), (143, 152), (132, 134), (83, 89), (189, 198)}
Obj: 30478

