Log for instance aco_tuning_out/inst03.txt.

Used ({'tau0': 9.119507042405133e-06, 'xi': 0.08312134642286392, 'q0': 0.652583610347572, 'alpha': 1.9538629702340153, 'beta': 0.5827075905861862, 'rho': 0.2829709186785237, 'ants': 20}) and found best instance after 15.53125 seconds.
E1: {(177, 181), (105, 107), (99, 103), (196, 228), (220, 222), (211, 219), (113, 117), (39, 103), (97, 105), (187, 191), (114, 118), (65, 73), (206, 207), (53, 181), (224, 228), (143, 175), (96, 97), (82, 83), (83, 115), (202, 206), (206, 222), (32, 36), (224, 240), (220, 221), (147, 151), (65, 97), (92, 220), (96, 98), (20, 28), (224, 232), (101, 117), (135, 143), (49, 113), (49, 177), (97, 101), (143, 159), (117, 119), (28, 29), (29, 61), (149, 151), (195, 203), (54, 118), (68, 196), (53, 61), (24, 28), (32, 96), (96, 224), (175, 191), (82, 210), (203, 207), (147, 211), (99, 107), (203, 219), (113, 115), (98, 114), (9, 73), (57, 61), (196, 204), (83, 211), (151, 159)}
E2: {(177, 181), (33, 97), (105, 107), (96, 104), (15, 143), (98, 226), (43, 107), (5, 13), (228, 244), (216, 218), (97, 105), (196, 197), (36, 37), (34, 98), (148, 150), (172, 236), (115, 123), (5, 37), (198, 206), (37, 45), (132, 148), (166, 174), (96, 97), (137, 141), (128, 132), (202, 206), (83, 115), (206, 222), (82, 83), (154, 218), (198, 230), (202, 218), (15, 47), (40, 104), (49, 113), (49, 177), (17, 81), (143, 159), (172, 174), (244, 245), (132, 196), (123, 251), (235, 251), (32, 96), (13, 141), (226, 230), (32, 160), (47, 63), (128, 192), (137, 201), (228, 230), (33, 49), (107, 111), (43, 47), (81, 83), (99, 107), (82, 210), (180, 181), (228, 236), (98, 114), (113, 115), (48, 49), (9, 137), (0, 128), (196, 198), (13, 15), (96, 98)}
Obj: 35759

