Log for instance aco_tuning_out/inst30.txt.

Used ({'tau0': 3.0123184321619356e-06, 'xi': 0.12162366348291398, 'q0': 0.6525057095214953, 'alpha': 0.3418731697773203, 'beta': 1.7855031617760102, 'rho': 0.2482497904794193, 'ants': 32}) and found best instance after 206.484375 seconds.
E1: {(105, 107), (175, 202), (29, 32), (171, 198), (16, 97), (189, 198), (29, 191), (98, 107), (110, 191), (171, 177), (118, 119), (125, 134), (189, 191), (209, 236), (191, 209), (175, 176), (119, 125), (0, 162), (146, 152), (193, 202), (193, 211), (175, 178), (189, 195), (145, 146), (162, 171), (198, 200), (118, 121), (97, 98), (121, 202), (91, 97), (110, 119), (120, 121), (14, 176), (64, 145), (97, 178), (16, 25), (118, 145), (102, 105), (109, 118)}
E2: {(171, 198), (150, 159), (85, 139), (150, 152), (108, 189), (174, 228), (189, 198), (81, 82), (45, 126), (110, 191), (118, 119), (189, 191), (81, 84), (173, 176), (191, 200), (209, 236), (191, 209), (175, 176), (171, 172), (0, 162), (10, 172), (132, 134), (10, 19), (189, 195), (162, 171), (139, 157), (126, 132), (110, 119), (82, 91), (132, 159), (166, 175), (3, 4), (64, 145), (176, 179), (4, 85), (171, 173), (81, 108), (173, 182), (108, 126), (108, 135), (118, 145), (109, 118), (177, 179), (3, 84), (19, 25), (174, 176)}
Obj: 33482

