Log for instance aco_tuning_out/inst21.txt.

Used ({'tau0': 7.814861621349648e-06, 'xi': 0.138307434456488, 'q0': 0.43841983460807055, 'alpha': 1.339632899369741, 'beta': 1.2581696145841696, 'rho': 0.4518495513690369, 'ants': 15}) and found best instance after 8.234375 seconds.
E1: {(166, 175), (29, 32), (179, 233), (176, 185), (9, 11), (178, 179), (135, 153), (11, 17), (152, 233), (223, 224), (198, 200), (64, 65), (182, 185), (17, 179), (228, 231), (36, 198), (11, 65), (175, 176), (231, 232), (27, 36), (27, 45), (224, 233), (177, 179), (27, 54), (54, 72), (72, 153), (178, 232), (14, 17), (27, 29), (175, 178), (9, 36)}
E2: {(33, 42), (54, 135), (109, 190), (99, 100), (119, 200), (0, 54), (208, 211), (217, 223), (190, 208), (236, 242), (161, 242), (190, 217), (54, 55), (94, 103), (120, 122), (33, 35), (72, 78), (103, 157), (89, 143), (55, 217), (35, 62), (100, 103), (95, 122), (100, 106), (27, 33), (91, 100), (119, 122), (99, 153), (27, 45), (32, 35), (42, 43), (27, 54), (55, 64), (54, 72), (59, 62), (182, 236), (25, 106), (62, 143), (72, 153), (152, 161), (143, 161), (33, 195), (94, 95)}
Obj: 30446

