Log for instance aco_tuning_out/inst12.txt.

Used ({'tau_0': 8.908613414444593e-06, 'xi': 0.1316659796537964, 'q0': 0.44184378094598165, 'alpha': 1.5856828467501214, 'beta': 0.9751219636880748, 'rho': 0.2735558699054583, 'ants': 18}) and found best instance after 9.6875 seconds.
E1: {(166, 175), (43, 205), (109, 190), (175, 202), (0, 54), (29, 32), (116, 134), (190, 196), (153, 156), (29, 56), (172, 178), (102, 156), (89, 116), (173, 176), (191, 197), (173, 182), (116, 197), (121, 202), (196, 205), (175, 176), (120, 121), (178, 205), (54, 72), (202, 211), (45, 72), (72, 153), (190, 191), (195, 196), (54, 56), (175, 178), (29, 191), (91, 172)}
E2: {(166, 175), (43, 205), (109, 190), (175, 202), (21, 22), (199, 202), (190, 199), (59, 140), (234, 236), (153, 159), (135, 153), (140, 143), (142, 223), (134, 161), (67, 229), (48, 75), (160, 161), (72, 75), (72, 78), (89, 143), (22, 25), (48, 50), (153, 234), (175, 178), (178, 205), (21, 75), (64, 67), (85, 166), (202, 211), (45, 72), (86, 140), (72, 153), (32, 50), (199, 200), (159, 161), (152, 161), (142, 160), (202, 229), (21, 102), (143, 161), (85, 86), (157, 160), (177, 178)}
Obj: 30742

