Log for instance aco_tuning_out/inst18.txt.

Used ({'tau_0': 4.854876741746394e-06, 'xi': 0.1452545140568255, 'q0': 0.42195591018398276, 'alpha': 0.3555439034289861, 'beta': 0.8668501148752592, 'rho': 0.11887721475075397, 'ants': 32}) and found best instance after 283.03125 seconds.
E1: {(81, 85), (2, 66), (147, 151), (31, 95), (31, 159), (32, 160), (213, 245), (22, 30), (80, 81), (151, 159), (209, 213), (90, 94), (1, 3), (110, 111), (10, 42), (3, 67), (193, 209), (29, 31), (14, 30), (1, 5), (213, 215), (47, 63), (40, 42), (67, 99), (30, 31), (47, 111), (1, 9), (110, 126), (193, 197), (245, 253), (41, 57), (10, 14), (2, 10), (110, 238), (46, 110), (42, 58), (45, 47), (22, 54), (193, 201), (32, 40), (150, 151), (252, 253), (30, 94), (85, 213), (6, 14), (41, 45), (39, 47), (151, 215), (42, 46), (107, 111), (99, 107)}
E2: {(35, 51), (8, 9), (82, 86), (35, 163), (32, 160), (81, 89), (101, 229), (94, 126), (22, 30), (80, 81), (66, 82), (91, 123), (60, 62), (168, 232), (240, 248), (82, 83), (248, 252), (14, 30), (40, 168), (1, 5), (188, 252), (86, 94), (217, 221), (14, 142), (72, 104), (172, 188), (8, 40), (146, 154), (168, 184), (1, 9), (8, 24), (110, 126), (19, 51), (245, 253), (221, 253), (229, 245), (78, 94), (110, 238), (108, 110), (82, 210), (81, 113), (19, 83), (22, 54), (32, 40), (232, 248), (104, 108), (89, 217), (82, 114), (252, 253), (30, 94), (89, 91), (22, 150), (146, 210), (81, 83), (30, 62)}
Obj: 30284

