Log for instance aco_tuning_out/inst24.txt.

Used ({'tau0': 9.119507042405133e-06, 'xi': 0.08312134642286392, 'q0': 0.652583610347572, 'alpha': 1.9538629702340153, 'beta': 0.5827075905861862, 'rho': 0.2829709186785237, 'ants': 20}) and found best instance after 11.9375 seconds.
E1: {(137, 139), (15, 79), (58, 59), (99, 103), (243, 251), (146, 154), (107, 235), (58, 62), (15, 143), (50, 58), (0, 2), (128, 160), (40, 44), (108, 124), (112, 240), (146, 178), (252, 253), (121, 249), (2, 130), (120, 122), (249, 251), (62, 190), (137, 141), (44, 108), (128, 144), (92, 124), (12, 76), (221, 253), (78, 79), (15, 47), (144, 146), (112, 114), (112, 120), (57, 59), (143, 159), (106, 107), (76, 78), (235, 251), (120, 124), (120, 121), (50, 114), (2, 34), (50, 178), (76, 108), (141, 143), (99, 107), (124, 252), (71, 103), (43, 59), (90, 122), (0, 128), (45, 47), (250, 251)}
E2: {(55, 63), (124, 126), (98, 226), (165, 167), (237, 253), (0, 2), (167, 231), (178, 179), (187, 191), (34, 98), (179, 187), (133, 165), (78, 110), (253, 255), (53, 181), (91, 95), (120, 122), (76, 204), (110, 126), (206, 222), (128, 144), (147, 151), (124, 125), (221, 253), (191, 255), (78, 79), (165, 181), (89, 91), (179, 183), (194, 226), (2, 10), (149, 151), (166, 167), (106, 122), (76, 78), (53, 55), (117, 125), (55, 183), (194, 195), (175, 191), (180, 181), (50, 114), (2, 34), (79, 95), (50, 178), (149, 181), (60, 124), (204, 236), (85, 117), (228, 236), (98, 114), (5, 133), (78, 206), (0, 128), (90, 122), (122, 126), (114, 122)}
Obj: 31763

