Log for instance aco_tuning_out/inst18.txt.

Used ({'tau0': 4.498936448740942e-06, 'xi': 0.13853729626942535, 'q0': 0.527822666374638, 'alpha': 1.6196713237028468, 'beta': 0.6656100225587412, 'rho': 0.18622598889901743, 'ants': 24}) and found best instance after 285.375 seconds.
E1: {(64, 66), (128, 136), (136, 137), (7, 23), (58, 62), (3, 7), (5, 7), (150, 151), (29, 93), (128, 160), (252, 253), (78, 110), (54, 55), (93, 95), (85, 213), (23, 55), (197, 213), (62, 126), (110, 111), (9, 41), (110, 126), (41, 45), (64, 80), (147, 151), (245, 253), (41, 57), (70, 78), (213, 215), (6, 7), (85, 93), (151, 215), (110, 238), (137, 201), (98, 99), (66, 98), (54, 62), (213, 245), (46, 110), (23, 151), (7, 39), (0, 64), (90, 122), (66, 70), (0, 128), (122, 126), (9, 137), (62, 63), (151, 159), (209, 213)}
E2: {(168, 172), (7, 23), (154, 158), (160, 168), (91, 123), (168, 184), (163, 179), (150, 151), (5, 7), (60, 62), (8, 9), (176, 240), (82, 114), (252, 253), (8, 24), (78, 110), (54, 55), (30, 158), (23, 55), (62, 126), (168, 232), (110, 126), (51, 55), (82, 86), (245, 253), (221, 253), (70, 78), (80, 82), (89, 91), (142, 158), (40, 168), (8, 72), (176, 184), (97, 101), (97, 113), (110, 238), (108, 110), (82, 210), (81, 89), (188, 252), (51, 179), (60, 188), (23, 151), (150, 158), (80, 81), (66, 70), (70, 86), (81, 113), (172, 188), (54, 62), (8, 40)}
Obj: 28089

