Log for instance aco_tuning_out/inst21.txt.

Used ({'tau_0': 2.0274933728523487e-06, 'xi': 0.13405703789383258, 'q0': 0.526091823657158, 'alpha': 1.6793374858698646, 'beta': 0.6970800710605479, 'rho': 0.13613590490376215, 'ants': 11}) and found best instance after 8.640625 seconds.
E1: {(145, 146), (163, 164), (171, 177), (64, 145), (83, 137), (171, 198), (198, 200), (98, 152), (223, 232), (83, 164), (171, 173), (204, 231), (163, 166), (228, 231), (164, 173), (36, 198), (135, 137), (164, 182), (27, 30), (30, 32), (27, 36), (231, 232), (27, 45), (137, 146), (146, 152), (14, 17), (198, 204), (17, 98)}
E2: {(81, 82), (226, 232), (231, 240), (39, 201), (226, 235), (181, 187), (208, 211), (181, 208), (25, 187), (195, 204), (152, 233), (198, 200), (231, 233), (223, 232), (81, 84), (154, 157), (82, 83), (204, 231), (181, 235), (136, 154), (45, 207), (57, 59), (64, 226), (198, 204), (235, 236), (39, 120), (231, 232), (3, 57), (78, 240), (82, 91), (109, 136), (181, 182), (154, 235), (135, 136), (32, 59), (0, 3), (3, 84), (83, 89), (204, 205), (43, 205), (82, 136), (198, 201), (198, 207)}
Obj: 29511

