Log for instance aco_tuning_out/inst30.txt.

Used ({'tau_0': 9.546586330686151e-06, 'xi': 0.07432857356120594, 'q0': 0.39855006298732903, 'alpha': 1.1362553523500754, 'beta': 1.13375631131127, 'rho': 0.39805176799684205, 'ants': 18}) and found best instance after 9.375 seconds.
E1: {(39, 201), (98, 107), (162, 171), (28, 55), (162, 168), (29, 32), (210, 211), (10, 64), (171, 198), (107, 134), (11, 14), (198, 200), (227, 236), (98, 152), (105, 106), (10, 91), (28, 109), (168, 177), (168, 195), (200, 227), (97, 98), (10, 11), (28, 29), (39, 120), (91, 97), (201, 210), (171, 172), (55, 64), (0, 162), (25, 106), (10, 172), (97, 106), (102, 105), (198, 201)}
E2: {(166, 175), (28, 55), (55, 136), (179, 233), (178, 179), (190, 208), (152, 233), (174, 175), (19, 100), (200, 209), (18, 19), (209, 215), (0, 18), (209, 236), (134, 215), (195, 197), (182, 209), (91, 100), (197, 215), (76, 157), (224, 233), (177, 179), (21, 75), (18, 21), (100, 127), (109, 136), (55, 64), (197, 224), (208, 209), (135, 136), (28, 190), (18, 45), (75, 76), (19, 25), (174, 228), (127, 208), (175, 178)}
Obj: 32503

