Log for instance aco_tuning_out/inst30.txt.

Used ({'tau0': 2.924453704862743e-06, 'xi': 0.10102715591656777, 'q0': 0.8483785554218048, 'alpha': 1.0515532863745962, 'beta': 0.39867352753450425, 'rho': 0.28727195311451986, 'ants': 26}) and found best instance after 27.125 seconds.
E1: {(81, 82), (3, 4), (4, 58), (162, 171), (226, 229), (175, 202), (171, 177), (31, 32), (179, 233), (176, 179), (84, 102), (217, 226), (100, 101), (152, 233), (218, 236), (96, 97), (81, 84), (171, 173), (173, 179), (20, 101), (31, 34), (64, 226), (173, 200), (19, 20), (31, 58), (91, 97), (175, 176), (91, 100), (128, 134), (33, 34), (14, 176), (0, 162), (202, 211), (81, 162), (217, 218), (82, 100), (96, 123), (82, 109), (3, 84), (202, 229), (19, 25), (101, 128), (33, 195), (120, 123)}
E2: {(81, 82), (226, 232), (3, 4), (162, 171), (171, 177), (179, 233), (133, 214), (171, 198), (152, 233), (81, 84), (200, 209), (171, 173), (209, 215), (79, 160), (133, 134), (36, 198), (173, 179), (209, 236), (64, 226), (182, 209), (205, 214), (27, 33), (4, 166), (27, 36), (25, 79), (91, 100), (36, 45), (81, 135), (205, 232), (0, 162), (81, 162), (201, 228), (82, 100), (82, 109), (3, 84), (133, 160), (33, 195), (214, 215), (157, 160), (198, 201), (232, 233)}
Obj: 34323

