Log for instance aco_tuning_out/inst06.txt.

Used ({'tau_0': 4.498936448740942e-06, 'xi': 0.13853729626942535, 'q0': 0.527822666374638, 'alpha': 1.6196713237028468, 'beta': 0.6656100225587412, 'rho': 0.18622598889901743, 'ants': 24}) and found best instance after 296.15625 seconds.
E1: {(192, 200), (99, 103), (132, 164), (3, 7), (206, 238), (164, 180), (39, 103), (97, 99), (97, 105), (210, 214), (1, 3), (212, 214), (206, 207), (196, 212), (166, 174), (23, 55), (174, 175), (7, 135), (192, 196), (174, 190), (25, 89), (206, 222), (173, 237), (83, 87), (172, 174), (132, 196), (85, 87), (225, 241), (53, 55), (240, 241), (214, 222), (24, 25), (85, 93), (45, 173), (241, 249), (98, 99), (164, 166), (134, 135), (173, 175), (23, 87), (46, 174), (98, 114), (78, 206), (7, 39), (200, 232), (130, 134), (89, 93), (1, 129), (132, 134), (97, 225), (39, 55), (93, 221), (6, 134)}
E2: {(193, 195), (32, 34), (32, 40), (193, 201), (132, 164), (18, 26), (101, 103), (164, 180), (103, 231), (193, 225), (196, 197), (2, 66), (66, 194), (187, 191), (157, 159), (132, 133), (196, 212), (166, 174), (174, 175), (96, 97), (174, 190), (193, 197), (32, 36), (81, 209), (156, 157), (212, 244), (26, 90), (193, 209), (157, 189), (170, 171), (97, 101), (194, 226), (17, 81), (244, 245), (132, 196), (68, 196), (32, 96), (175, 191), (81, 89), (2, 34), (164, 166), (163, 171), (171, 187), (5, 133), (129, 193), (103, 119), (2, 3), (97, 225), (2, 18), (159, 191)}
Obj: 30289

