Log for instance aco_tuning_out/inst27.txt.

Used ({'tau_0': 9.342356314703797e-06, 'xi': 0.11093798894348852, 'q0': 0.3936504222796646, 'alpha': 1.8613339066625738, 'beta': 0.5900213499937936, 'rho': 0.2538267278899345, 'ants': 22}) and found best instance after 13.359375 seconds.
E1: {(204, 220), (154, 155), (154, 158), (132, 164), (155, 187), (52, 116), (60, 62), (52, 180), (164, 180), (3, 19), (28, 30), (121, 249), (83, 211), (19, 27), (30, 158), (110, 111), (249, 251), (50, 54), (220, 221), (164, 228), (28, 60), (211, 215), (221, 253), (52, 60), (142, 158), (39, 47), (19, 23), (187, 251), (27, 155), (28, 29), (47, 111), (36, 164), (144, 176), (209, 211), (249, 253), (110, 238), (47, 63), (158, 190), (43, 47), (176, 180), (113, 121), (19, 83), (62, 63), (34, 50), (250, 251), (54, 62)}
E2: {(140, 156), (119, 127), (243, 251), (156, 158), (182, 183), (151, 183), (101, 109), (176, 240), (202, 234), (57, 121), (123, 127), (121, 249), (251, 255), (48, 176), (30, 158), (249, 251), (109, 125), (6, 14), (10, 42), (220, 221), (125, 127), (226, 234), (147, 151), (180, 182), (14, 15), (234, 235), (127, 255), (216, 217), (14, 30), (179, 183), (10, 14), (235, 251), (217, 249), (144, 176), (111, 127), (166, 182), (156, 220), (42, 58), (217, 221), (176, 180), (179, 243), (140, 141), (250, 251)}
Obj: 26327

