Log for instance aco_tuning_out/inst21.txt.

Used ({'tau_0': 6.233831045293282e-06, 'xi': 0.10451661342493951, 'q0': 0.8893124268375978, 'alpha': 1.349306787935924, 'beta': 0.6109712049564031, 'rho': 0.46309129670203547, 'ants': 8}) and found best instance after 3.484375 seconds.
E1: {(166, 175), (81, 82), (3, 4), (39, 201), (4, 58), (226, 229), (175, 202), (118, 119), (66, 228), (190, 199), (179, 233), (29, 32), (171, 198), (181, 208), (190, 208), (142, 223), (152, 233), (199, 226), (88, 142), (39, 66), (83, 164), (171, 173), (82, 83), (81, 84), (181, 235), (164, 173), (36, 198), (173, 179), (234, 235), (31, 34), (64, 226), (135, 216), (38, 119), (28, 29), (31, 58), (175, 176), (36, 45), (174, 177), (14, 176), (82, 88), (181, 182), (174, 201), (199, 200), (3, 84), (202, 229), (118, 199), (36, 38), (216, 234), (28, 34), (198, 201)}
E2: {(175, 202), (29, 32), (171, 198), (200, 206), (96, 97), (173, 179), (64, 226), (38, 119), (31, 58), (21, 75), (162, 163), (59, 68), (1, 163), (1, 19), (198, 201), (81, 82), (55, 136), (118, 119), (190, 199), (179, 233), (75, 78), (45, 46), (218, 236), (81, 84), (82, 83), (180, 182), (164, 173), (36, 198), (58, 76), (3, 21), (66, 68), (197, 206), (137, 140), (86, 140), (145, 226), (118, 199), (33, 195), (36, 38), (175, 178), (28, 34), (226, 229), (162, 171), (39, 201), (34, 196), (162, 180), (208, 211), (190, 208), (34, 43), (152, 233), (39, 66), (83, 164), (136, 145), (28, 109), (191, 197), (86, 89), (135, 137), (164, 191), (28, 29), (196, 223), (82, 91), (217, 218), (96, 123), (83, 86), (120, 123), (3, 4), (4, 58), (97, 178), (171, 173), (0, 1), (31, 34), (55, 217), (118, 145), (76, 157), (46, 208), (33, 34), (3, 84), (202, 229), (19, 25)}
Obj: 41808

