Log for instance aco_tuning_out/inst27.txt.

Used ({'tau_0': 9.767241690470751e-06, 'xi': 0.11665997591227979, 'q0': 0.8943962543294219, 'alpha': 1.1523918797969719, 'beta': 1.0104719425759585, 'rho': 0.28187790444783706, 'ants': 10}) and found best instance after 5.984375 seconds.
E1: {(55, 63), (154, 155), (105, 107), (132, 164), (108, 109), (155, 187), (156, 158), (114, 242), (43, 107), (116, 244), (228, 244), (87, 95), (97, 105), (252, 253), (156, 188), (187, 191), (114, 118), (78, 110), (213, 215), (198, 206), (158, 222), (76, 204), (174, 175), (62, 190), (143, 175), (174, 190), (105, 109), (206, 222), (142, 143), (116, 124), (60, 61), (221, 253), (31, 95), (14, 30), (176, 184), (31, 159), (143, 159), (46, 62), (10, 14), (112, 114), (198, 199), (132, 196), (27, 155), (76, 78), (230, 231), (97, 113), (2, 10), (54, 118), (144, 176), (184, 188), (199, 231), (249, 253), (110, 238), (36, 164), (175, 191), (29, 61), (2, 34), (228, 230), (76, 108), (188, 252), (107, 111), (60, 124), (46, 110), (23, 87), (78, 206), (87, 215), (112, 116), (2, 3), (196, 198), (242, 250), (39, 55), (62, 63), (30, 31), (209, 213)}
E2: {(105, 107), (58, 59), (243, 251), (108, 109), (98, 226), (156, 158), (118, 119), (12, 13), (125, 253), (101, 109), (176, 240), (244, 246), (252, 253), (156, 188), (114, 118), (253, 255), (198, 206), (158, 222), (56, 58), (249, 251), (6, 14), (202, 206), (105, 109), (206, 222), (10, 42), (142, 143), (12, 76), (147, 151), (221, 253), (14, 15), (182, 246), (142, 158), (31, 159), (14, 30), (143, 159), (48, 56), (10, 14), (152, 156), (198, 199), (114, 242), (76, 78), (230, 231), (199, 231), (144, 176), (249, 253), (13, 141), (56, 57), (240, 244), (226, 230), (230, 246), (166, 182), (59, 123), (76, 108), (107, 111), (188, 252), (42, 58), (98, 114), (78, 206), (152, 216), (242, 250), (30, 31), (151, 159)}
Obj: 35650

