Log for instance aco_tuning_out/inst15.txt.

Used ({'tau0': 5.471123269221564e-06, 'xi': 0.0880541662185767, 'q0': 0.30146902385350893, 'alpha': 1.0903620529266727, 'beta': 0.772236865018257, 'rho': 0.4288390189950044, 'ants': 23}) and found best instance after 15.4375 seconds.
E1: {(33, 42), (15, 42), (10, 64), (114, 115), (101, 182), (100, 101), (15, 69), (44, 206), (200, 206), (10, 91), (42, 44), (228, 231), (33, 114), (9, 10), (94, 148), (91, 94), (109, 115), (177, 231), (91, 100), (69, 231), (42, 43), (69, 78), (9, 15), (33, 195), (148, 157)}
E2: {(83, 110), (47, 53), (4, 58), (58, 59), (15, 42), (29, 32), (207, 209), (135, 141), (60, 141), (29, 47), (109, 110), (195, 204), (15, 69), (200, 209), (58, 61), (204, 231), (4, 5), (49, 211), (60, 61), (228, 231), (25, 52), (209, 236), (49, 52), (45, 207), (29, 110), (182, 209), (4, 166), (177, 231), (69, 231), (55, 61), (42, 43), (53, 134), (55, 64), (52, 53), (60, 69), (69, 78), (5, 14), (0, 9), (9, 15), (47, 209), (5, 32), (83, 89)}
Obj: 27620

