Log for instance aco_tuning_out/inst09.txt.

Used ({'tau0': 9.342356314703797e-06, 'xi': 0.11093798894348852, 'q0': 0.3936504222796646, 'alpha': 1.8613339066625738, 'beta': 0.5900213499937936, 'rho': 0.2538267278899345, 'ants': 22}) and found best instance after 10.328125 seconds.
E1: {(166, 175), (6, 24), (139, 142), (87, 89), (139, 157), (176, 185), (236, 239), (75, 78), (142, 223), (185, 239), (88, 142), (21, 183), (223, 232), (136, 139), (102, 183), (6, 87), (120, 201), (21, 24), (87, 88), (175, 176), (174, 177), (174, 183), (21, 75), (14, 176), (205, 232), (174, 201), (135, 136), (0, 6), (43, 205), (174, 176)}
E2: {(4, 58), (58, 59), (87, 89), (139, 157), (29, 32), (116, 134), (210, 211), (29, 47), (116, 143), (195, 213), (168, 177), (6, 87), (7, 25), (120, 201), (89, 143), (168, 195), (210, 213), (7, 61), (4, 166), (6, 7), (201, 210), (4, 7), (58, 139), (32, 59), (152, 161), (6, 168), (0, 6), (143, 161), (45, 47), (61, 223)}
Obj: 27151

