Log for instance aco_tuning_out/inst12.txt.

Used ({'tau0': 4.020220899909005e-06, 'xi': 0.13174644598316573, 'q0': 0.6110235189733683, 'alpha': 1.6598844502421457, 'beta': 1.4439786122174993, 'rho': 0.18623233223962188, 'ants': 32}) and found best instance after 60.0 seconds.
E1: {(81, 82), (33, 42), (6, 33), (87, 89), (82, 163), (208, 211), (181, 208), (45, 46), (81, 87), (42, 44), (6, 87), (99, 102), (163, 166), (163, 181), (81, 99), (44, 53), (42, 123), (46, 208), (53, 134), (82, 91), (43, 44), (50, 53), (181, 182), (32, 50), (82, 109), (0, 6), (33, 195), (120, 123)}
E2: {(166, 175), (145, 146), (101, 155), (226, 229), (175, 202), (116, 125), (125, 134), (135, 138), (194, 221), (222, 231), (75, 78), (102, 156), (152, 233), (138, 219), (44, 206), (231, 233), (200, 206), (89, 116), (72, 75), (136, 145), (219, 222), (156, 157), (20, 101), (125, 206), (64, 226), (32, 194), (19, 20), (59, 221), (177, 231), (75, 156), (109, 136), (146, 155), (43, 44), (219, 221), (202, 211), (206, 233), (45, 72), (222, 223), (145, 226), (135, 136), (202, 229), (19, 25), (138, 156), (155, 236)}
Obj: 30462

