Log for instance aco_tuning_out/inst18.txt.

Used ({'tau_0': 4.020220899909005e-06, 'xi': 0.13174644598316573, 'q0': 0.6110235189733683, 'alpha': 1.6598844502421457, 'beta': 1.4439786122174993, 'rho': 0.18623233223962188, 'ants': 32}) and found best instance after 30.546875 seconds.
E1: {(90, 91), (193, 201), (58, 62), (150, 151), (29, 93), (0, 2), (128, 160), (2, 66), (1, 3), (1, 9), (91, 95), (244, 252), (93, 95), (85, 213), (62, 126), (197, 213), (45, 61), (193, 197), (61, 63), (147, 151), (0, 1), (39, 47), (46, 62), (1, 5), (244, 245), (29, 61), (213, 215), (47, 111), (85, 93), (110, 238), (151, 215), (137, 201), (47, 63), (54, 62), (213, 245), (84, 85), (107, 111), (99, 107), (46, 110), (80, 84), (0, 128), (9, 137), (57, 61), (2, 6), (62, 63), (151, 159), (209, 213)}
E2: {(64, 66), (64, 72), (72, 76), (154, 158), (32, 40), (108, 109), (91, 123), (232, 248), (60, 62), (163, 179), (101, 109), (128, 160), (114, 115), (210, 214), (28, 30), (252, 253), (1, 9), (30, 158), (62, 126), (240, 248), (64, 80), (28, 60), (245, 253), (221, 253), (150, 214), (86, 214), (89, 91), (248, 252), (0, 1), (142, 158), (46, 62), (1, 5), (184, 248), (76, 78), (110, 238), (24, 28), (32, 160), (108, 110), (76, 108), (188, 252), (51, 115), (60, 188), (46, 110), (51, 179), (113, 115), (150, 158), (0, 64), (0, 128), (122, 126), (122, 123), (114, 122), (172, 188), (54, 62)}
Obj: 28950

