Log for instance aco_tuning_out/inst24.txt.

Used ({'tau0': 5.471123269221564e-06, 'xi': 0.0880541662185767, 'q0': 0.30146902385350893, 'alpha': 1.0903620529266727, 'beta': 0.772236865018257, 'rho': 0.4288390189950044, 'ants': 23}) and found best instance after 24.296875 seconds.
E1: {(15, 79), (42, 106), (41, 43), (15, 143), (32, 40), (243, 251), (146, 154), (12, 13), (13, 45), (12, 28), (104, 108), (248, 250), (40, 41), (186, 250), (157, 159), (122, 250), (240, 248), (0, 32), (41, 45), (41, 57), (144, 146), (248, 252), (40, 104), (143, 159), (34, 42), (106, 122), (235, 251), (13, 141), (71, 79), (32, 160), (139, 143), (141, 143), (42, 58), (104, 106), (90, 122), (154, 186), (186, 190), (28, 92), (130, 146), (157, 221), (250, 251)}
E2: {(55, 63), (42, 106), (155, 187), (165, 167), (164, 165), (147, 155), (52, 180), (237, 253), (167, 231), (155, 159), (146, 178), (157, 159), (253, 255), (206, 207), (120, 122), (146, 147), (10, 42), (206, 222), (164, 228), (21, 85), (226, 234), (221, 253), (52, 60), (88, 120), (144, 146), (199, 207), (5, 21), (167, 175), (31, 159), (34, 42), (106, 122), (166, 167), (53, 55), (199, 231), (88, 89), (55, 183), (50, 114), (50, 178), (52, 53), (90, 122), (167, 183), (195, 199), (114, 122), (106, 234), (157, 221), (21, 53), (31, 63)}
Obj: 25965

