Log for instance aco_tuning_out/inst03.txt.

Used ({'tau0': 9.375317187382458e-06, 'xi': 0.1262899054888864, 'q0': 0.7055217120426633, 'alpha': 1.8010444237149952, 'beta': 1.3070739401200755, 'rho': 0.0819059266997208, 'ants': 15}) and found best instance after 28.0 seconds.
E1: {(76, 92), (177, 181), (96, 104), (165, 167), (211, 219), (86, 87), (228, 244), (8, 9), (210, 211), (87, 95), (112, 240), (39, 167), (8, 12), (8, 24), (53, 181), (76, 204), (249, 251), (96, 97), (83, 115), (32, 36), (96, 112), (194, 202), (65, 97), (12, 76), (20, 22), (221, 253), (78, 79), (165, 181), (49, 113), (22, 86), (49, 177), (97, 101), (167, 175), (104, 232), (83, 87), (115, 119), (187, 251), (76, 78), (135, 167), (240, 244), (32, 96), (249, 253), (147, 211), (79, 95), (149, 181), (194, 210), (113, 115), (112, 113), (49, 57), (219, 251), (83, 211), (195, 211), (68, 76), (22, 54), (79, 207)}
E2: {(192, 194), (177, 181), (55, 63), (193, 201), (32, 40), (32, 34), (132, 164), (146, 154), (107, 235), (220, 222), (44, 45), (43, 107), (13, 45), (99, 115), (181, 245), (5, 13), (40, 44), (210, 211), (15, 143), (114, 115), (115, 123), (198, 206), (192, 193), (160, 164), (146, 150), (32, 33), (193, 197), (83, 115), (206, 222), (32, 36), (0, 32), (181, 183), (32, 48), (216, 220), (49, 113), (49, 177), (194, 226), (9, 13), (143, 159), (55, 183), (146, 210), (32, 160), (180, 181), (194, 198), (164, 166), (33, 49), (107, 111), (99, 107), (194, 210), (164, 172), (113, 115), (83, 211), (13, 15), (17, 49)}
Obj: 31981

