Log for instance aco_tuning_out/inst12.txt.

Used ({'tau0': 8.598718994035021e-06, 'xi': 0.10575785607911106, 'q0': 0.5072684688226818, 'alpha': 1.441011679191464, 'beta': 1.677952088449605, 'rho': 0.3243596155081548, 'ants': 8}) and found best instance after 4.640625 seconds.
E1: {(43, 205), (18, 20), (20, 23), (40, 41), (107, 134), (101, 182), (100, 101), (166, 220), (103, 130), (82, 83), (139, 220), (20, 101), (40, 43), (85, 139), (100, 103), (39, 120), (196, 205), (102, 103), (130, 211), (82, 85), (82, 91), (41, 50), (32, 41), (82, 100), (101, 107), (39, 40), (82, 109), (18, 45), (83, 89), (195, 196), (0, 18), (23, 50)}
E2: {(81, 82), (123, 204), (163, 164), (37, 64), (5, 59), (32, 113), (88, 115), (208, 211), (116, 134), (208, 214), (199, 205), (83, 137), (124, 205), (217, 223), (75, 78), (100, 101), (204, 213), (89, 116), (81, 84), (83, 164), (82, 83), (72, 75), (103, 157), (164, 173), (177, 204), (3, 21), (173, 182), (113, 116), (20, 101), (135, 137), (115, 116), (100, 103), (173, 200), (19, 20), (205, 214), (102, 103), (163, 217), (123, 150), (21, 75), (82, 85), (85, 166), (82, 88), (3, 5), (182, 236), (150, 152), (45, 72), (82, 100), (37, 199), (82, 109), (3, 84), (213, 214), (115, 124), (19, 25), (43, 205)}
Obj: 33753

