Log for instance aco_tuning_out/inst03.txt.

Used ({'tau_0': 6.916816029978271e-06, 'xi': 0.13109583259981678, 'q0': 0.7096508529113955, 'alpha': 0.8294099029859726, 'beta': 1.23731470593669, 'rho': 0.12314043168046776, 'ants': 23}) and found best instance after 183.59375 seconds.
E1: {(76, 92), (219, 223), (155, 187), (211, 219), (147, 155), (68, 100), (12, 13), (228, 244), (113, 117), (210, 211), (187, 191), (100, 101), (221, 223), (53, 117), (54, 55), (76, 204), (147, 151), (12, 76), (20, 28), (101, 117), (57, 59), (9, 13), (207, 223), (117, 119), (149, 151), (36, 100), (53, 55), (65, 81), (100, 228), (200, 202), (240, 244), (24, 28), (175, 191), (81, 83), (147, 211), (59, 187), (200, 232), (81, 113), (135, 151), (28, 92), (39, 55), (83, 211), (195, 211), (68, 76), (200, 204)}
E2: {(154, 155), (32, 34), (32, 40), (132, 164), (193, 201), (107, 235), (98, 226), (155, 187), (147, 155), (43, 107), (13, 45), (180, 244), (5, 13), (150, 151), (164, 180), (216, 218), (210, 211), (196, 197), (34, 98), (160, 164), (192, 193), (32, 33), (193, 197), (1, 33), (32, 36), (59, 63), (154, 218), (147, 151), (32, 48), (0, 1), (49, 177), (9, 13), (1, 5), (244, 245), (132, 196), (1, 17), (32, 160), (98, 99), (59, 123), (147, 211), (33, 49), (107, 111), (59, 187), (164, 166), (99, 107), (164, 172), (98, 114), (43, 59), (218, 222), (196, 198), (13, 15), (151, 159)}
Obj: 28748

