Log for instance aco_tuning_out/inst18.txt.

Used ({'tau0': 1.6439317200303233e-06, 'xi': 0.07746694961935612, 'q0': 0.6106338054732293, 'alpha': 1.8489351800014946, 'beta': 0.9702307798494468, 'rho': 0.2665529796010956, 'ants': 30}) and found best instance after 21.6875 seconds.
E1: {(128, 136), (136, 137), (90, 91), (99, 103), (3, 7), (211, 219), (5, 7), (70, 198), (0, 2), (128, 160), (39, 103), (196, 197), (252, 253), (148, 150), (91, 95), (132, 148), (85, 213), (7, 71), (197, 213), (24, 26), (128, 132), (56, 58), (45, 61), (62, 126), (26, 90), (147, 151), (61, 63), (245, 253), (24, 56), (46, 62), (236, 238), (132, 196), (91, 219), (213, 215), (28, 29), (209, 211), (56, 57), (24, 28), (137, 201), (81, 83), (147, 211), (54, 62), (213, 245), (107, 111), (62, 63), (99, 107), (71, 103), (80, 81), (0, 128), (9, 137), (66, 70), (2, 3), (57, 61), (196, 198), (2, 6), (83, 211), (236, 252), (151, 159), (209, 213)}
E2: {(128, 136), (136, 137), (72, 76), (154, 158), (96, 104), (108, 109), (146, 154), (124, 126), (163, 179), (70, 198), (116, 244), (86, 87), (128, 160), (87, 95), (97, 105), (0, 8), (252, 253), (148, 150), (8, 24), (91, 95), (132, 148), (30, 158), (109, 125), (128, 132), (105, 109), (124, 125), (116, 124), (105, 121), (245, 253), (221, 253), (70, 78), (89, 91), (0, 1), (40, 104), (142, 158), (22, 150), (104, 232), (97, 101), (49, 113), (1, 5), (49, 177), (83, 87), (132, 196), (121, 123), (76, 78), (97, 113), (184, 188), (110, 238), (240, 244), (177, 179), (146, 210), (108, 110), (81, 83), (76, 108), (60, 124), (188, 252), (124, 252), (98, 114), (22, 30), (80, 81), (0, 128), (9, 137), (66, 70), (49, 51), (81, 113), (196, 198), (22, 54), (172, 188), (96, 98), (8, 40)}
Obj: 36273

