Log for instance aco_tuning_out/inst24.txt.

Used ({'tau_0': 2.3890526897386258e-06, 'xi': 0.09728269253474063, 'q0': 0.5264084644635578, 'alpha': 0.34480659763074994, 'beta': 1.2781748892293714, 'rho': 0.12380145068388254, 'ants': 25}) and found best instance after 247.65625 seconds.
E1: {(76, 92), (154, 155), (15, 79), (171, 235), (12, 13), (13, 45), (43, 171), (0, 2), (128, 160), (242, 243), (155, 159), (252, 253), (186, 250), (40, 56), (221, 223), (2, 130), (56, 58), (240, 242), (10, 42), (74, 106), (58, 186), (128, 144), (12, 76), (159, 223), (221, 253), (78, 79), (139, 171), (74, 78), (2, 10), (76, 78), (74, 90), (56, 57), (13, 141), (71, 79), (2, 34), (76, 108), (139, 155), (42, 58), (154, 186), (0, 128), (186, 190), (242, 250), (10, 74)}
E2: {(183, 191), (98, 226), (237, 253), (146, 178), (187, 191), (121, 249), (147, 179), (221, 223), (253, 255), (2, 130), (53, 181), (34, 98), (146, 147), (74, 106), (21, 85), (181, 183), (221, 253), (191, 255), (165, 181), (144, 146), (5, 21), (179, 183), (2, 10), (230, 231), (74, 90), (63, 191), (199, 231), (249, 253), (120, 121), (89, 121), (56, 60), (175, 191), (180, 181), (2, 34), (226, 230), (228, 230), (222, 223), (98, 114), (195, 199), (10, 74), (130, 146), (166, 230), (21, 53), (56, 120)}
Obj: 25288

