Log for instance aco_tuning_out/inst18.txt.

Used ({'tau_0': 7.905277958202082e-06, 'xi': 0.07780203477312476, 'q0': 0.5400401332579152, 'alpha': 1.238650111364569, 'beta': 1.1701509091931812, 'rho': 0.3657463607855648, 'ants': 16}) and found best instance after 11.421875 seconds.
E1: {(193, 201), (99, 103), (0, 2), (128, 160), (39, 103), (87, 95), (2, 66), (252, 253), (1, 3), (114, 118), (148, 150), (1, 9), (132, 148), (85, 213), (197, 213), (128, 132), (193, 197), (10, 42), (26, 90), (64, 80), (147, 151), (21, 85), (61, 63), (221, 253), (46, 47), (5, 21), (39, 47), (103, 111), (1, 5), (2, 10), (213, 215), (213, 221), (85, 87), (54, 118), (63, 127), (10, 26), (151, 215), (110, 238), (98, 99), (66, 98), (213, 245), (46, 110), (42, 58), (21, 29), (126, 127), (98, 114), (0, 64), (0, 128), (57, 61), (2, 3), (2, 6), (45, 47), (95, 127), (151, 159), (209, 213)}
E2: {(76, 92), (136, 137), (120, 248), (24, 88), (71, 87), (154, 158), (32, 40), (232, 248), (72, 88), (86, 87), (163, 179), (210, 211), (87, 95), (252, 253), (1, 9), (172, 236), (5, 37), (54, 55), (93, 95), (160, 164), (240, 248), (51, 55), (221, 253), (88, 120), (31, 95), (49, 113), (142, 158), (121, 123), (179, 183), (1, 5), (236, 238), (244, 245), (184, 248), (140, 142), (76, 78), (54, 118), (30, 31), (184, 188), (120, 121), (88, 92), (55, 183), (240, 244), (32, 160), (89, 121), (81, 83), (81, 89), (66, 98), (140, 172), (76, 108), (70, 71), (60, 188), (164, 172), (118, 126), (98, 114), (150, 158), (80, 81), (9, 137), (81, 113), (49, 51), (89, 93), (66, 70), (37, 101), (83, 211), (93, 221), (236, 252), (136, 140)}
Obj: 35912

