Log for instance aco_tuning_out/inst09.txt.

Used ({'tau_0': 8.524438848395618e-06, 'xi': 0.08260719400248602, 'q0': 0.6770641636613806, 'alpha': 0.6089210219484695, 'beta': 0.5746980829231113, 'rho': 0.06462761009956378, 'ants': 17}) and found best instance after 206.453125 seconds.
E1: {(162, 168), (43, 52), (126, 132), (153, 156), (51, 132), (234, 236), (14, 95), (102, 156), (126, 153), (102, 104), (162, 216), (168, 177), (156, 157), (51, 52), (86, 89), (86, 95), (86, 104), (135, 216), (123, 132), (153, 234), (0, 162), (169, 223), (51, 78), (216, 234), (166, 169), (168, 169), (120, 123)}
E2: {(68, 149), (162, 168), (107, 134), (25, 187), (89, 107), (121, 148), (162, 216), (107, 161), (168, 177), (168, 195), (153, 155), (169, 187), (121, 202), (155, 161), (148, 149), (153, 234), (120, 121), (146, 149), (146, 155), (0, 162), (59, 68), (202, 211), (45, 72), (72, 153), (169, 223), (32, 59), (152, 161), (216, 234), (166, 169), (148, 157), (168, 169)}
Obj: 25157

