Log for instance aco_tuning_out/inst12.txt.

Used ({'tau_0': 6.7016855702575265e-06, 'xi': 0.11061032973207813, 'q0': 0.8522979141088549, 'alpha': 0.9933756089527778, 'beta': 1.0108153997499625, 'rho': 0.20257431029412304, 'ants': 17}) and found best instance after 15.875 seconds.
E1: {(166, 175), (33, 42), (226, 229), (162, 171), (175, 202), (118, 119), (171, 198), (131, 134), (102, 104), (97, 178), (209, 212), (211, 212), (36, 198), (42, 123), (86, 89), (86, 104), (38, 119), (118, 145), (50, 212), (182, 209), (36, 42), (91, 97), (36, 45), (109, 118), (104, 131), (131, 212), (42, 43), (0, 162), (202, 211), (145, 226), (32, 50), (202, 229), (33, 195), (36, 38), (175, 178), (120, 123)}
E2: {(43, 205), (81, 82), (58, 59), (20, 23), (76, 238), (75, 78), (142, 223), (131, 134), (236, 242), (152, 233), (88, 142), (240, 242), (21, 183), (200, 206), (72, 75), (223, 241), (102, 183), (165, 166), (214, 241), (58, 67), (58, 76), (50, 212), (19, 20), (238, 241), (205, 214), (240, 241), (88, 89), (174, 177), (174, 183), (81, 135), (76, 157), (131, 212), (206, 215), (21, 75), (64, 67), (82, 88), (21, 23), (206, 233), (45, 72), (32, 50), (165, 183), (82, 109), (211, 238), (19, 25), (214, 215), (212, 215), (23, 50)}
Obj: 34115

