Log for instance aco_tuning_out/inst27.txt.

Used ({'tau_0': 4.854876741746394e-06, 'xi': 0.1452545140568255, 'q0': 0.42195591018398276, 'alpha': 0.3555439034289861, 'beta': 0.8668501148752592, 'rho': 0.11887721475075397, 'ants': 32}) and found best instance after 163.203125 seconds.
E1: {(31, 95), (31, 159), (123, 251), (63, 127), (228, 236), (112, 116), (3, 35), (157, 221), (95, 127), (123, 127), (157, 159), (249, 251), (62, 190), (125, 127), (142, 143), (116, 124), (29, 31), (187, 251), (132, 196), (208, 209), (217, 221), (112, 113), (30, 31), (54, 62), (47, 111), (196, 228), (87, 95), (155, 159), (37, 39), (143, 159), (110, 238), (111, 127), (209, 217), (43, 47), (35, 43), (46, 110), (23, 87), (62, 63), (250, 251), (154, 155), (144, 208), (36, 37), (124, 125), (39, 47), (46, 62), (236, 238), (27, 155), (60, 124), (204, 236), (87, 215), (34, 35)}
E2: {(119, 127), (176, 240), (240, 242), (147, 151), (202, 218), (14, 15), (31, 95), (31, 159), (103, 111), (143, 159), (48, 56), (10, 14), (123, 251), (144, 176), (111, 127), (218, 250), (226, 242), (42, 58), (242, 250), (157, 221), (95, 127), (151, 159), (250, 251), (243, 251), (101, 103), (216, 218), (251, 255), (123, 127), (157, 159), (56, 58), (6, 14), (10, 42), (125, 127), (14, 30), (56, 57), (226, 230), (141, 143), (166, 230), (30, 31)}
Obj: 25417

