Log for instance aco_tuning_out/inst27.txt.

Used ({'tau0': 6.544509853368331e-06, 'xi': 0.05105112966369988, 'q0': 0.3218040775925436, 'alpha': 1.317829237345747, 'beta': 0.4388545186115663, 'rho': 0.34888292737798793, 'ants': 30}) and found best instance after 22.296875 seconds.
E1: {(140, 156), (250, 254), (196, 228), (243, 251), (156, 158), (60, 62), (190, 254), (215, 247), (152, 154), (144, 208), (23, 31), (121, 249), (140, 204), (27, 31), (30, 158), (249, 251), (36, 52), (238, 254), (243, 247), (52, 54), (116, 124), (29, 31), (221, 253), (52, 60), (144, 152), (142, 158), (152, 156), (39, 47), (132, 140), (46, 62), (34, 42), (187, 251), (132, 196), (249, 253), (47, 63), (42, 46), (2, 34), (158, 190), (60, 124), (43, 47), (208, 209), (30, 62), (113, 121), (2, 3), (62, 63), (30, 31), (250, 251), (47, 111)}
E2: {(243, 251), (58, 62), (246, 247), (60, 62), (216, 218), (101, 109), (141, 157), (57, 121), (211, 243), (121, 249), (253, 255), (249, 251), (109, 125), (166, 230), (6, 14), (243, 247), (124, 125), (202, 218), (221, 253), (52, 60), (14, 15), (121, 123), (14, 30), (10, 14), (240, 241), (119, 247), (249, 253), (241, 243), (226, 230), (230, 246), (218, 250), (147, 211), (145, 147), (60, 124), (144, 145), (30, 62), (121, 125), (48, 52), (109, 111), (157, 221), (250, 251)}
Obj: 25549

