Log for instance aco_tuning_out/inst15.txt.

Used ({'tau0': 6.651155935593466e-06, 'xi': 0.0698190378741818, 'q0': 0.8638669115585977, 'alpha': 1.1622049190539232, 'beta': 1.595958584283492, 'rho': 0.31540247478897615, 'ants': 9}) and found best instance after 6.03125 seconds.
E1: {(39, 201), (108, 109), (66, 228), (43, 52), (64, 145), (190, 199), (208, 214), (126, 132), (51, 132), (171, 198), (66, 69), (190, 208), (39, 66), (200, 206), (145, 148), (171, 173), (51, 52), (164, 173), (191, 197), (173, 182), (108, 126), (195, 197), (164, 191), (118, 145), (197, 206), (174, 177), (91, 118), (174, 201), (190, 191), (60, 69), (60, 78), (118, 199), (148, 157), (198, 201), (52, 214)}
E2: {(166, 175), (81, 82), (226, 232), (3, 4), (4, 58), (171, 174), (45, 126), (84, 87), (5, 59), (208, 211), (208, 214), (126, 132), (92, 146), (51, 132), (5, 86), (205, 206), (174, 175), (200, 206), (81, 84), (83, 164), (82, 83), (171, 173), (92, 173), (209, 215), (6, 87), (51, 52), (164, 173), (191, 197), (86, 89), (25, 52), (173, 182), (209, 236), (31, 34), (64, 226), (164, 191), (31, 58), (205, 214), (197, 206), (174, 177), (81, 135), (128, 134), (33, 34), (146, 155), (205, 232), (128, 155), (5, 14), (82, 109), (3, 84), (0, 6), (51, 78), (174, 228), (5, 32), (83, 86), (214, 215), (33, 195), (43, 205), (52, 214)}
Obj: 33061

