Log for instance aco_tuning_out/inst24.txt.

Used ({'tau_0': 2.693231228771534e-06, 'xi': 0.06741045013783678, 'q0': 0.34341334065428447, 'alpha': 1.6251653731737596, 'beta': 0.8948148014172467, 'rho': 0.1267448319977672, 'ants': 32}) and found best instance after 113.453125 seconds.
E1: {(128, 130), (76, 92), (42, 106), (15, 79), (41, 43), (15, 143), (243, 251), (12, 13), (13, 45), (128, 160), (144, 208), (8, 12), (40, 41), (0, 8), (252, 253), (186, 250), (122, 250), (249, 251), (128, 144), (12, 76), (41, 57), (221, 253), (143, 159), (34, 42), (106, 122), (235, 251), (208, 240), (249, 253), (13, 141), (71, 79), (139, 143), (76, 108), (141, 143), (42, 58), (40, 42), (0, 128), (90, 122), (154, 186), (186, 190), (250, 251), (8, 40)}
E2: {(183, 191), (42, 106), (162, 226), (220, 222), (229, 237), (228, 229), (237, 253), (178, 179), (147, 179), (187, 191), (34, 162), (253, 255), (5, 37), (120, 122), (10, 42), (220, 221), (221, 253), (176, 178), (191, 255), (88, 120), (69, 85), (179, 183), (34, 42), (106, 122), (144, 176), (63, 191), (120, 124), (226, 227), (88, 89), (37, 53), (162, 166), (175, 191), (195, 227), (60, 124), (162, 178), (165, 229), (5, 69), (176, 180), (90, 122), (227, 231), (114, 122), (37, 165)}
Obj: 24876

