Log for instance aco_tuning_out/inst06.txt.

Used ({'tau0': 9.926534885232458e-06, 'xi': 0.06692036828162971, 'q0': 0.3019379808030227, 'alpha': 1.9521308295520166, 'beta': 1.4674217120935573, 'rho': 0.15756254670228562, 'ants': 22}) and found best instance after 99.953125 seconds.
E1: {(128, 130), (232, 236), (210, 242), (81, 85), (3, 7), (206, 238), (3, 19), (129, 131), (210, 214), (89, 217), (212, 214), (172, 236), (206, 207), (37, 45), (37, 39), (174, 175), (128, 129), (240, 242), (174, 190), (105, 109), (206, 222), (180, 182), (3, 131), (114, 242), (19, 23), (236, 238), (172, 174), (0, 16), (45, 109), (214, 222), (109, 237), (6, 7), (217, 249), (37, 53), (128, 192), (16, 24), (166, 182), (81, 83), (81, 89), (182, 190), (46, 174), (78, 206), (7, 39), (217, 221), (0, 128), (236, 237), (19, 83), (131, 135)}
E2: {(193, 195), (193, 201), (32, 34), (162, 226), (32, 40), (82, 90), (101, 103), (181, 245), (129, 131), (193, 225), (103, 231), (196, 197), (2, 66), (1, 3), (187, 191), (189, 191), (132, 148), (148, 156), (96, 97), (193, 197), (32, 36), (148, 180), (162, 170), (3, 131), (181, 189), (97, 101), (17, 81), (1, 5), (132, 196), (68, 196), (1, 17), (32, 96), (162, 166), (175, 191), (162, 163), (2, 34), (180, 181), (81, 89), (131, 163), (190, 191), (129, 193), (103, 119), (97, 225), (2, 18), (148, 212), (66, 82), (159, 191)}
Obj: 28988

