Log for instance aco_tuning_out/inst21.txt.

Used ({'tau0': 8.524438848395618e-06, 'xi': 0.08260719400248602, 'q0': 0.6770641636613806, 'alpha': 0.6089210219484695, 'beta': 0.5746980829231113, 'rho': 0.06462761009956378, 'ants': 17}) and found best instance after 193.265625 seconds.
E1: {(163, 164), (226, 232), (223, 232), (83, 164), (81, 84), (30, 48), (163, 166), (228, 231), (164, 173), (173, 176), (200, 227), (3, 30), (164, 182), (64, 226), (30, 32), (45, 48), (231, 232), (177, 231), (226, 227), (81, 135), (14, 176), (81, 83), (173, 227), (150, 152), (3, 84), (150, 231)}
E2: {(226, 232), (3, 4), (4, 58), (58, 59), (76, 79), (152, 233), (227, 236), (223, 232), (81, 84), (30, 39), (82, 83), (83, 164), (30, 48), (164, 173), (78, 79), (58, 76), (200, 227), (3, 30), (164, 182), (64, 226), (39, 120), (30, 32), (205, 214), (196, 205), (45, 48), (25, 79), (226, 227), (81, 135), (76, 157), (81, 83), (82, 91), (211, 214), (205, 232), (173, 227), (0, 3), (82, 109), (3, 84), (83, 89), (195, 196), (43, 205), (232, 233)}
Obj: 25825

