Log for instance aco_tuning_out/inst12.txt.

Used ({'tau_0': 4.5971794894411765e-06, 'xi': 0.07935886436067696, 'q0': 0.6133148179425765, 'alpha': 0.959591163017489, 'beta': 1.7442602148622774, 'rho': 0.32248764047634604, 'ants': 29}) and found best instance after 32.09375 seconds.
E1: {(4, 58), (3, 4), (118, 119), (31, 32), (84, 102), (131, 134), (122, 131), (34, 43), (166, 220), (58, 220), (120, 122), (83, 164), (84, 86), (31, 34), (86, 95), (164, 182), (31, 58), (27, 33), (95, 122), (109, 118), (119, 122), (130, 211), (27, 45), (33, 34), (91, 118), (130, 131), (0, 3), (3, 84), (83, 89), (83, 86), (33, 195)}
E2: {(4, 58), (3, 4), (166, 184), (139, 157), (31, 32), (64, 145), (179, 233), (184, 211), (217, 223), (207, 209), (84, 102), (75, 78), (34, 43), (57, 75), (152, 233), (136, 139), (136, 145), (22, 184), (81, 84), (83, 164), (200, 209), (133, 134), (164, 173), (22, 25), (173, 179), (36, 198), (209, 236), (31, 34), (57, 59), (173, 200), (31, 58), (34, 115), (36, 45), (81, 135), (177, 179), (109, 136), (81, 83), (136, 217), (58, 139), (57, 58), (4, 22), (3, 84), (83, 89), (198, 207), (115, 133)}
Obj: 30522

