Log for instance aco_tuning_out/inst06.txt.

Used ({'tau_0': 3.151708497185101e-06, 'xi': 0.05632693656731169, 'q0': 0.5279577748463967, 'alpha': 0.47226881213046684, 'beta': 1.430973702133798, 'rho': 0.06294574331706608, 'ants': 24}) and found best instance after 290.828125 seconds.
E1: {(168, 172), (7, 23), (81, 85), (0, 2), (112, 240), (233, 237), (210, 214), (114, 115), (2, 130), (212, 214), (233, 249), (206, 207), (37, 39), (132, 148), (85, 213), (128, 129), (166, 174), (174, 175), (128, 132), (7, 135), (174, 190), (168, 232), (83, 115), (206, 222), (148, 180), (112, 114), (212, 213), (0, 16), (172, 174), (213, 221), (134, 166), (214, 222), (174, 238), (37, 53), (128, 192), (16, 24), (81, 83), (81, 89), (105, 233), (134, 135), (46, 174), (78, 206), (7, 39), (0, 128), (2, 3), (132, 134), (37, 45), (2, 6), (148, 212), (232, 233)}
E2: {(193, 195), (193, 201), (32, 34), (162, 226), (148, 212), (188, 190), (18, 26), (32, 40), (0, 2), (193, 225), (2, 66), (1, 3), (187, 191), (156, 188), (34, 162), (132, 148), (166, 174), (174, 175), (96, 97), (128, 132), (174, 190), (193, 197), (32, 36), (83, 115), (26, 90), (148, 180), (162, 170), (188, 189), (97, 101), (17, 81), (212, 213), (1, 5), (115, 119), (1, 17), (199, 231), (32, 96), (162, 166), (175, 191), (162, 163), (2, 34), (81, 83), (213, 245), (81, 89), (129, 193), (0, 128), (66, 70), (195, 199), (2, 3), (68, 70), (97, 225), (2, 18), (159, 191)}
Obj: 28738

