Log for instance aco_tuning_out/inst03.txt.

Used ({'tau_0': 4.324890613407541e-06, 'xi': 0.12290267674013398, 'q0': 0.47304418264323866, 'alpha': 0.9643516325370455, 'beta': 0.8937714391186662, 'rho': 0.17837160642396882, 'ants': 18}) and found best instance after 264.671875 seconds.
E1: {(76, 92), (232, 236), (155, 187), (211, 219), (147, 155), (133, 141), (210, 211), (49, 53), (206, 207), (76, 204), (36, 52), (143, 175), (202, 206), (65, 97), (220, 221), (52, 54), (202, 218), (20, 28), (135, 143), (49, 113), (133, 149), (97, 101), (9, 13), (204, 206), (113, 241), (155, 219), (20, 52), (97, 113), (53, 55), (240, 241), (24, 28), (13, 141), (55, 119), (204, 236), (141, 143), (52, 53), (228, 236), (143, 207), (210, 218), (49, 57), (28, 92), (39, 55), (92, 220), (195, 211), (68, 76)}
E2: {(177, 181), (154, 155), (32, 34), (132, 164), (32, 40), (193, 201), (98, 226), (155, 187), (43, 107), (134, 198), (181, 245), (5, 13), (216, 218), (155, 159), (36, 37), (34, 98), (5, 37), (37, 45), (160, 164), (192, 193), (128, 132), (32, 33), (193, 197), (32, 36), (59, 63), (154, 218), (32, 48), (49, 177), (9, 13), (187, 251), (134, 166), (235, 251), (128, 192), (32, 160), (180, 181), (98, 99), (59, 123), (33, 49), (107, 111), (59, 187), (99, 107), (164, 172), (98, 114), (43, 59), (218, 222), (0, 128), (134, 150), (210, 218), (132, 134), (13, 15), (17, 49)}
Obj: 29299

