Log for instance aco_tuning_out/inst21.txt.

Used ({'tau0': 8.598718994035021e-06, 'xi': 0.10575785607911106, 'q0': 0.5072684688226818, 'alpha': 1.441011679191464, 'beta': 1.677952088449605, 'rho': 0.3243596155081548, 'ants': 8}) and found best instance after 5.703125 seconds.
E1: {(166, 175), (68, 149), (39, 201), (171, 174), (14, 68), (55, 136), (66, 228), (176, 185), (171, 198), (140, 143), (198, 200), (39, 66), (140, 149), (30, 39), (58, 61), (182, 185), (58, 67), (36, 198), (66, 68), (30, 32), (175, 176), (27, 36), (55, 58), (174, 177), (27, 45), (64, 67), (174, 201), (135, 136), (143, 152), (66, 67), (174, 176), (61, 223)}
E2: {(39, 201), (84, 87), (175, 202), (43, 52), (87, 89), (190, 199), (217, 223), (46, 127), (190, 208), (76, 79), (52, 79), (45, 46), (44, 206), (174, 175), (200, 206), (81, 84), (136, 145), (30, 39), (51, 52), (120, 201), (30, 57), (44, 53), (58, 76), (118, 127), (209, 236), (57, 59), (64, 226), (195, 197), (17, 26), (118, 145), (182, 209), (30, 32), (197, 206), (81, 135), (76, 157), (17, 44), (3, 57), (109, 136), (202, 211), (71, 152), (52, 53), (145, 226), (136, 217), (208, 209), (174, 201), (17, 71), (46, 52), (57, 58), (0, 3), (3, 84), (91, 145), (51, 78), (118, 199), (25, 26)}
Obj: 32936

