Log for instance aco_tuning_out/inst03.txt.

Used ({'tau0': 5.27015365896669e-06, 'xi': 0.12993599333145528, 'q0': 0.31614692226037566, 'alpha': 1.9457803192705339, 'beta': 1.0826765605366773, 'rho': 0.462237565316319, 'ants': 26}) and found best instance after 18.078125 seconds.
E1: {(204, 220), (136, 137), (193, 195), (132, 164), (211, 219), (20, 148), (133, 135), (39, 103), (210, 211), (193, 225), (187, 191), (140, 204), (36, 37), (132, 133), (8, 24), (136, 140), (224, 225), (207, 239), (37, 39), (132, 148), (224, 228), (202, 203), (220, 221), (164, 228), (49, 113), (133, 149), (113, 241), (8, 136), (225, 241), (240, 241), (36, 164), (37, 53), (175, 191), (203, 207), (147, 211), (4, 68), (203, 219), (4, 132), (38, 39), (38, 54), (9, 137), (103, 119), (65, 193), (49, 57), (37, 101), (92, 220), (195, 211), (132, 140), (224, 232), (175, 239)}
E2: {(177, 181), (128, 136), (136, 137), (160, 168), (99, 103), (171, 235), (132, 164), (146, 154), (98, 226), (168, 172), (200, 216), (51, 59), (39, 103), (196, 197), (36, 37), (34, 98), (53, 117), (5, 37), (37, 39), (53, 181), (37, 45), (117, 245), (158, 222), (160, 164), (50, 51), (146, 150), (192, 196), (136, 200), (180, 182), (15, 47), (39, 47), (49, 177), (40, 168), (137, 201), (1, 5), (132, 196), (1, 17), (36, 164), (146, 210), (128, 192), (47, 63), (180, 181), (50, 114), (59, 123), (33, 49), (59, 187), (43, 47), (166, 182), (158, 159), (43, 59), (171, 187), (48, 49), (150, 158), (9, 137), (0, 128), (49, 51), (196, 198), (34, 50), (150, 182), (47, 111)}
Obj: 32886

