Log for instance aco_tuning_out/inst09.txt.

Used ({'tau0': 1.3920749967998762e-06, 'xi': 0.08397237700240848, 'q0': 0.6682959638256109, 'alpha': 1.2969464614531203, 'beta': 1.130493567371472, 'rho': 0.47674134103904503, 'ants': 21}) and found best instance after 5.671875 seconds.
E1: {(175, 184), (43, 205), (3, 4), (4, 58), (39, 201), (166, 184), (171, 174), (84, 87), (162, 171), (87, 89), (22, 23), (144, 147), (135, 144), (84, 102), (236, 242), (39, 66), (174, 175), (97, 178), (240, 242), (96, 97), (22, 184), (223, 241), (214, 241), (150, 159), (58, 76), (205, 214), (66, 147), (174, 177), (76, 157), (123, 150), (178, 205), (78, 240), (0, 162), (174, 201), (87, 96), (96, 123), (14, 23), (3, 84), (159, 240), (175, 178), (120, 123)}
E2: {(81, 82), (68, 149), (179, 206), (67, 68), (39, 201), (162, 171), (19, 46), (84, 87), (87, 89), (207, 209), (179, 233), (29, 32), (210, 211), (171, 198), (100, 101), (149, 152), (189, 191), (117, 120), (45, 46), (39, 66), (83, 164), (171, 173), (82, 83), (81, 84), (209, 215), (165, 166), (164, 173), (67, 76), (191, 197), (20, 101), (66, 68), (84, 165), (134, 215), (164, 191), (19, 20), (197, 206), (174, 177), (197, 215), (76, 157), (224, 233), (117, 198), (201, 210), (0, 162), (59, 68), (174, 201), (82, 100), (207, 210), (19, 25), (189, 195), (29, 191), (223, 224)}
Obj: 34294

