Log for instance aco_tuning_out/inst21.txt.

Used ({'tau_0': 9.546586330686151e-06, 'xi': 0.07432857356120594, 'q0': 0.39855006298732903, 'alpha': 1.1362553523500754, 'beta': 1.13375631131127, 'rho': 0.39805176799684205, 'ants': 18}) and found best instance after 10.0625 seconds.
E1: {(219, 220), (171, 198), (98, 152), (171, 173), (162, 164), (223, 241), (220, 221), (167, 221), (164, 167), (164, 173), (219, 228), (173, 179), (36, 198), (98, 179), (164, 182), (173, 200), (73, 235), (166, 167), (36, 45), (5, 167), (81, 135), (177, 179), (64, 73), (220, 223), (81, 162), (5, 14), (235, 241), (5, 32)}
E2: {(28, 55), (55, 136), (175, 202), (42, 51), (43, 52), (30, 192), (234, 236), (61, 79), (27, 28), (172, 175), (39, 66), (64, 65), (28, 109), (30, 39), (180, 234), (79, 160), (163, 172), (180, 182), (51, 52), (173, 179), (25, 52), (78, 79), (216, 217), (66, 68), (55, 217), (27, 30), (173, 200), (39, 120), (36, 42), (30, 32), (89, 170), (36, 45), (27, 36), (192, 195), (163, 217), (55, 61), (91, 172), (202, 211), (59, 68), (71, 152), (135, 136), (0, 9), (65, 68), (172, 173), (65, 71), (170, 179), (216, 234), (157, 160), (9, 36), (61, 223)}
Obj: 31141

