Log for instance aco_tuning_out/inst12.txt.

Used ({'tau0': 9.563421643378381e-06, 'xi': 0.09724359984230846, 'q0': 0.3832373282206037, 'alpha': 0.33412689971093434, 'beta': 0.5388896399688413, 'rho': 0.11521783790776492, 'ants': 25}) and found best instance after 265.578125 seconds.
E1: {(120, 129), (20, 47), (131, 134), (86, 113), (113, 131), (82, 88), (195, 196), (88, 115), (115, 196), (82, 83), (20, 101), (32, 194), (82, 85), (85, 166), (43, 205), (113, 194), (0, 18), (102, 129), (129, 131), (196, 205), (88, 89), (82, 91), (211, 214), (83, 86), (45, 47), (18, 20), (205, 214), (82, 109), (83, 101), (20, 182)}
E2: {(105, 107), (96, 177), (217, 220), (136, 142), (150, 159), (191, 194), (82, 88), (199, 200), (166, 169), (55, 136), (88, 106), (98, 107), (88, 115), (190, 199), (78, 159), (58, 220), (151, 152), (218, 236), (105, 106), (191, 209), (32, 194), (25, 106), (208, 209), (124, 151), (141, 142), (208, 211), (88, 142), (156, 157), (191, 218), (156, 159), (217, 218), (159, 161), (47, 209), (115, 124), (45, 47), (96, 150), (58, 59), (89, 98), (134, 161), (88, 169), (43, 124), (141, 159), (55, 217), (55, 64), (220, 223), (190, 191), (135, 136), (82, 109), (102, 105)}
Obj: 31557

