Log for instance aco_tuning_out/inst15.txt.

Used ({'tau_0': 5.572049615801917e-06, 'xi': 0.06325004225542018, 'q0': 0.8461092587771804, 'alpha': 1.389681207393384, 'beta': 0.3366413033928038, 'rho': 0.4612946765120627, 'ants': 22}) and found best instance after 9.375 seconds.
E1: {(81, 82), (33, 42), (6, 15), (171, 174), (55, 136), (84, 87), (118, 119), (119, 200), (15, 42), (159, 160), (171, 180), (153, 159), (54, 55), (81, 84), (136, 145), (82, 83), (83, 164), (171, 173), (79, 160), (6, 87), (180, 182), (164, 173), (78, 79), (58, 76), (64, 226), (38, 119), (118, 145), (36, 42), (55, 58), (174, 177), (76, 157), (42, 43), (91, 118), (109, 136), (54, 72), (145, 226), (72, 153), (174, 201), (201, 228), (33, 195), (36, 38)}
E2: {(81, 82), (3, 4), (39, 201), (162, 171), (4, 58), (55, 136), (84, 87), (118, 119), (6, 24), (228, 229), (171, 180), (14, 68), (217, 220), (171, 198), (46, 127), (75, 78), (5, 86), (166, 220), (67, 229), (45, 46), (39, 66), (83, 164), (171, 173), (82, 83), (81, 84), (136, 145), (6, 87), (180, 182), (164, 173), (58, 67), (36, 198), (86, 89), (3, 21), (118, 127), (66, 68), (55, 217), (38, 119), (118, 145), (173, 200), (196, 205), (24, 25), (174, 177), (110, 119), (81, 135), (128, 134), (21, 75), (55, 64), (229, 232), (0, 162), (59, 68), (110, 128), (205, 232), (202, 211), (182, 236), (174, 201), (82, 109), (3, 84), (202, 229), (5, 32), (195, 196), (83, 86), (36, 38), (43, 205), (198, 201)}
Obj: 36695

