Log for instance aco_tuning_out/inst24.txt.

Used ({'tau0': 6.651390889237055e-06, 'xi': 0.11158156951036152, 'q0': 0.3891327832249725, 'alpha': 0.5704086329673803, 'beta': 0.45022269695520334, 'rho': 0.05657845121910911, 'ants': 23}) and found best instance after 126.8125 seconds.
E1: {(76, 92), (15, 143), (243, 251), (0, 2), (128, 160), (176, 240), (40, 56), (2, 130), (122, 250), (11, 139), (253, 255), (252, 253), (56, 58), (249, 251), (10, 42), (160, 176), (26, 90), (26, 154), (221, 253), (14, 15), (15, 47), (78, 79), (191, 255), (10, 11), (143, 159), (10, 14), (2, 10), (106, 122), (76, 78), (235, 251), (144, 176), (56, 57), (249, 253), (71, 79), (42, 43), (2, 34), (12, 14), (76, 108), (141, 143), (42, 58), (14, 78), (190, 191), (90, 122), (26, 58), (0, 128), (45, 47), (159, 191)}
E2: {(229, 237), (176, 178), (63, 191), (56, 60), (2, 34), (5, 133), (89, 93), (228, 229), (121, 249), (10, 42), (191, 255), (165, 181), (194, 226), (249, 253), (85, 93), (165, 229), (98, 114), (176, 180), (166, 230), (42, 106), (146, 154), (187, 191), (34, 98), (221, 223), (253, 255), (133, 165), (146, 147), (221, 253), (2, 10), (144, 176), (120, 121), (180, 181), (228, 230), (222, 223), (42, 58), (26, 58), (56, 120), (183, 191), (229, 231), (237, 253), (53, 181), (56, 58), (26, 90), (26, 154), (194, 195), (226, 230), (89, 121), (175, 191)}
Obj: 26863

