Log for instance aco_tuning_out/inst03.txt.

Used ({'tau_0': 5.341643627837584e-06, 'xi': 0.12828902895224037, 'q0': 0.5825040751853071, 'alpha': 1.680352012001748, 'beta': 1.7927432976473112, 'rho': 0.24781837895583786, 'ants': 32}) and found best instance after 101.6875 seconds.
E1: {(76, 92), (232, 236), (211, 219), (228, 244), (210, 211), (157, 221), (36, 37), (57, 185), (37, 39), (54, 55), (206, 207), (76, 204), (64, 65), (185, 187), (143, 175), (64, 68), (202, 206), (83, 115), (137, 153), (147, 151), (20, 28), (135, 143), (115, 119), (149, 151), (149, 157), (76, 78), (53, 55), (240, 244), (24, 28), (37, 53), (55, 119), (153, 185), (147, 211), (204, 236), (228, 236), (113, 115), (143, 207), (153, 157), (78, 206), (9, 137), (135, 151), (37, 101), (28, 92), (83, 211), (195, 211), (68, 76)}
E2: {(128, 136), (136, 137), (177, 181), (132, 164), (162, 226), (15, 143), (107, 235), (43, 107), (181, 245), (216, 218), (196, 197), (114, 115), (36, 37), (148, 150), (115, 123), (34, 162), (5, 37), (198, 206), (37, 45), (132, 148), (160, 164), (45, 61), (128, 132), (10, 42), (206, 222), (154, 218), (148, 180), (61, 63), (14, 15), (49, 177), (143, 159), (34, 42), (10, 14), (132, 196), (36, 164), (42, 43), (162, 166), (137, 201), (180, 181), (128, 192), (33, 49), (107, 111), (99, 107), (164, 172), (40, 42), (48, 49), (107, 123), (218, 222), (0, 128), (9, 137), (210, 218), (196, 198), (160, 162), (17, 49)}
Obj: 30701

