Log for instance aco_tuning_out/inst30.txt.

Used ({'tau_0': 7.814861621349648e-06, 'xi': 0.138307434456488, 'q0': 0.43841983460807055, 'alpha': 1.339632899369741, 'beta': 1.2581696145841696, 'rho': 0.4518495513690369, 'ants': 15}) and found best instance after 8.703125 seconds.
E1: {(83, 110), (119, 200), (118, 119), (105, 186), (194, 212), (190, 199), (0, 2), (120, 147), (144, 147), (225, 227), (100, 101), (109, 110), (134, 161), (227, 236), (195, 213), (55, 56), (186, 213), (105, 106), (177, 186), (211, 212), (56, 137), (2, 56), (191, 194), (144, 146), (20, 101), (32, 194), (19, 20), (100, 106), (155, 161), (144, 225), (91, 100), (2, 83), (110, 119), (137, 146), (146, 155), (55, 64), (146, 152), (32, 41), (190, 191), (19, 25), (118, 199), (102, 105), (14, 41), (83, 101)}
E2: {(106, 133), (179, 206), (226, 229), (92, 119), (119, 200), (105, 186), (66, 228), (167, 170), (92, 146), (100, 101), (91, 92), (11, 17), (109, 110), (195, 204), (67, 229), (105, 106), (154, 157), (18, 19), (177, 186), (204, 231), (20, 74), (133, 134), (228, 231), (17, 179), (135, 137), (20, 101), (127, 133), (64, 226), (204, 206), (19, 20), (100, 106), (166, 167), (127, 154), (11, 92), (110, 119), (137, 146), (146, 152), (74, 236), (18, 45), (66, 67), (19, 25), (170, 179), (92, 101), (0, 18), (20, 182)}
Obj: 36350

