Log for instance aco_tuning_out/inst24.txt.

Used ({'tau_0': 6.895901444357542e-06, 'xi': 0.11930677293557751, 'q0': 0.7766820476791325, 'alpha': 1.762448247826621, 'beta': 0.8740652131662537, 'rho': 0.21713520092331218, 'ants': 13}) and found best instance after 10.671875 seconds.
E1: {(105, 107), (15, 143), (99, 103), (90, 94), (108, 109), (146, 154), (156, 158), (171, 235), (12, 13), (43, 171), (228, 244), (0, 2), (40, 44), (242, 243), (146, 178), (252, 253), (156, 188), (187, 191), (92, 94), (2, 130), (142, 174), (244, 252), (158, 222), (56, 58), (224, 228), (174, 175), (240, 242), (94, 222), (174, 190), (10, 42), (206, 222), (105, 109), (142, 143), (12, 76), (221, 253), (144, 146), (142, 158), (143, 159), (114, 242), (106, 107), (2, 10), (76, 78), (45, 109), (160, 224), (240, 244), (13, 141), (56, 57), (175, 191), (139, 143), (50, 114), (2, 34), (188, 252), (76, 108), (50, 178), (99, 107), (71, 103), (42, 58), (171, 187), (78, 206), (242, 250), (12, 44), (34, 50)}
E2: {(55, 63), (155, 187), (156, 158), (147, 155), (180, 244), (60, 62), (206, 238), (151, 183), (228, 244), (237, 253), (129, 131), (252, 253), (178, 182), (156, 188), (187, 191), (251, 255), (131, 195), (53, 181), (158, 222), (120, 122), (230, 238), (85, 213), (249, 251), (88, 90), (166, 230), (145, 209), (206, 222), (147, 151), (181, 183), (221, 253), (88, 120), (165, 181), (106, 110), (46, 62), (17, 145), (1, 5), (129, 145), (2, 10), (106, 122), (230, 231), (1, 17), (88, 89), (110, 238), (55, 183), (249, 253), (226, 230), (166, 182), (180, 181), (2, 34), (50, 114), (175, 191), (50, 178), (188, 252), (145, 147), (46, 110), (144, 145), (62, 63), (34, 50), (209, 213)}
Obj: 34094

