Log for instance aco_tuning_out/inst30.txt.

Used ({'tau_0': 6.651155935593466e-06, 'xi': 0.0698190378741818, 'q0': 0.8638669115585977, 'alpha': 1.1622049190539232, 'beta': 1.595958584283492, 'rho': 0.31540247478897615, 'ants': 9}) and found best instance after 5.640625 seconds.
E1: {(81, 82), (226, 229), (28, 55), (55, 136), (175, 202), (118, 119), (102, 129), (171, 177), (207, 209), (29, 38), (29, 32), (171, 198), (5, 86), (152, 233), (0, 81), (129, 210), (97, 178), (200, 206), (96, 97), (83, 164), (136, 145), (171, 173), (82, 83), (28, 109), (164, 173), (36, 198), (191, 197), (209, 236), (20, 101), (191, 209), (64, 226), (195, 197), (118, 145), (38, 119), (19, 20), (91, 97), (197, 206), (128, 134), (224, 233), (119, 128), (197, 224), (145, 226), (229, 238), (96, 123), (5, 14), (207, 210), (202, 229), (211, 238), (19, 25), (83, 86), (36, 38), (175, 178), (83, 101), (29, 191), (120, 123)}
E2: {(166, 175), (81, 82), (226, 232), (33, 42), (39, 201), (162, 171), (99, 100), (226, 229), (175, 202), (109, 190), (66, 228), (190, 199), (179, 233), (39, 42), (83, 137), (171, 198), (178, 179), (20, 47), (100, 101), (152, 233), (199, 226), (45, 46), (39, 66), (97, 178), (200, 206), (83, 164), (171, 173), (82, 83), (157, 238), (209, 215), (214, 241), (180, 182), (164, 173), (46, 47), (81, 99), (173, 179), (209, 236), (135, 137), (20, 101), (64, 226), (19, 20), (238, 241), (205, 214), (91, 97), (197, 206), (174, 177), (224, 233), (128, 134), (137, 146), (146, 155), (205, 232), (0, 162), (197, 224), (174, 201), (128, 155), (99, 180), (202, 229), (19, 25), (33, 195), (214, 215), (175, 178), (198, 201)}
Obj: 41967

