Log for instance aco_tuning_out/inst18.txt.

Used ({'tau_0': 6.651155935593466e-06, 'xi': 0.0698190378741818, 'q0': 0.8638669115585977, 'alpha': 1.1622049190539232, 'beta': 1.595958584283492, 'rho': 0.31540247478897615, 'ants': 9}) and found best instance after 7.46875 seconds.
E1: {(128, 136), (136, 137), (105, 107), (99, 103), (193, 201), (71, 87), (82, 90), (81, 85), (20, 148), (5, 7), (86, 87), (70, 198), (0, 2), (201, 233), (87, 95), (196, 197), (82, 114), (252, 253), (1, 3), (114, 118), (233, 249), (148, 150), (85, 213), (7, 71), (215, 223), (209, 213), (62, 126), (45, 61), (6, 14), (193, 197), (10, 42), (82, 86), (147, 151), (20, 22), (96, 98), (245, 253), (31, 95), (22, 86), (39, 47), (31, 159), (95, 223), (46, 62), (1, 5), (10, 14), (2, 10), (29, 61), (213, 215), (54, 118), (6, 7), (249, 253), (32, 96), (110, 238), (105, 233), (32, 160), (54, 62), (107, 111), (99, 107), (71, 103), (46, 110), (42, 58), (98, 114), (80, 81), (66, 70), (0, 128), (57, 61), (9, 137), (196, 198), (45, 47), (62, 63), (151, 159), (47, 111)}
E2: {(28, 30), (156, 188), (114, 118), (148, 150), (96, 97), (105, 109), (20, 22), (31, 95), (31, 159), (240, 244), (32, 96), (24, 28), (32, 160), (59, 123), (80, 81), (0, 128), (136, 137), (243, 251), (108, 109), (156, 158), (70, 198), (51, 59), (0, 2), (210, 211), (1, 3), (83, 91), (158, 222), (132, 148), (62, 126), (249, 251), (72, 200), (10, 42), (142, 143), (52, 60), (97, 101), (40, 168), (1, 5), (132, 196), (249, 253), (76, 108), (188, 252), (98, 114), (66, 70), (9, 137), (30, 31), (96, 98), (200, 201), (154, 158), (58, 62), (168, 184), (163, 179), (86, 87), (87, 95), (97, 105), (91, 95), (174, 175), (245, 253), (221, 253), (143, 159), (172, 174), (244, 245), (2, 10), (76, 78), (110, 238), (105, 233), (108, 110), (46, 110), (42, 58), (200, 232), (78, 206), (136, 168), (2, 3), (196, 198), (128, 136), (58, 59), (20, 148), (201, 233), (252, 253), (198, 206), (143, 175), (83, 115), (206, 222), (52, 54), (89, 91), (22, 86), (46, 62), (54, 118), (81, 83), (113, 115), (179, 243), (83, 211)}
Obj: 41852

