Log for instance aco_tuning_out/inst03.txt.

Used ({'tau0': 6.233831045293282e-06, 'xi': 0.10451661342493951, 'q0': 0.8893124268375978, 'alpha': 1.349306787935924, 'beta': 0.6109712049564031, 'rho': 0.46309129670203547, 'ants': 8}) and found best instance after 3.859375 seconds.
E1: {(177, 181), (105, 107), (20, 84), (210, 214), (244, 246), (114, 118), (156, 188), (105, 109), (31, 95), (115, 119), (240, 244), (32, 96), (0, 128), (136, 137), (145, 149), (108, 109), (156, 158), (0, 2), (210, 211), (92, 94), (158, 222), (10, 42), (44, 108), (84, 86), (78, 79), (165, 181), (97, 101), (230, 231), (214, 222), (135, 167), (56, 57), (76, 108), (188, 252), (98, 114), (9, 137), (30, 31), (96, 98), (47, 111), (200, 201), (47, 175), (193, 195), (165, 167), (211, 219), (86, 87), (228, 244), (87, 95), (97, 105), (187, 191), (8, 24), (76, 204), (73, 77), (32, 36), (221, 253), (49, 113), (49, 177), (2, 10), (76, 78), (199, 231), (105, 233), (137, 201), (147, 211), (42, 58), (200, 232), (78, 206), (36, 44), (68, 76), (79, 207), (128, 136), (193, 201), (201, 233), (0, 8), (252, 253), (65, 73), (198, 206), (53, 181), (30, 94), (56, 58), (202, 206), (83, 115), (206, 222), (86, 214), (39, 47), (17, 81), (17, 145), (198, 199), (54, 118), (230, 246), (81, 83), (175, 191), (107, 111), (113, 115), (76, 77), (83, 211)}
E2: {(105, 107), (2, 66), (244, 246), (146, 178), (148, 150), (94, 222), (105, 109), (147, 151), (90, 218), (14, 15), (48, 56), (31, 159), (29, 61), (32, 96), (59, 123), (2, 34), (33, 49), (228, 236), (0, 128), (151, 159), (136, 137), (132, 164), (90, 94), (108, 109), (156, 158), (147, 155), (5, 7), (70, 198), (99, 115), (216, 218), (0, 2), (164, 180), (210, 211), (66, 194), (178, 182), (158, 222), (132, 148), (160, 164), (7, 71), (10, 42), (59, 63), (44, 108), (44, 172), (132, 196), (76, 108), (71, 103), (98, 114), (66, 70), (9, 137), (30, 31), (96, 98), (99, 103), (146, 154), (155, 187), (4, 6), (43, 171), (228, 244), (40, 44), (34, 98), (76, 204), (45, 61), (193, 197), (32, 36), (146, 147), (12, 76), (49, 113), (49, 177), (10, 14), (244, 245), (28, 29), (76, 78), (137, 201), (166, 182), (42, 58), (78, 206), (196, 198), (192, 194), (128, 136), (193, 201), (58, 59), (171, 235), (4, 12), (198, 206), (30, 94), (56, 58), (6, 14), (83, 115), (206, 222), (28, 156), (17, 81), (226, 230), (81, 83), (230, 246), (107, 111), (204, 236), (99, 107), (113, 115), (171, 187), (83, 211)}
Obj: 50383

