Log for instance aco_tuning_out/inst18.txt.

Used ({'tau_0': 1.7311092028219667e-06, 'xi': 0.08252852050291277, 'q0': 0.30102382451999166, 'alpha': 1.4307200972470873, 'beta': 1.366990204180299, 'rho': 0.3910589486840866, 'ants': 12}) and found best instance after 8.5 seconds.
E1: {(90, 91), (71, 87), (99, 103), (50, 58), (29, 93), (0, 2), (29, 157), (128, 160), (126, 254), (87, 95), (2, 66), (1, 3), (1, 9), (157, 159), (148, 150), (117, 245), (56, 58), (120, 122), (16, 80), (45, 61), (145, 209), (71, 199), (238, 254), (50, 54), (61, 63), (128, 144), (88, 120), (89, 91), (6, 38), (0, 1), (38, 46), (103, 111), (80, 88), (0, 16), (1, 5), (29, 61), (85, 87), (88, 89), (56, 57), (85, 93), (110, 238), (137, 201), (145, 147), (85, 117), (46, 110), (71, 103), (144, 145), (38, 39), (87, 215), (144, 148), (57, 61), (0, 128), (9, 137), (89, 93), (122, 126), (252, 254), (197, 199)}
E2: {(64, 66), (128, 136), (25, 29), (210, 242), (24, 152), (154, 158), (72, 76), (162, 226), (29, 93), (126, 254), (128, 160), (113, 117), (112, 240), (242, 246), (210, 214), (1, 9), (8, 24), (115, 123), (117, 245), (30, 158), (230, 238), (152, 184), (25, 89), (28, 60), (150, 214), (86, 214), (88, 120), (101, 117), (118, 246), (0, 1), (49, 113), (142, 158), (112, 120), (8, 72), (104, 232), (80, 88), (8, 136), (1, 5), (114, 242), (28, 29), (78, 94), (140, 142), (54, 118), (24, 25), (88, 89), (226, 230), (230, 246), (162, 163), (140, 172), (76, 108), (118, 126), (94, 126), (113, 115), (150, 158), (0, 64), (112, 113), (0, 128), (72, 104), (49, 51), (252, 254), (93, 221), (136, 140), (8, 40)}
Obj: 35127

