Log for instance aco_tuning_out/inst27.txt.

Used ({'tau_0': 9.546586330686151e-06, 'xi': 0.07432857356120594, 'q0': 0.39855006298732903, 'alpha': 1.1362553523500754, 'beta': 1.13375631131127, 'rho': 0.39805176799684205, 'ants': 18}) and found best instance after 10.65625 seconds.
E1: {(154, 155), (102, 230), (155, 187), (43, 171), (22, 23), (44, 60), (251, 255), (187, 191), (36, 37), (253, 255), (37, 39), (132, 148), (76, 204), (102, 110), (249, 251), (110, 111), (145, 209), (100, 116), (62, 190), (44, 108), (61, 63), (60, 61), (221, 253), (191, 255), (153, 155), (49, 113), (14, 30), (49, 177), (46, 62), (10, 14), (27, 155), (29, 61), (2, 10), (63, 191), (110, 238), (230, 246), (145, 153), (2, 34), (228, 230), (76, 108), (44, 46), (214, 246), (46, 110), (144, 145), (30, 62), (171, 187), (144, 148), (14, 142), (22, 30), (145, 177), (2, 3), (100, 102), (36, 44), (214, 215), (250, 251), (54, 62)}
E2: {(58, 59), (132, 164), (243, 251), (108, 109), (58, 62), (88, 216), (72, 88), (74, 202), (150, 151), (101, 109), (141, 157), (157, 221), (251, 255), (148, 150), (132, 148), (110, 111), (240, 242), (109, 125), (6, 14), (16, 144), (142, 143), (147, 151), (14, 15), (101, 117), (57, 59), (14, 30), (46, 62), (10, 14), (117, 119), (123, 251), (72, 74), (226, 230), (108, 110), (59, 123), (164, 166), (141, 143), (226, 242), (46, 110), (30, 62), (14, 142), (144, 148), (16, 48), (242, 250), (10, 74), (166, 230), (250, 251)}
Obj: 29493

