Log for instance aco_tuning_out/inst03.txt.

Used ({'tau_0': 9.24915798617957e-06, 'xi': 0.05399113180694906, 'q0': 0.5348646852525689, 'alpha': 0.8177192610685395, 'beta': 1.9504865720120417, 'rho': 0.35361961105123524, 'ants': 16}) and found best instance after 12.78125 seconds.
E1: {(204, 220), (200, 201), (193, 195), (193, 201), (155, 187), (229, 231), (228, 229), (147, 155), (101, 103), (211, 219), (210, 211), (135, 199), (103, 231), (112, 240), (49, 53), (187, 191), (36, 37), (37, 39), (64, 65), (64, 68), (50, 54), (220, 221), (147, 151), (199, 207), (49, 113), (112, 114), (155, 219), (149, 151), (9, 25), (199, 231), (24, 25), (200, 202), (37, 53), (175, 191), (50, 114), (20, 21), (200, 232), (112, 113), (25, 57), (103, 119), (195, 199), (65, 193), (135, 151), (49, 57), (37, 101), (92, 220), (21, 53), (200, 204)}
E2: {(193, 201), (132, 164), (107, 235), (98, 226), (44, 45), (43, 107), (180, 244), (216, 218), (0, 2), (40, 44), (196, 197), (187, 191), (34, 98), (1, 9), (48, 176), (148, 150), (198, 206), (132, 148), (160, 164), (192, 196), (193, 197), (1, 33), (160, 176), (206, 222), (148, 180), (154, 218), (44, 172), (14, 15), (0, 1), (49, 177), (10, 14), (1, 5), (244, 245), (187, 251), (2, 10), (132, 196), (235, 251), (1, 17), (63, 191), (36, 164), (98, 99), (2, 34), (164, 166), (107, 111), (99, 107), (164, 172), (107, 123), (98, 114), (176, 177), (218, 222), (210, 218), (196, 198), (159, 191), (17, 49)}
Obj: 31320

