Log for instance aco_tuning_out/inst18.txt.

Used ({'tau0': 9.493726088905091e-06, 'xi': 0.11484843759454823, 'q0': 0.6111218433796399, 'alpha': 1.5748339874818995, 'beta': 1.6004495863491173, 'rho': 0.40117280761880736, 'ants': 26}) and found best instance after 16.78125 seconds.
E1: {(128, 136), (136, 137), (126, 254), (0, 2), (128, 160), (2, 66), (85, 213), (197, 213), (45, 61), (238, 254), (10, 42), (26, 90), (61, 63), (147, 151), (46, 47), (80, 82), (31, 95), (31, 159), (39, 47), (2, 10), (29, 61), (213, 215), (54, 118), (47, 111), (151, 215), (110, 238), (137, 201), (47, 63), (42, 46), (213, 245), (107, 111), (133, 197), (99, 107), (46, 110), (118, 126), (42, 58), (150, 158), (5, 133), (57, 61), (0, 128), (9, 137), (26, 58), (2, 3), (2, 6), (252, 254), (66, 82), (158, 159), (31, 63), (151, 159), (209, 213)}
E2: {(128, 136), (136, 137), (42, 106), (160, 168), (72, 76), (24, 152), (136, 152), (146, 154), (91, 123), (220, 222), (168, 184), (105, 107), (51, 59), (206, 238), (0, 2), (40, 44), (176, 240), (44, 60), (129, 131), (114, 115), (97, 105), (2, 66), (252, 253), (114, 118), (91, 95), (128, 129), (168, 232), (16, 80), (16, 144), (146, 150), (10, 42), (206, 222), (220, 221), (44, 108), (128, 144), (44, 172), (245, 253), (221, 253), (89, 91), (144, 146), (31, 95), (0, 1), (176, 184), (97, 101), (106, 107), (1, 5), (2, 10), (76, 78), (106, 122), (54, 118), (144, 176), (146, 210), (59, 123), (76, 108), (131, 163), (118, 126), (142, 206), (40, 42), (78, 206), (113, 115), (0, 128), (9, 137), (122, 126), (122, 123), (30, 31), (86, 118)}
Obj: 33614

