Log for instance aco_tuning_out/inst06.txt.

Used ({'tau_0': 3.986574795084688e-06, 'xi': 0.12869898263116974, 'q0': 0.7324104580466773, 'alpha': 0.38736117587741714, 'beta': 0.6247624947394189, 'rho': 0.4525392981526261, 'ants': 9}) and found best instance after 116.046875 seconds.
E1: {(128, 130), (192, 200), (108, 109), (165, 167), (206, 238), (86, 87), (237, 253), (3, 19), (39, 167), (210, 214), (83, 91), (114, 118), (198, 206), (206, 207), (53, 181), (196, 212), (128, 129), (14, 46), (174, 175), (45, 61), (192, 196), (6, 14), (174, 190), (105, 109), (206, 222), (221, 253), (86, 214), (89, 91), (165, 181), (167, 175), (19, 23), (83, 87), (172, 174), (28, 29), (29, 61), (85, 87), (166, 167), (45, 109), (214, 222), (109, 237), (240, 241), (135, 167), (110, 238), (249, 253), (24, 28), (241, 249), (128, 192), (108, 110), (180, 181), (46, 110), (23, 87), (46, 174), (200, 232), (78, 206), (196, 198), (86, 118)}
E2: {(119, 127), (193, 195), (193, 201), (32, 40), (188, 190), (180, 244), (167, 231), (193, 225), (196, 197), (11, 75), (2, 66), (1, 3), (156, 188), (187, 191), (189, 191), (198, 206), (196, 212), (62, 126), (96, 97), (143, 175), (62, 190), (193, 197), (32, 36), (206, 222), (212, 244), (90, 218), (180, 188), (188, 189), (226, 234), (89, 91), (170, 171), (97, 101), (167, 175), (143, 159), (1, 5), (244, 245), (132, 196), (68, 196), (166, 167), (1, 17), (32, 96), (175, 191), (163, 171), (2, 34), (3, 11), (126, 127), (171, 187), (218, 222), (129, 193), (1, 129), (2, 3), (196, 198), (97, 225), (170, 234), (2, 18), (75, 91)}
Obj: 33173

