Log for instance aco_tuning_out/inst03.txt.

Used ({'tau0': 1.4630188820263259e-06, 'xi': 0.0776783694791692, 'q0': 0.7839075030693623, 'alpha': 0.5603503117369445, 'beta': 0.5204984007438819, 'rho': 0.4796233950660777, 'ants': 12}) and found best instance after 12.234375 seconds.
E1: {(177, 181), (128, 136), (136, 137), (193, 195), (145, 149), (196, 228), (47, 175), (156, 158), (211, 219), (228, 244), (113, 117), (196, 197), (57, 121), (28, 30), (100, 101), (187, 191), (156, 188), (252, 253), (92, 94), (121, 249), (198, 206), (53, 181), (158, 222), (30, 94), (64, 65), (76, 204), (224, 228), (143, 175), (128, 132), (64, 68), (82, 83), (83, 115), (206, 222), (193, 197), (202, 206), (147, 151), (20, 28), (221, 253), (224, 232), (101, 117), (49, 113), (49, 177), (17, 81), (143, 159), (28, 156), (17, 145), (39, 47), (117, 119), (132, 196), (68, 76), (36, 100), (249, 253), (24, 28), (240, 244), (81, 83), (147, 211), (82, 210), (175, 191), (188, 252), (113, 115), (22, 30), (0, 64), (143, 207), (0, 128), (9, 137), (196, 198), (135, 151), (83, 211), (158, 159), (22, 54), (151, 159)}
E2: {(193, 201), (196, 228), (32, 40), (32, 34), (107, 235), (15, 143), (180, 244), (43, 107), (43, 171), (216, 218), (228, 244), (0, 2), (192, 224), (196, 197), (82, 114), (36, 37), (187, 191), (148, 150), (198, 206), (37, 45), (132, 148), (224, 228), (174, 175), (193, 197), (32, 36), (206, 222), (1, 33), (154, 218), (59, 63), (99, 227), (0, 1), (49, 177), (143, 159), (1, 5), (172, 174), (244, 245), (132, 196), (1, 17), (226, 227), (32, 96), (137, 201), (96, 224), (32, 160), (82, 210), (226, 230), (228, 230), (2, 34), (107, 111), (33, 49), (175, 191), (99, 107), (59, 187), (59, 123), (48, 49), (171, 187), (218, 222), (9, 137), (210, 218), (196, 198), (166, 230), (159, 191)}
Obj: 37527

