Log for instance aco_tuning_out/inst18.txt.

Used ({'tau0': 4.585564497822685e-06, 'xi': 0.058757171197309443, 'q0': 0.34722321487260577, 'alpha': 1.3834921966172709, 'beta': 0.8673616661090202, 'rho': 0.2097770542871472, 'ants': 11}) and found best instance after 12.59375 seconds.
E1: {(64, 66), (193, 201), (90, 94), (58, 59), (4, 6), (35, 39), (150, 151), (128, 160), (156, 188), (148, 150), (85, 213), (148, 156), (197, 213), (110, 126), (193, 197), (59, 63), (4, 5), (35, 99), (64, 80), (147, 151), (21, 85), (3, 131), (6, 38), (38, 46), (5, 21), (39, 47), (0, 4), (57, 59), (213, 215), (9, 25), (47, 111), (151, 215), (110, 238), (47, 63), (213, 245), (188, 252), (46, 110), (21, 29), (38, 39), (94, 126), (0, 64), (25, 57), (38, 54), (0, 128), (45, 47), (131, 147), (94, 95), (151, 159), (209, 213)}
E2: {(168, 172), (25, 29), (160, 168), (154, 158), (88, 216), (124, 126), (91, 123), (168, 184), (72, 88), (86, 87), (40, 44), (129, 131), (87, 95), (17, 21), (82, 114), (252, 253), (91, 95), (5, 37), (30, 158), (168, 232), (110, 126), (82, 83), (25, 89), (50, 54), (44, 108), (44, 172), (28, 60), (29, 31), (84, 86), (221, 253), (245, 253), (88, 120), (208, 216), (49, 113), (31, 95), (5, 21), (142, 158), (17, 145), (83, 87), (129, 145), (28, 29), (76, 78), (9, 25), (120, 124), (208, 240), (110, 238), (24, 28), (108, 110), (82, 210), (50, 114), (60, 124), (131, 163), (76, 108), (124, 252), (21, 29), (150, 158), (80, 84), (49, 51), (37, 101), (66, 82), (30, 31), (17, 49)}
Obj: 33519

