Log for instance aco_tuning_out/inst21.txt.

Used ({'tau_0': 6.1953877645287985e-06, 'xi': 0.12592428493863295, 'q0': 0.5371346552036473, 'alpha': 0.6164150020009103, 'beta': 1.0047990339648631, 'rho': 0.10018538445968772, 'ants': 21}) and found best instance after 200.3125 seconds.
E1: {(166, 175), (226, 232), (226, 229), (171, 177), (64, 145), (171, 198), (175, 229), (152, 233), (198, 200), (223, 232), (171, 173), (136, 145), (229, 230), (173, 176), (36, 198), (173, 182), (175, 176), (36, 45), (14, 176), (228, 230), (32, 41), (145, 226), (135, 136), (230, 233), (14, 41)}
E2: {(171, 198), (74, 155), (10, 91), (81, 135), (42, 43), (82, 88), (74, 77), (195, 196), (198, 201), (81, 82), (33, 42), (88, 106), (201, 202), (36, 198), (39, 41), (36, 45), (72, 74), (171, 172), (32, 41), (10, 172), (25, 106), (59, 77), (39, 201), (34, 196), (198, 200), (120, 201), (7, 34), (36, 42), (88, 89), (196, 223), (202, 211), (74, 236), (106, 160), (10, 64), (0, 81), (160, 161), (171, 173), (72, 78), (173, 182), (155, 161), (33, 34), (7, 88), (152, 161), (82, 109), (157, 160)}
Obj: 28048

