Log for instance aco_tuning_out/inst24.txt.

Used ({'tau_0': 9.563421643378381e-06, 'xi': 0.09724359984230846, 'q0': 0.3832373282206037, 'alpha': 0.33412689971093434, 'beta': 0.5388896399688413, 'rho': 0.11521783790776492, 'ants': 25}) and found best instance after 174.96875 seconds.
E1: {(44, 45), (176, 240), (40, 41), (2, 130), (122, 250), (58, 122), (160, 176), (176, 178), (71, 79), (2, 34), (154, 186), (243, 251), (0, 2), (186, 250), (10, 42), (44, 108), (159, 223), (78, 79), (106, 122), (76, 108), (40, 42), (223, 255), (186, 190), (178, 186), (76, 92), (40, 44), (221, 223), (253, 255), (12, 76), (41, 57), (143, 159), (2, 10), (76, 78), (235, 251), (144, 176), (139, 143), (42, 58), (250, 251), (41, 43), (15, 143), (252, 253), (251, 255), (141, 143), (90, 122)}
E2: {(178, 179), (187, 191), (221, 223), (179, 187), (147, 179), (53, 181), (231, 239), (88, 90), (60, 61), (21, 85), (181, 183), (176, 178), (191, 255), (88, 120), (165, 181), (5, 21), (239, 255), (2, 10), (106, 122), (230, 231), (144, 176), (53, 61), (63, 191), (199, 231), (88, 89), (226, 230), (175, 191), (180, 181), (2, 34), (50, 114), (228, 230), (50, 178), (222, 223), (237, 239), (223, 255), (176, 180), (90, 122), (195, 199), (114, 122), (166, 230), (21, 53), (34, 50)}
Obj: 25130

