Log for instance aco_tuning_out/inst21.txt.

Used ({'tau0': 9.387858024888234e-06, 'xi': 0.14290215705758647, 'q0': 0.4917258290014144, 'alpha': 1.0227666505205433, 'beta': 1.168523363313268, 'rho': 0.2926263236671505, 'ants': 22}) and found best instance after 26.21875 seconds.
E1: {(198, 225), (37, 64), (171, 177), (29, 32), (167, 176), (171, 198), (36, 37), (152, 233), (198, 200), (231, 233), (171, 173), (173, 176), (228, 231), (36, 198), (173, 182), (135, 216), (166, 167), (27, 36), (36, 45), (224, 233), (14, 176), (216, 225), (225, 231), (27, 29), (223, 224)}
E2: {(106, 133), (109, 190), (162, 171), (78, 80), (29, 32), (0, 2), (190, 199), (190, 196), (171, 198), (100, 101), (238, 239), (117, 120), (198, 200), (63, 64), (162, 216), (2, 20), (77, 239), (2, 29), (157, 238), (20, 74), (89, 143), (77, 80), (36, 198), (43, 124), (20, 101), (135, 216), (198, 199), (100, 106), (80, 161), (91, 100), (36, 45), (196, 223), (117, 198), (36, 63), (0, 162), (74, 236), (124, 133), (25, 106), (59, 77), (152, 161), (211, 238), (143, 161), (74, 80), (195, 196), (20, 182)}
Obj: 27991

