Log for instance aco_tuning_out/inst27.txt.

Used ({'tau0': 1.3763468429827451e-06, 'xi': 0.13059886401904963, 'q0': 0.7970081104032578, 'alpha': 0.9961946895439933, 'beta': 0.8455334921092874, 'rho': 0.2687684260652423, 'ants': 32}) and found best instance after 22.640625 seconds.
E1: {(154, 155), (250, 254), (132, 164), (155, 187), (147, 155), (12, 28), (23, 31), (28, 30), (187, 191), (121, 249), (174, 175), (76, 204), (100, 116), (145, 209), (143, 175), (174, 190), (238, 254), (142, 143), (28, 60), (12, 76), (221, 253), (3, 131), (134, 142), (39, 47), (27, 155), (28, 29), (213, 215), (213, 221), (47, 111), (36, 100), (63, 191), (36, 164), (100, 228), (249, 253), (174, 238), (175, 191), (145, 147), (47, 63), (2, 34), (54, 62), (43, 47), (144, 145), (113, 121), (2, 3), (132, 134), (62, 63), (131, 147), (30, 31), (31, 63), (209, 213)}
E2: {(192, 194), (119, 127), (15, 143), (58, 59), (243, 251), (155, 187), (147, 155), (0, 2), (101, 109), (112, 240), (48, 112), (187, 191), (251, 255), (123, 127), (253, 255), (56, 58), (174, 175), (166, 174), (109, 125), (6, 14), (143, 175), (194, 202), (220, 221), (125, 127), (128, 144), (221, 253), (14, 15), (216, 220), (127, 255), (14, 30), (48, 56), (194, 226), (10, 14), (2, 10), (187, 251), (56, 57), (128, 192), (175, 191), (111, 127), (59, 123), (141, 143), (0, 128), (250, 251)}
Obj: 27351

