Log for instance aco_tuning_out/inst12.txt.

Used ({'tau0': 9.24915798617957e-06, 'xi': 0.05399113180694906, 'q0': 0.5348646852525689, 'alpha': 0.8177192610685395, 'beta': 1.9504865720120417, 'rho': 0.35361961105123524, 'ants': 16}) and found best instance after 20.5625 seconds.
E1: {(90, 91), (105, 107), (3, 4), (84, 87), (21, 22), (87, 89), (29, 32), (107, 134), (114, 115), (34, 43), (28, 109), (90, 96), (49, 211), (182, 188), (107, 188), (21, 48), (28, 29), (114, 123), (22, 49), (4, 166), (34, 115), (45, 48), (96, 105), (96, 123), (87, 96), (4, 22), (0, 3), (3, 84), (102, 105), (28, 34), (114, 195), (120, 123)}
E2: {(105, 107), (4, 58), (58, 59), (98, 107), (55, 136), (119, 200), (118, 119), (88, 106), (105, 186), (43, 52), (89, 98), (236, 242), (98, 152), (240, 242), (105, 106), (145, 148), (136, 145), (223, 241), (177, 186), (4, 5), (214, 241), (51, 52), (186, 240), (118, 145), (45, 51), (4, 166), (240, 241), (55, 58), (128, 134), (55, 64), (119, 128), (211, 214), (82, 88), (25, 106), (135, 136), (82, 109), (51, 78), (5, 32), (102, 105), (148, 157), (82, 136), (52, 214)}
Obj: 31206

