Log for instance aco_tuning_out/inst18.txt.

Used ({'tau0': 1.8744203829802787e-06, 'xi': 0.06974601013646063, 'q0': 0.6646227429685135, 'alpha': 0.837812461347453, 'beta': 0.9110718814664547, 'rho': 0.3627109167529502, 'ants': 14}) and found best instance after 13.96875 seconds.
E1: {(55, 63), (128, 136), (136, 137), (105, 107), (220, 222), (4, 6), (86, 87), (70, 198), (150, 151), (128, 160), (87, 95), (196, 197), (252, 253), (1, 3), (56, 58), (85, 213), (62, 126), (16, 80), (45, 61), (6, 70), (105, 109), (220, 221), (4, 5), (147, 151), (90, 218), (245, 253), (221, 253), (0, 1), (46, 62), (1, 5), (0, 16), (29, 61), (213, 215), (213, 221), (45, 109), (54, 118), (56, 57), (110, 238), (151, 215), (137, 201), (42, 46), (107, 111), (99, 107), (46, 110), (42, 58), (118, 126), (87, 215), (218, 222), (57, 61), (66, 70), (70, 86), (0, 128), (9, 137), (196, 198), (39, 55), (62, 63), (86, 118), (151, 159), (209, 213)}
E2: {(128, 136), (136, 137), (168, 172), (160, 168), (24, 152), (108, 109), (91, 123), (220, 222), (163, 179), (70, 198), (86, 87), (206, 238), (0, 2), (152, 154), (108, 124), (87, 95), (128, 160), (97, 105), (210, 214), (2, 66), (252, 253), (114, 118), (0, 8), (148, 150), (132, 133), (91, 95), (8, 24), (132, 148), (16, 80), (136, 200), (152, 184), (105, 109), (206, 222), (220, 221), (245, 253), (221, 253), (89, 91), (49, 113), (14, 30), (97, 101), (49, 177), (8, 72), (0, 16), (244, 245), (132, 196), (97, 113), (54, 118), (214, 222), (240, 244), (198, 214), (177, 179), (60, 124), (124, 252), (118, 126), (142, 206), (200, 232), (78, 206), (5, 133), (14, 142), (66, 70), (0, 128), (49, 51), (70, 86), (9, 137), (196, 198), (86, 118), (8, 40)}
Obj: 34376

