Log for instance aco_tuning_out/inst09.txt.

Used ({'tau0': 6.293660666238772e-06, 'xi': 0.0765998967889499, 'q0': 0.6265340995784354, 'alpha': 0.31196112568590606, 'beta': 0.6324794380700602, 'rho': 0.3069899243645694, 'ants': 19}) and found best instance after 30.703125 seconds.
E1: {(39, 201), (162, 171), (162, 168), (171, 177), (87, 89), (153, 156), (234, 236), (171, 198), (135, 153), (87, 168), (102, 156), (162, 216), (201, 202), (72, 78), (156, 157), (166, 169), (12, 39), (39, 120), (153, 234), (202, 205), (0, 162), (12, 14), (72, 153), (169, 223), (216, 234), (43, 205), (198, 201), (168, 169)}
E2: {(58, 59), (98, 107), (31, 32), (184, 211), (107, 134), (89, 98), (187, 188), (25, 187), (98, 152), (22, 184), (30, 39), (177, 186), (189, 195), (27, 189), (58, 76), (107, 188), (186, 188), (27, 30), (169, 187), (39, 120), (31, 58), (76, 157), (27, 45), (22, 76), (169, 223), (166, 169), (30, 31), (0, 27), (184, 187)}
Obj: 25281

