Log for instance aco_tuning_out/inst30.txt.

Used ({'tau_0': 7.199516623553175e-06, 'xi': 0.11757684122784635, 'q0': 0.8950304976400971, 'alpha': 1.7862372914817117, 'beta': 1.3396042945590478, 'rho': 0.08070539620138223, 'ants': 25}) and found best instance after 46.5625 seconds.
E1: {(163, 164), (118, 119), (171, 177), (64, 145), (38, 41), (176, 185), (171, 198), (236, 239), (134, 161), (198, 200), (185, 239), (158, 161), (102, 104), (201, 202), (171, 173), (173, 176), (164, 173), (120, 201), (36, 198), (25, 52), (0, 1), (38, 119), (118, 145), (196, 205), (205, 214), (109, 118), (14, 176), (91, 118), (158, 239), (202, 205), (32, 41), (211, 214), (1, 163), (104, 158), (152, 161), (195, 196), (36, 38), (198, 201), (52, 214)}
E2: {(166, 175), (145, 146), (163, 164), (175, 202), (118, 119), (38, 47), (20, 47), (198, 200), (201, 202), (72, 75), (136, 145), (156, 157), (20, 74), (36, 198), (191, 197), (0, 1), (164, 182), (64, 226), (195, 197), (38, 119), (118, 145), (19, 20), (198, 201), (164, 191), (109, 118), (75, 156), (72, 74), (128, 134), (119, 128), (91, 118), (146, 152), (1, 163), (74, 236), (145, 226), (201, 228), (135, 136), (19, 25), (36, 38), (45, 47), (175, 178), (1, 19), (177, 178)}
Obj: 32853

