Log for instance aco_tuning_out/inst27.txt.

Used ({'tau_0': 8.990632486830376e-06, 'xi': 0.09595706500151588, 'q0': 0.4417965567940394, 'alpha': 1.6457162341639056, 'beta': 1.8792939670585154, 'rho': 0.14228615039412212, 'ants': 30}) and found best instance after 35.921875 seconds.
E1: {(204, 220), (32, 34), (154, 158), (27, 59), (60, 62), (51, 59), (0, 2), (23, 31), (186, 250), (221, 223), (30, 158), (128, 132), (10, 42), (32, 36), (59, 63), (220, 221), (128, 144), (116, 124), (29, 31), (31, 95), (49, 113), (142, 158), (95, 223), (39, 47), (236, 238), (2, 10), (47, 111), (217, 249), (42, 43), (47, 63), (209, 217), (2, 34), (59, 187), (60, 124), (158, 190), (204, 236), (228, 236), (43, 59), (217, 221), (0, 128), (154, 186), (49, 51), (2, 3), (62, 63), (30, 31), (31, 63), (215, 223), (54, 62)}
E2: {(119, 127), (128, 136), (162, 226), (216, 218), (0, 2), (242, 243), (211, 243), (123, 127), (34, 162), (253, 255), (240, 242), (6, 14), (10, 42), (125, 127), (128, 144), (202, 218), (221, 253), (14, 15), (127, 255), (49, 113), (97, 101), (14, 30), (10, 14), (115, 119), (2, 10), (97, 113), (162, 166), (111, 127), (147, 211), (218, 250), (2, 34), (226, 242), (42, 58), (113, 115), (48, 49), (0, 128), (49, 57), (115, 243), (242, 250), (140, 141), (136, 140)}
Obj: 26178

