Log for instance aco_tuning_out/inst24.txt.

Used ({'tau_0': 6.916816029978271e-06, 'xi': 0.13109583259981678, 'q0': 0.7096508529113955, 'alpha': 0.8294099029859726, 'beta': 1.23731470593669, 'rho': 0.12314043168046776, 'ants': 23}) and found best instance after 42.578125 seconds.
E1: {(76, 92), (137, 139), (42, 106), (243, 251), (146, 154), (12, 13), (13, 45), (0, 2), (128, 160), (40, 56), (220, 252), (122, 250), (56, 58), (102, 110), (62, 126), (240, 242), (137, 141), (62, 190), (110, 126), (146, 147), (220, 221), (128, 144), (147, 151), (12, 76), (144, 146), (34, 42), (106, 122), (102, 103), (235, 251), (56, 57), (13, 141), (42, 43), (108, 110), (2, 34), (250, 251), (76, 108), (71, 103), (42, 58), (90, 122), (0, 128), (122, 126), (242, 250), (130, 146), (92, 220), (13, 15), (151, 159)}
E2: {(183, 191), (90, 94), (165, 167), (60, 62), (151, 183), (237, 253), (0, 2), (146, 178), (187, 191), (253, 255), (53, 181), (120, 122), (94, 222), (62, 126), (146, 147), (147, 151), (21, 85), (128, 144), (221, 253), (191, 255), (144, 146), (165, 181), (5, 21), (2, 10), (106, 122), (166, 167), (230, 231), (199, 231), (63, 191), (120, 121), (226, 230), (89, 121), (175, 191), (180, 181), (2, 34), (228, 230), (62, 63), (0, 128), (90, 122), (167, 183), (122, 126), (195, 199), (114, 122), (166, 230), (21, 53)}
Obj: 25896

