Log for instance aco_tuning_out/inst30.txt.

Used ({'tau_0': 9.563421643378381e-06, 'xi': 0.09724359984230846, 'q0': 0.3832373282206037, 'alpha': 0.33412689971093434, 'beta': 0.5388896399688413, 'rho': 0.11521783790776492, 'ants': 25}) and found best instance after 138.046875 seconds.
E1: {(29, 32), (171, 198), (11, 14), (18, 19), (18, 21), (29, 191), (189, 198), (28, 46), (110, 191), (171, 177), (189, 191), (191, 200), (146, 152), (128, 155), (46, 49), (21, 102), (189, 195), (0, 18), (145, 146), (28, 109), (28, 29), (128, 134), (117, 198), (9, 171), (91, 145), (9, 18), (64, 145), (9, 11), (117, 120), (49, 211), (146, 155), (110, 128), (19, 25), (155, 236)}
E2: {(18, 72), (145, 154), (225, 228), (166, 169), (181, 187), (181, 235), (146, 152), (181, 182), (128, 155), (0, 18), (145, 146), (135, 153), (72, 234), (136, 145), (168, 177), (168, 195), (169, 187), (153, 234), (128, 134), (154, 235), (153, 154), (91, 145), (225, 234), (154, 155), (128, 209), (64, 145), (154, 157), (200, 209), (109, 136), (45, 72), (19, 181), (19, 25), (168, 169), (155, 236)}
Obj: 29427

