Log for instance aco_tuning_out/inst27.txt.

Used ({'tau0': 6.293660666238772e-06, 'xi': 0.0765998967889499, 'q0': 0.6265340995784354, 'alpha': 0.31196112568590606, 'beta': 0.6324794380700602, 'rho': 0.3069899243645694, 'ants': 19}) and found best instance after 90.53125 seconds.
E1: {(204, 220), (154, 155), (132, 164), (154, 158), (155, 187), (220, 222), (3, 19), (113, 117), (144, 208), (28, 30), (158, 222), (19, 27), (85, 213), (30, 158), (249, 251), (62, 190), (220, 221), (164, 228), (28, 60), (142, 158), (39, 47), (19, 23), (236, 238), (28, 29), (27, 155), (213, 215), (213, 221), (187, 251), (47, 111), (36, 164), (47, 63), (116, 117), (2, 34), (54, 62), (158, 190), (204, 236), (43, 47), (85, 117), (228, 236), (208, 209), (2, 3), (62, 63), (250, 251), (209, 213)}
E2: {(119, 127), (105, 107), (15, 143), (58, 59), (243, 251), (220, 222), (216, 218), (176, 240), (144, 208), (97, 105), (123, 127), (251, 255), (48, 176), (158, 222), (30, 158), (6, 14), (220, 221), (125, 127), (151, 159), (147, 151), (202, 218), (14, 15), (127, 255), (208, 216), (14, 30), (97, 101), (57, 59), (143, 159), (10, 14), (144, 176), (226, 227), (226, 230), (111, 127), (218, 250), (59, 123), (107, 111), (141, 143), (218, 222), (166, 230), (227, 243), (250, 251)}
Obj: 25070

