Log for instance aco_tuning_out/inst03.txt.

Used ({'tau_0': 1.7311092028219667e-06, 'xi': 0.08252852050291277, 'q0': 0.30102382451999166, 'alpha': 1.4307200972470873, 'beta': 1.366990204180299, 'rho': 0.3910589486840866, 'ants': 12}) and found best instance after 8.75 seconds.
E1: {(204, 220), (128, 136), (15, 79), (136, 137), (201, 203), (47, 175), (101, 103), (211, 219), (4, 6), (60, 62), (0, 2), (201, 233), (113, 117), (210, 211), (77, 93), (39, 103), (65, 73), (4, 36), (53, 117), (6, 14), (73, 77), (7, 135), (202, 203), (220, 221), (164, 228), (20, 22), (21, 149), (14, 15), (15, 47), (208, 210), (24, 56), (39, 47), (10, 14), (187, 251), (2, 10), (92, 93), (208, 240), (6, 7), (36, 164), (56, 57), (56, 60), (147, 211), (203, 207), (6, 22), (20, 21), (54, 62), (77, 79), (4, 68), (203, 219), (0, 128), (9, 137), (103, 119), (219, 251), (21, 53), (195, 211), (93, 221), (22, 54), (232, 233), (79, 207)}
E2: {(128, 136), (177, 181), (197, 205), (132, 164), (32, 40), (200, 216), (98, 226), (154, 158), (156, 158), (16, 17), (12, 13), (180, 244), (13, 45), (150, 151), (5, 13), (164, 180), (0, 2), (12, 28), (39, 103), (107, 235), (140, 204), (34, 98), (148, 150), (158, 222), (132, 148), (160, 164), (32, 33), (136, 200), (16, 144), (201, 205), (10, 42), (32, 36), (128, 144), (198, 230), (12, 140), (15, 47), (208, 210), (208, 216), (28, 156), (9, 13), (39, 47), (103, 111), (244, 245), (2, 10), (13, 15), (128, 192), (226, 230), (32, 160), (180, 181), (2, 34), (42, 43), (47, 63), (140, 172), (107, 111), (99, 103), (98, 114), (107, 123), (16, 48), (0, 128), (204, 205), (166, 230), (132, 140), (151, 159), (136, 140)}
Obj: 36831

