Log for instance aco_tuning_out/inst30.txt.

Used ({'tau_0': 9.387858024888234e-06, 'xi': 0.14290215705758647, 'q0': 0.4917258290014144, 'alpha': 1.0227666505205433, 'beta': 1.168523363313268, 'rho': 0.2926263236671505, 'ants': 22}) and found best instance after 144.328125 seconds.
E1: {(93, 102), (109, 190), (20, 23), (190, 199), (38, 41), (97, 151), (190, 196), (10, 64), (236, 239), (11, 14), (11, 20), (185, 239), (151, 152), (11, 38), (93, 174), (16, 25), (120, 201), (36, 198), (0, 1), (20, 101), (10, 11), (198, 199), (91, 97), (174, 177), (193, 196), (128, 134), (23, 185), (32, 41), (16, 97), (193, 211), (174, 201), (199, 200), (10, 16), (195, 196), (101, 128), (1, 10), (36, 38), (198, 201)}
E2: {(1, 28), (109, 190), (226, 229), (228, 229), (190, 199), (148, 151), (29, 56), (27, 28), (166, 220), (199, 226), (151, 152), (209, 212), (200, 209), (148, 229), (189, 195), (56, 137), (27, 189), (209, 236), (135, 137), (0, 1), (134, 215), (64, 226), (182, 209), (28, 29), (174, 177), (27, 45), (91, 118), (220, 229), (199, 200), (28, 190), (19, 25), (174, 228), (118, 199), (212, 215), (148, 157), (1, 19)}
Obj: 32411

