Log for instance aco_tuning_out/inst24.txt.

Used ({'tau0': 7.199516623553175e-06, 'xi': 0.11757684122784635, 'q0': 0.8950304976400971, 'alpha': 1.7862372914817117, 'beta': 1.3396042945590478, 'rho': 0.08070539620138223, 'ants': 25}) and found best instance after 45.15625 seconds.
E1: {(76, 92), (42, 106), (99, 103), (90, 94), (243, 251), (107, 235), (146, 154), (15, 143), (43, 107), (12, 13), (13, 45), (0, 2), (128, 160), (252, 253), (92, 94), (40, 56), (122, 250), (244, 252), (56, 58), (62, 126), (249, 251), (62, 190), (10, 42), (128, 144), (12, 76), (221, 253), (144, 146), (143, 159), (106, 107), (2, 10), (106, 122), (249, 253), (56, 57), (240, 244), (13, 141), (139, 143), (2, 34), (76, 108), (141, 143), (99, 107), (71, 103), (42, 58), (94, 126), (0, 128), (122, 126), (130, 146), (250, 251)}
E2: {(55, 63), (90, 91), (90, 94), (196, 228), (165, 167), (60, 62), (237, 253), (0, 2), (178, 179), (147, 179), (179, 187), (253, 255), (53, 181), (120, 122), (94, 222), (62, 126), (249, 251), (85, 213), (166, 230), (128, 132), (128, 144), (221, 253), (165, 181), (89, 91), (0, 1), (167, 175), (179, 183), (1, 5), (198, 199), (187, 251), (132, 196), (106, 122), (166, 167), (213, 221), (230, 231), (53, 55), (199, 231), (2, 10), (55, 183), (249, 253), (226, 230), (180, 181), (2, 34), (94, 126), (0, 128), (122, 126), (195, 199), (196, 198), (114, 122), (62, 63)}
Obj: 27227

