Log for instance aco_tuning_out/inst03.txt.

Used ({'tau0': 1.6439317200303233e-06, 'xi': 0.07746694961935612, 'q0': 0.6106338054732293, 'alpha': 1.8489351800014946, 'beta': 0.9702307798494468, 'rho': 0.2665529796010956, 'ants': 30}) and found best instance after 24.78125 seconds.
E1: {(201, 203), (136, 137), (128, 136), (200, 201), (55, 63), (76, 92), (155, 187), (147, 155), (211, 219), (20, 148), (228, 244), (113, 117), (210, 211), (187, 191), (4, 36), (53, 117), (117, 245), (64, 65), (76, 204), (64, 68), (136, 200), (143, 175), (25, 153), (137, 153), (52, 54), (245, 253), (221, 253), (153, 155), (135, 143), (4, 20), (101, 117), (39, 47), (0, 4), (117, 119), (244, 245), (20, 52), (148, 149), (53, 55), (24, 25), (200, 202), (240, 244), (175, 191), (203, 207), (147, 211), (47, 63), (52, 53), (200, 232), (0, 64), (25, 57), (0, 128), (9, 137), (195, 211), (200, 204)}
E2: {(128, 136), (136, 137), (200, 201), (132, 164), (171, 235), (136, 152), (44, 45), (4, 6), (20, 148), (180, 244), (52, 180), (133, 141), (43, 171), (0, 2), (40, 44), (152, 154), (196, 197), (187, 191), (4, 36), (148, 150), (198, 206), (132, 148), (160, 164), (6, 14), (128, 132), (137, 141), (136, 200), (206, 222), (192, 196), (180, 182), (99, 227), (14, 15), (4, 20), (49, 177), (194, 226), (17, 145), (227, 235), (132, 196), (20, 52), (244, 245), (63, 191), (226, 227), (166, 182), (194, 198), (2, 34), (50, 114), (33, 49), (107, 111), (99, 107), (194, 210), (164, 172), (171, 187), (48, 49), (107, 123), (5, 133), (152, 216), (145, 177), (48, 52), (0, 128), (9, 137), (196, 198), (36, 44), (34, 50), (159, 191)}
Obj: 33762

