Log for instance aco_tuning_out/inst18.txt.

Used ({'tau_0': 3.0612586277534457e-06, 'xi': 0.1329622135219483, 'q0': 0.7756772068120196, 'alpha': 1.8931956829423289, 'beta': 1.9972080014998133, 'rho': 0.18753105830604566, 'ants': 22}) and found best instance after 17.265625 seconds.
E1: {(128, 136), (136, 137), (82, 90), (5, 7), (133, 141), (150, 151), (128, 160), (29, 157), (157, 221), (1, 3), (252, 253), (157, 159), (56, 58), (85, 213), (62, 126), (197, 213), (45, 61), (110, 111), (82, 83), (61, 63), (147, 151), (221, 253), (31, 95), (31, 159), (9, 13), (143, 159), (46, 62), (1, 5), (213, 215), (6, 7), (209, 211), (110, 238), (13, 141), (56, 57), (137, 201), (81, 83), (147, 211), (54, 62), (213, 245), (62, 63), (141, 143), (107, 111), (46, 110), (99, 107), (5, 133), (7, 39), (80, 81), (9, 137), (57, 61), (66, 82), (83, 211), (31, 63), (151, 159), (209, 213)}
E2: {(32, 40), (72, 76), (108, 109), (146, 154), (60, 62), (5, 13), (150, 151), (101, 109), (40, 44), (210, 211), (82, 114), (252, 253), (187, 191), (244, 252), (62, 126), (81, 89), (143, 175), (146, 147), (83, 115), (72, 200), (44, 108), (82, 86), (28, 60), (147, 151), (142, 143), (221, 253), (49, 113), (9, 13), (143, 159), (46, 62), (244, 245), (76, 78), (184, 188), (240, 244), (24, 28), (110, 238), (13, 141), (32, 160), (108, 110), (82, 210), (81, 83), (147, 211), (175, 191), (188, 252), (76, 108), (141, 143), (60, 188), (46, 110), (163, 171), (30, 62), (200, 232), (113, 115), (171, 187), (80, 81), (49, 51), (122, 126), (114, 122), (122, 123), (66, 82), (83, 211), (172, 188), (151, 159), (54, 62)}
Obj: 32115

