Log for instance aco_tuning_out/inst27.txt.

Used ({'tau0': 3.5413625395276035e-06, 'xi': 0.13677021617214064, 'q0': 0.40454797157881806, 'alpha': 1.9054287973649844, 'beta': 1.2761266989533575, 'rho': 0.43117638553854254, 'ants': 24}) and found best instance after 10.625 seconds.
E1: {(136, 137), (128, 136), (32, 34), (154, 158), (156, 158), (43, 171), (29, 157), (87, 95), (220, 252), (187, 191), (27, 31), (189, 191), (30, 158), (76, 204), (249, 251), (6, 14), (128, 132), (145, 209), (32, 36), (220, 221), (156, 157), (137, 153), (116, 124), (157, 189), (6, 38), (79, 111), (31, 95), (142, 158), (14, 30), (113, 241), (236, 238), (187, 251), (76, 78), (63, 191), (145, 153), (2, 34), (79, 95), (60, 124), (124, 252), (156, 220), (228, 236), (23, 87), (14, 78), (190, 191), (87, 215), (153, 157), (171, 187), (38, 54), (38, 39), (144, 145), (209, 241), (2, 3), (36, 38), (30, 31), (236, 252), (250, 251)}
E2: {(119, 127), (58, 59), (206, 238), (125, 253), (101, 109), (225, 227), (147, 179), (186, 250), (187, 191), (179, 187), (189, 191), (174, 175), (166, 174), (36, 52), (143, 175), (6, 14), (202, 206), (125, 127), (142, 143), (157, 189), (221, 253), (191, 255), (6, 38), (14, 15), (152, 153), (57, 59), (14, 30), (10, 14), (225, 241), (240, 241), (174, 238), (226, 227), (241, 243), (175, 191), (145, 153), (59, 123), (111, 127), (59, 187), (141, 143), (144, 145), (153, 157), (14, 142), (152, 216), (186, 187), (48, 52), (179, 243), (36, 38), (109, 111), (189, 253)}
Obj: 30771

