Log for instance aco_tuning_out/inst24.txt.

Used ({'tau_0': 6.651390889237055e-06, 'xi': 0.11158156951036152, 'q0': 0.3891327832249725, 'alpha': 0.5704086329673803, 'beta': 0.45022269695520334, 'rho': 0.05657845121910911, 'ants': 23}) and found best instance after 292.84375 seconds.
E1: {(176, 240), (146, 178), (122, 250), (58, 122), (57, 59), (32, 160), (2, 34), (154, 186), (92, 220), (12, 13), (0, 2), (128, 160), (186, 250), (220, 252), (7, 71), (128, 144), (139, 171), (106, 122), (76, 108), (162, 178), (43, 59), (186, 190), (130, 146), (76, 92), (146, 154), (43, 171), (34, 162), (12, 76), (143, 159), (144, 176), (139, 143), (58, 59), (171, 235), (15, 143), (32, 40), (13, 45), (242, 243), (220, 221), (144, 146), (178, 242), (13, 141), (7, 15), (141, 143), (90, 122)}
E2: {(81, 85), (146, 178), (5, 37), (120, 122), (90, 218), (181, 183), (166, 167), (63, 191), (81, 89), (2, 34), (218, 222), (114, 122), (191, 255), (165, 181), (106, 122), (230, 231), (53, 61), (37, 53), (10, 74), (90, 91), (187, 191), (253, 255), (146, 147), (74, 106), (60, 61), (221, 253), (114, 242), (2, 10), (199, 231), (180, 181), (228, 230), (226, 242), (167, 183), (195, 199), (183, 191), (237, 253), (167, 231), (53, 181), (144, 146), (89, 91), (178, 242), (226, 230), (175, 191), (90, 122)}
Obj: 26110

