Log for instance aco_tuning_out/inst21.txt.

Used ({'tau0': 8.613914963906393e-06, 'xi': 0.14574697859969848, 'q0': 0.4568549694035073, 'alpha': 1.0997466880204505, 'beta': 1.26467494952901, 'rho': 0.20648622793681415, 'ants': 10}) and found best instance after 19.75 seconds.
E1: {(166, 175), (175, 202), (29, 32), (38, 47), (29, 38), (176, 179), (20, 47), (67, 229), (198, 200), (201, 202), (98, 152), (223, 232), (36, 198), (98, 179), (108, 135), (20, 182), (175, 176), (177, 179), (64, 67), (14, 176), (229, 232), (201, 228), (108, 189), (202, 229), (36, 38), (45, 47), (198, 201), (189, 198)}
E2: {(43, 205), (18, 72), (28, 55), (190, 199), (120, 147), (29, 32), (199, 205), (29, 56), (27, 28), (152, 233), (55, 56), (223, 232), (89, 116), (28, 109), (172, 199), (18, 19), (148, 229), (72, 78), (147, 148), (108, 114), (108, 135), (19, 20), (205, 214), (27, 45), (91, 172), (55, 64), (229, 232), (205, 232), (211, 214), (182, 236), (45, 72), (199, 200), (28, 190), (114, 116), (56, 59), (19, 25), (0, 18), (148, 157), (114, 195), (20, 182), (232, 233), (27, 108)}
Obj: 28899

