Log for instance aco_tuning_out/inst12.txt.

Used ({'tau_0': 6.1953877645287985e-06, 'xi': 0.12592428493863295, 'q0': 0.5371346552036473, 'alpha': 0.6164150020009103, 'beta': 1.0047990339648631, 'rho': 0.10018538445968772, 'ants': 21}) and found best instance after 219.28125 seconds.
E1: {(111, 120), (81, 82), (111, 129), (207, 209), (210, 211), (84, 102), (84, 111), (5, 86), (0, 81), (195, 213), (129, 210), (81, 84), (84, 86), (86, 89), (45, 207), (182, 209), (205, 214), (82, 85), (82, 91), (85, 166), (207, 213), (207, 210), (82, 109), (129, 132), (5, 32), (213, 214), (132, 134), (43, 205)}
E2: {(83, 110), (236, 242), (38, 119), (81, 135), (174, 201), (5, 32), (198, 201), (81, 82), (210, 211), (109, 110), (82, 83), (223, 241), (79, 160), (36, 198), (78, 79), (25, 79), (36, 38), (37, 64), (5, 59), (184, 238), (198, 200), (86, 89), (238, 241), (174, 177), (110, 119), (207, 210), (83, 86), (37, 43), (166, 184), (160, 241), (36, 37), (5, 86), (134, 161), (161, 242), (183, 184), (160, 161), (102, 183), (45, 207), (174, 183), (201, 210), (152, 161), (157, 160)}
Obj: 28914

