Log for instance aco_tuning_out/inst24.txt.

Used ({'tau0': 5.888779735025123e-06, 'xi': 0.14210673593322504, 'q0': 0.5532221197439141, 'alpha': 1.4492226579119356, 'beta': 1.732090480737235, 'rho': 0.42744550361996797, 'ants': 10}) and found best instance after 5.171875 seconds.
E1: {(128, 130), (90, 91), (55, 63), (250, 254), (99, 103), (154, 158), (107, 235), (44, 45), (43, 107), (126, 254), (40, 44), (0, 2), (176, 240), (252, 253), (121, 249), (34, 98), (91, 95), (93, 95), (120, 122), (62, 126), (45, 61), (62, 190), (58, 122), (128, 144), (12, 76), (221, 253), (15, 47), (31, 95), (31, 159), (179, 183), (143, 159), (46, 62), (92, 93), (106, 122), (144, 176), (55, 183), (120, 121), (249, 253), (32, 96), (32, 160), (47, 63), (139, 143), (108, 110), (98, 99), (2, 34), (43, 47), (76, 108), (141, 143), (99, 107), (46, 110), (71, 103), (0, 128), (57, 61), (179, 243), (122, 126), (62, 63), (12, 44), (158, 159), (31, 63), (96, 98)}
E2: {(76, 92), (71, 87), (90, 94), (67, 71), (165, 167), (4, 6), (4, 12), (52, 180), (237, 253), (0, 2), (87, 95), (92, 94), (252, 253), (147, 179), (238, 239), (78, 110), (179, 187), (91, 95), (53, 181), (231, 239), (6, 14), (238, 254), (206, 222), (128, 144), (12, 76), (221, 253), (67, 195), (176, 178), (52, 60), (88, 120), (165, 181), (89, 91), (31, 95), (69, 85), (106, 110), (179, 183), (10, 14), (2, 10), (85, 87), (230, 231), (166, 167), (144, 176), (110, 238), (88, 92), (226, 230), (108, 110), (180, 181), (2, 34), (50, 114), (228, 230), (76, 108), (50, 178), (254, 255), (5, 69), (78, 206), (0, 128), (167, 183), (252, 254), (166, 230), (94, 95), (31, 63), (175, 239)}
Obj: 34766

