Log for instance aco_tuning_out/inst21.txt.

Used ({'tau0': 8.753936472387218e-06, 'xi': 0.09720016068128765, 'q0': 0.8231293796694477, 'alpha': 0.5431396504147108, 'beta': 1.6359800101718294, 'rho': 0.1536282766541045, 'ants': 15}) and found best instance after 66.90625 seconds.
E1: {(171, 174), (11, 173), (31, 32), (137, 218), (217, 223), (217, 220), (171, 198), (11, 14), (166, 220), (171, 173), (164, 173), (36, 198), (135, 137), (164, 182), (55, 217), (173, 200), (31, 58), (36, 45), (55, 58), (174, 177), (164, 218), (137, 146), (55, 64), (146, 152), (217, 218), (174, 228)}
E2: {(58, 59), (0, 54), (31, 32), (83, 137), (171, 198), (54, 55), (83, 164), (171, 173), (82, 83), (200, 209), (209, 215), (51, 52), (120, 201), (164, 173), (36, 198), (25, 52), (58, 76), (135, 137), (209, 236), (164, 182), (173, 200), (205, 214), (196, 205), (31, 58), (27, 36), (36, 45), (55, 58), (76, 157), (196, 223), (137, 146), (27, 54), (146, 152), (55, 64), (82, 91), (211, 214), (82, 109), (83, 89), (51, 78), (195, 196), (214, 215), (43, 205), (198, 201), (52, 214)}
Obj: 26741

