Log for instance aco_tuning_out/inst18.txt.

Used ({'tau_0': 5.341643627837584e-06, 'xi': 0.12828902895224037, 'q0': 0.5825040751853071, 'alpha': 1.680352012001748, 'beta': 1.7927432976473112, 'rho': 0.24781837895583786, 'ants': 32}) and found best instance after 35.546875 seconds.
E1: {(150, 151), (0, 2), (128, 160), (87, 95), (2, 66), (1, 3), (1, 9), (252, 253), (148, 150), (132, 148), (85, 213), (14, 46), (197, 213), (45, 61), (6, 14), (128, 132), (110, 126), (58, 122), (209, 213), (61, 63), (147, 151), (245, 253), (46, 47), (0, 1), (39, 47), (10, 14), (1, 5), (2, 10), (29, 61), (213, 215), (85, 87), (54, 118), (110, 238), (151, 215), (137, 201), (47, 63), (107, 111), (213, 245), (84, 85), (99, 107), (46, 110), (118, 126), (80, 84), (0, 128), (9, 137), (90, 122), (122, 126), (57, 61), (151, 159), (47, 111)}
E2: {(232, 236), (154, 155), (56, 184), (91, 123), (147, 155), (0, 2), (128, 160), (2, 66), (82, 114), (40, 56), (114, 118), (83, 91), (148, 150), (8, 24), (78, 110), (1, 9), (172, 236), (252, 253), (132, 148), (128, 132), (110, 126), (82, 83), (83, 115), (82, 86), (245, 253), (221, 253), (80, 82), (89, 91), (0, 1), (14, 30), (97, 101), (8, 72), (10, 14), (1, 5), (236, 238), (2, 10), (244, 245), (97, 113), (54, 118), (110, 238), (240, 244), (56, 60), (108, 110), (82, 210), (147, 211), (51, 115), (131, 163), (118, 126), (113, 115), (14, 142), (8, 10), (0, 128), (66, 82), (83, 211), (131, 147), (236, 252), (8, 40)}
Obj: 29452

