Log for instance aco_tuning_out/inst27.txt.

Used ({'tau0': 4.498936448740942e-06, 'xi': 0.13853729626942535, 'q0': 0.527822666374638, 'alpha': 1.6196713237028468, 'beta': 0.6656100225587412, 'rho': 0.18622598889901743, 'ants': 24}) and found best instance after 27.453125 seconds.
E1: {(154, 155), (105, 107), (146, 154), (155, 187), (43, 107), (35, 39), (60, 62), (23, 31), (121, 249), (27, 31), (142, 174), (249, 251), (100, 116), (62, 190), (174, 190), (146, 147), (211, 215), (29, 31), (105, 121), (221, 253), (134, 142), (144, 146), (236, 238), (27, 155), (187, 251), (36, 100), (174, 238), (100, 228), (209, 211), (249, 253), (147, 211), (204, 236), (107, 111), (35, 43), (228, 236), (34, 35), (113, 121), (3, 35), (132, 134), (62, 63), (30, 31), (31, 63), (250, 251), (54, 62)}
E2: {(105, 107), (243, 251), (98, 226), (50, 58), (216, 218), (0, 2), (176, 240), (97, 105), (57, 121), (114, 115), (146, 178), (121, 249), (57, 185), (178, 182), (48, 176), (253, 255), (249, 251), (137, 141), (6, 14), (146, 147), (137, 153), (128, 144), (202, 218), (105, 121), (221, 253), (14, 15), (144, 146), (121, 123), (97, 101), (14, 30), (10, 14), (115, 119), (2, 10), (144, 176), (249, 253), (153, 185), (166, 182), (218, 250), (50, 114), (107, 111), (50, 178), (98, 114), (121, 125), (0, 128), (115, 243), (250, 251)}
Obj: 25928

