Log for instance aco_tuning_out/inst06.txt.

Used ({'tau0': 5.888779735025123e-06, 'xi': 0.14210673593322504, 'q0': 0.5532221197439141, 'alpha': 1.4492226579119356, 'beta': 1.732090480737235, 'rho': 0.42744550361996797, 'ants': 10}) and found best instance after 5.359375 seconds.
E1: {(128, 136), (47, 175), (210, 242), (24, 152), (136, 152), (220, 222), (206, 238), (228, 244), (0, 2), (129, 131), (97, 105), (121, 249), (83, 91), (2, 130), (172, 236), (53, 117), (238, 239), (212, 220), (206, 207), (128, 129), (85, 213), (240, 242), (6, 14), (136, 200), (174, 190), (105, 109), (206, 222), (220, 221), (180, 182), (180, 188), (175, 239), (105, 121), (3, 131), (101, 117), (89, 91), (97, 101), (39, 47), (114, 242), (83, 87), (172, 174), (10, 14), (2, 10), (213, 215), (109, 237), (240, 244), (110, 238), (151, 215), (89, 121), (128, 192), (166, 182), (140, 172), (85, 117), (46, 110), (228, 236), (23, 87), (46, 174), (200, 232), (78, 206), (0, 128), (236, 237), (135, 151), (45, 47), (172, 188), (136, 140)}
E2: {(193, 195), (160, 168), (132, 164), (193, 201), (148, 212), (108, 109), (156, 158), (20, 148), (4, 12), (70, 198), (20, 84), (101, 109), (3, 19), (97, 105), (1, 3), (187, 191), (83, 91), (189, 191), (68, 84), (174, 175), (160, 164), (148, 156), (174, 190), (193, 197), (105, 109), (32, 36), (83, 115), (163, 227), (148, 180), (4, 5), (212, 244), (12, 76), (18, 19), (26, 90), (89, 91), (170, 171), (170, 174), (40, 168), (1, 5), (10, 14), (244, 245), (132, 196), (115, 119), (2, 10), (230, 231), (10, 26), (32, 96), (226, 230), (32, 160), (163, 171), (2, 34), (164, 166), (158, 190), (195, 227), (76, 108), (12, 14), (171, 187), (17, 19), (66, 70), (129, 193), (1, 129), (196, 198), (227, 231), (97, 225), (19, 83), (166, 230), (158, 159)}
Obj: 39112

