Log for instance aco_tuning_out/inst12.txt.

Used ({'tau0': 6.916816029978271e-06, 'xi': 0.13109583259981678, 'q0': 0.7096508529113955, 'alpha': 0.8294099029859726, 'beta': 1.23731470593669, 'rho': 0.12314043168046776, 'ants': 23}) and found best instance after 144.125 seconds.
E1: {(81, 82), (28, 46), (3, 4), (93, 120), (34, 196), (31, 32), (84, 93), (84, 102), (34, 43), (0, 81), (45, 46), (81, 84), (83, 164), (82, 83), (31, 34), (164, 182), (134, 215), (4, 166), (196, 214), (82, 91), (211, 214), (82, 109), (3, 84), (4, 31), (83, 89), (195, 196), (214, 215), (28, 34)}
E2: {(81, 82), (145, 146), (3, 4), (4, 58), (58, 59), (171, 177), (31, 32), (64, 145), (43, 52), (153, 156), (234, 236), (84, 102), (135, 153), (81, 84), (83, 164), (82, 83), (171, 173), (223, 241), (156, 157), (214, 241), (51, 52), (164, 173), (25, 52), (134, 215), (118, 145), (173, 200), (45, 51), (153, 234), (4, 166), (109, 118), (240, 241), (81, 135), (211, 214), (146, 152), (82, 109), (3, 84), (4, 31), (234, 240), (83, 89), (51, 78), (214, 215), (52, 214)}
Obj: 28162

