Log for instance aco_tuning_out/inst15.txt.

Used ({'tau0': 4.324890613407541e-06, 'xi': 0.12290267674013398, 'q0': 0.47304418264323866, 'alpha': 0.9643516325370455, 'beta': 0.8937714391186662, 'rho': 0.17837160642396882, 'ants': 18}) and found best instance after 51.390625 seconds.
E1: {(171, 174), (171, 177), (64, 145), (216, 218), (145, 148), (171, 173), (195, 222), (72, 78), (164, 173), (118, 124), (43, 124), (54, 216), (164, 182), (173, 200), (118, 145), (109, 118), (164, 218), (91, 118), (54, 72), (199, 200), (216, 222), (174, 228), (118, 199), (148, 157)}
E2: {(189, 216), (37, 64), (171, 177), (0, 54), (11, 173), (66, 228), (216, 218), (11, 14), (57, 66), (131, 134), (112, 130), (11, 20), (218, 236), (83, 164), (11, 38), (171, 173), (82, 83), (85, 112), (72, 78), (164, 173), (54, 216), (57, 59), (164, 182), (135, 216), (173, 200), (37, 38), (19, 20), (54, 57), (109, 112), (130, 211), (164, 218), (82, 85), (54, 72), (85, 166), (45, 72), (32, 59), (130, 131), (83, 89), (19, 25), (189, 195), (37, 43)}
Obj: 26322

