Log for instance aco_tuning_out/inst27.txt.

Used ({'tau0': 1.6439317200303233e-06, 'xi': 0.07746694961935612, 'q0': 0.6106338054732293, 'alpha': 1.8489351800014946, 'beta': 0.9702307798494468, 'rho': 0.2665529796010956, 'ants': 30}) and found best instance after 19.359375 seconds.
E1: {(185, 249), (105, 107), (32, 34), (154, 158), (108, 109), (114, 242), (60, 62), (142, 158), (48, 112), (114, 118), (48, 176), (187, 191), (198, 206), (76, 204), (185, 187), (62, 190), (105, 109), (83, 115), (32, 36), (108, 236), (28, 60), (29, 31), (245, 253), (221, 253), (14, 15), (15, 47), (14, 30), (31, 159), (10, 11), (39, 47), (112, 114), (10, 14), (83, 87), (11, 27), (2, 10), (132, 196), (76, 78), (213, 215), (28, 29), (54, 118), (144, 176), (151, 215), (110, 238), (108, 110), (2, 34), (11, 43), (54, 62), (107, 111), (76, 108), (213, 245), (3, 11), (158, 190), (228, 236), (14, 78), (190, 191), (113, 115), (78, 206), (23, 151), (87, 215), (112, 116), (196, 198), (242, 250), (62, 63), (30, 31), (151, 159), (209, 213)}
E2: {(119, 127), (105, 107), (132, 164), (15, 143), (243, 251), (108, 109), (216, 218), (101, 109), (48, 176), (253, 255), (198, 206), (56, 58), (249, 251), (240, 248), (109, 125), (6, 14), (202, 206), (10, 42), (105, 109), (151, 159), (147, 151), (198, 230), (221, 253), (248, 249), (14, 15), (127, 255), (176, 184), (48, 56), (143, 159), (31, 159), (132, 196), (76, 78), (123, 251), (144, 176), (56, 57), (249, 253), (226, 230), (111, 127), (218, 250), (164, 166), (107, 111), (76, 108), (141, 143), (42, 58), (14, 78), (78, 206), (196, 198), (30, 31), (250, 251), (184, 248)}
Obj: 32146

