Log for instance aco_tuning_out/inst12.txt.

Used ({'tau0': 1.34326092400037e-06, 'xi': 0.13441645763893803, 'q0': 0.4083523399061119, 'alpha': 0.5070175800996563, 'beta': 0.9994669821848109, 'rho': 0.2873914507152631, 'ants': 17}) and found best instance after 75.390625 seconds.
E1: {(162, 165), (108, 109), (84, 87), (93, 120), (162, 180), (87, 89), (84, 93), (121, 124), (84, 102), (162, 189), (180, 207), (130, 133), (121, 130), (3, 165), (165, 166), (180, 182), (133, 134), (94, 121), (43, 124), (45, 207), (91, 94), (93, 94), (130, 211), (3, 5), (108, 189), (0, 3), (3, 84), (5, 32), (189, 195)}
E2: {(166, 184), (55, 136), (128, 209), (119, 200), (42, 51), (15, 42), (184, 211), (83, 137), (61, 79), (82, 83), (103, 157), (78, 79), (135, 137), (209, 236), (100, 103), (103, 184), (45, 51), (102, 103), (25, 79), (55, 61), (128, 134), (42, 43), (137, 146), (119, 128), (55, 64), (59, 62), (146, 152), (61, 62), (119, 146), (82, 100), (32, 59), (82, 109), (15, 177), (83, 89), (51, 78), (82, 136), (61, 223)}
Obj: 29924

