Log for instance aco_tuning_out/inst18.txt.

Used ({'tau_0': 4.426929263156353e-06, 'xi': 0.06025838234537617, 'q0': 0.705001489203017, 'alpha': 1.7379886783859488, 'beta': 1.7095931918554976, 'rho': 0.10716913974093385, 'ants': 23}) and found best instance after 43.421875 seconds.
E1: {(128, 136), (136, 137), (81, 85), (58, 62), (150, 151), (3, 19), (0, 2), (128, 160), (2, 66), (252, 253), (1, 3), (85, 213), (62, 126), (197, 213), (45, 61), (209, 213), (61, 63), (147, 151), (245, 253), (31, 95), (31, 159), (39, 47), (46, 62), (1, 5), (66, 74), (29, 61), (213, 215), (74, 90), (110, 238), (151, 215), (137, 201), (47, 63), (81, 83), (54, 62), (107, 111), (213, 245), (99, 107), (46, 110), (80, 81), (57, 61), (0, 128), (9, 137), (2, 3), (19, 83), (2, 6), (62, 63), (31, 63), (151, 159), (47, 111)}
E2: {(168, 172), (128, 136), (136, 137), (160, 168), (243, 251), (146, 154), (168, 184), (60, 62), (163, 179), (0, 2), (128, 160), (3, 19), (2, 66), (252, 253), (114, 118), (1, 3), (8, 24), (78, 110), (168, 232), (62, 126), (146, 150), (19, 51), (245, 253), (221, 253), (22, 86), (14, 30), (22, 150), (8, 72), (97, 101), (46, 62), (1, 5), (8, 136), (244, 245), (97, 113), (123, 251), (54, 118), (110, 238), (240, 244), (146, 210), (108, 110), (81, 83), (81, 89), (188, 252), (60, 188), (46, 110), (51, 179), (22, 30), (14, 142), (80, 81), (0, 128), (9, 137), (81, 113), (2, 3), (179, 243), (19, 83), (22, 54), (172, 188), (54, 62), (8, 40)}
Obj: 29022

