Log for instance aco_tuning_out/inst06.txt.

Used ({'tau0': 9.84719681858141e-06, 'xi': 0.07010842379960239, 'q0': 0.6134461647846249, 'alpha': 1.8618032848172066, 'beta': 0.8495777604552623, 'rho': 0.35523900559656113, 'ants': 21}) and found best instance after 12.0 seconds.
E1: {(128, 136), (136, 137), (200, 201), (24, 152), (136, 152), (211, 219), (84, 212), (0, 2), (129, 137), (87, 95), (82, 114), (83, 91), (2, 130), (157, 159), (238, 239), (91, 95), (78, 110), (37, 39), (158, 222), (53, 181), (37, 45), (174, 175), (207, 239), (83, 211), (249, 251), (6, 14), (82, 83), (105, 109), (180, 182), (192, 208), (89, 91), (31, 95), (31, 159), (10, 14), (172, 174), (2, 10), (85, 87), (45, 109), (109, 237), (208, 240), (110, 238), (37, 53), (128, 192), (137, 201), (166, 182), (180, 181), (82, 210), (237, 239), (158, 190), (84, 85), (46, 110), (182, 190), (23, 87), (14, 78), (200, 232), (0, 128), (219, 251), (2, 3), (135, 151), (157, 221), (158, 159), (151, 159), (175, 239)}
E2: {(128, 136), (136, 137), (193, 195), (132, 164), (188, 190), (82, 90), (163, 179), (70, 198), (86, 87), (0, 2), (87, 95), (193, 225), (1, 3), (156, 188), (179, 187), (91, 95), (196, 212), (132, 148), (148, 156), (87, 119), (143, 175), (0, 32), (193, 197), (212, 244), (82, 86), (128, 144), (198, 230), (188, 189), (148, 180), (89, 91), (170, 171), (31, 95), (31, 159), (97, 101), (143, 159), (17, 145), (1, 5), (198, 199), (132, 196), (244, 245), (2, 10), (68, 196), (129, 145), (199, 231), (36, 164), (32, 96), (226, 230), (137, 201), (2, 34), (171, 175), (144, 145), (171, 187), (144, 148), (8, 10), (66, 70), (0, 128), (70, 86), (1, 129), (196, 198), (97, 225), (197, 199), (2, 18), (166, 230), (8, 40)}
Obj: 37026

