Log for instance aco_tuning_out/inst18.txt.

Used ({'tau0': 6.1953877645287985e-06, 'xi': 0.12592428493863295, 'q0': 0.5371346552036473, 'alpha': 0.6164150020009103, 'beta': 1.0047990339648631, 'rho': 0.10018538445968772, 'ants': 21}) and found best instance after 253.390625 seconds.
E1: {(193, 201), (82, 90), (58, 62), (13, 45), (5, 13), (150, 151), (0, 2), (128, 160), (2, 66), (252, 253), (85, 213), (62, 126), (197, 213), (45, 61), (209, 213), (110, 126), (193, 197), (147, 151), (3, 67), (245, 253), (159, 223), (80, 82), (39, 47), (95, 223), (9, 13), (46, 62), (29, 61), (213, 215), (110, 238), (151, 215), (111, 127), (54, 62), (107, 111), (213, 245), (99, 107), (126, 127), (57, 61), (0, 128), (67, 99), (2, 3), (2, 6), (45, 47), (62, 63), (66, 82), (95, 127), (215, 223), (47, 111)}
E2: {(56, 184), (232, 236), (72, 76), (108, 109), (146, 154), (12, 13), (60, 62), (5, 13), (35, 51), (101, 109), (176, 240), (112, 240), (82, 114), (40, 56), (252, 253), (172, 236), (115, 123), (62, 126), (146, 150), (110, 126), (160, 176), (82, 86), (108, 236), (12, 76), (35, 163), (245, 253), (221, 253), (24, 56), (80, 82), (14, 30), (176, 184), (9, 13), (236, 238), (76, 78), (110, 238), (56, 60), (146, 210), (82, 210), (81, 89), (12, 14), (76, 108), (51, 115), (113, 115), (112, 113), (14, 142), (80, 81), (81, 113), (66, 82), (236, 252), (54, 62)}
Obj: 28169

