Log for instance aco_tuning_out/inst27.txt.

Used ({'tau0': 9.563421643378381e-06, 'xi': 0.09724359984230846, 'q0': 0.3832373282206037, 'alpha': 0.33412689971093434, 'beta': 0.5388896399688413, 'rho': 0.11521783790776492, 'ants': 25}) and found best instance after 261.5625 seconds.
E1: {(27, 59), (113, 117), (61, 63), (29, 61), (217, 249), (218, 250), (59, 187), (158, 190), (7, 23), (60, 62), (110, 111), (249, 251), (62, 190), (59, 63), (154, 218), (211, 215), (187, 251), (132, 196), (47, 63), (116, 117), (217, 221), (7, 39), (38, 54), (36, 38), (47, 111), (196, 228), (146, 154), (211, 219), (3, 7), (38, 102), (100, 116), (100, 228), (110, 238), (209, 217), (43, 47), (218, 219), (34, 38), (100, 102), (62, 63), (250, 251), (102, 110), (30, 158), (144, 146), (142, 158), (39, 47), (196, 204)}
E2: {(119, 127), (15, 79), (146, 154), (101, 103), (125, 253), (216, 218), (242, 243), (123, 127), (122, 250), (56, 58), (240, 242), (6, 14), (166, 230), (146, 147), (58, 122), (154, 218), (125, 127), (202, 218), (221, 253), (14, 15), (79, 111), (127, 255), (144, 146), (14, 30), (48, 56), (10, 14), (56, 57), (13, 141), (226, 230), (111, 127), (218, 250), (226, 242), (103, 119), (122, 123), (242, 250), (13, 15)}
Obj: 24779

