Log for instance aco_tuning_out/inst30.txt.

Used ({'tau0': 7.271888129177242e-06, 'xi': 0.05984220487362216, 'q0': 0.5127813632941683, 'alpha': 0.28049908432308224, 'beta': 1.9767044196304102, 'rho': 0.05712818954691315, 'ants': 28}) and found best instance after 299.28125 seconds.
E1: {(207, 209), (171, 198), (66, 69), (173, 179), (42, 123), (134, 215), (123, 150), (123, 125), (5, 32), (198, 201), (81, 82), (33, 42), (118, 119), (2, 164), (20, 26), (0, 2), (84, 102), (218, 236), (2, 20), (81, 84), (82, 83), (173, 176), (164, 173), (33, 195), (198, 207), (25, 26), (39, 201), (119, 200), (208, 211), (125, 152), (39, 66), (83, 164), (136, 145), (209, 215), (164, 218), (14, 176), (82, 91), (127, 208), (64, 145), (69, 150), (2, 5), (171, 173), (118, 127), (118, 145), (39, 120), (177, 179), (82, 109), (82, 136)}
E2: {(116, 125), (207, 209), (116, 134), (171, 198), (76, 79), (112, 139), (200, 227), (81, 135), (173, 227), (81, 82), (171, 177), (0, 2), (58, 220), (218, 236), (81, 84), (82, 83), (79, 160), (164, 173), (219, 228), (36, 198), (58, 76), (4, 166), (197, 206), (25, 79), (198, 207), (37, 64), (83, 164), (209, 215), (154, 160), (195, 197), (109, 112), (2, 83), (164, 218), (82, 91), (58, 139), (219, 220), (3, 4), (4, 58), (83, 101), (101, 182), (36, 37), (160, 161), (154, 157), (171, 173), (45, 207), (125, 206), (206, 215), (152, 161), (3, 84)}
Obj: 38145

