Log for instance aco_tuning_out/inst27.txt.

Used ({'tau0': 1.3887935962446564e-06, 'xi': 0.06336511258122715, 'q0': 0.5149941610044446, 'alpha': 1.5531450358806447, 'beta': 0.41875271579630713, 'rho': 0.16981098283759344, 'ants': 13}) and found best instance after 10.921875 seconds.
E1: {(204, 220), (154, 155), (147, 155), (86, 87), (20, 84), (228, 244), (0, 2), (28, 30), (187, 191), (179, 187), (249, 251), (62, 190), (128, 132), (220, 221), (128, 144), (147, 151), (28, 60), (20, 22), (46, 47), (221, 253), (36, 44), (22, 86), (49, 113), (14, 30), (39, 47), (49, 177), (46, 62), (244, 245), (27, 155), (28, 29), (213, 215), (84, 116), (213, 221), (47, 111), (63, 191), (151, 215), (110, 238), (249, 253), (177, 179), (2, 34), (213, 245), (43, 47), (44, 46), (46, 110), (23, 87), (30, 62), (38, 39), (87, 215), (22, 30), (14, 142), (38, 54), (0, 128), (2, 3), (34, 38), (62, 63), (250, 251), (209, 213)}
E2: {(102, 230), (119, 127), (243, 251), (155, 187), (101, 103), (147, 155), (133, 135), (133, 141), (125, 253), (144, 208), (48, 112), (123, 127), (187, 191), (57, 185), (78, 110), (93, 95), (102, 110), (185, 187), (6, 14), (202, 206), (10, 42), (146, 147), (147, 151), (93, 125), (221, 253), (191, 255), (144, 146), (127, 255), (31, 95), (208, 216), (14, 30), (10, 14), (115, 119), (102, 103), (123, 251), (208, 240), (226, 230), (111, 127), (15, 31), (42, 58), (113, 115), (78, 206), (112, 113), (103, 119), (135, 151), (166, 230), (30, 31), (95, 127), (250, 251)}
Obj: 31701

