Log for instance aco_tuning_out/inst15.txt.

Used ({'tau_0': 6.916816029978271e-06, 'xi': 0.13109583259981678, 'q0': 0.7096508529113955, 'alpha': 0.8294099029859726, 'beta': 1.23731470593669, 'rho': 0.12314043168046776, 'ants': 23}) and found best instance after 85.796875 seconds.
E1: {(171, 177), (159, 160), (64, 145), (171, 198), (78, 159), (195, 204), (157, 160), (171, 173), (204, 231), (228, 231), (118, 124), (43, 124), (173, 182), (118, 145), (198, 199), (109, 118), (151, 160), (91, 118), (199, 200), (124, 151), (118, 199), (198, 204)}
E2: {(162, 171), (171, 177), (20, 23), (166, 193), (23, 77), (199, 205), (171, 198), (234, 236), (75, 78), (205, 206), (11, 20), (162, 216), (64, 65), (83, 164), (11, 38), (162, 164), (228, 231), (36, 198), (75, 77), (11, 65), (164, 182), (134, 215), (135, 216), (198, 199), (19, 20), (196, 205), (177, 231), (36, 45), (109, 118), (193, 196), (206, 215), (0, 162), (193, 211), (199, 200), (14, 23), (32, 59), (59, 77), (83, 89), (19, 25), (118, 199), (195, 196), (36, 38), (216, 234), (43, 205)}
Obj: 26142

