Log for instance aco_tuning_out/inst18.txt.

Used ({'tau_0': 4.060261844275314e-06, 'xi': 0.08488866370438058, 'q0': 0.7517708033130077, 'alpha': 0.7568921075953849, 'beta': 1.442677676309637, 'rho': 0.31238065733584786, 'ants': 26}) and found best instance after 37.609375 seconds.
E1: {(136, 137), (128, 136), (81, 85), (58, 62), (70, 198), (5, 13), (128, 160), (210, 211), (196, 197), (1, 3), (156, 188), (148, 150), (83, 211), (132, 148), (85, 213), (62, 126), (197, 213), (45, 61), (128, 132), (209, 213), (6, 70), (13, 29), (148, 156), (61, 63), (90, 218), (31, 95), (31, 159), (9, 13), (39, 47), (46, 62), (1, 5), (132, 196), (29, 61), (213, 215), (47, 111), (110, 238), (137, 201), (47, 63), (81, 83), (147, 211), (107, 111), (213, 245), (188, 252), (99, 107), (46, 110), (80, 81), (9, 137), (66, 70), (57, 61), (210, 218), (196, 198), (62, 63), (31, 63), (54, 62)}
E2: {(168, 172), (128, 136), (136, 137), (160, 168), (72, 76), (146, 154), (168, 184), (163, 179), (70, 198), (5, 13), (128, 160), (210, 211), (114, 115), (252, 253), (148, 150), (115, 123), (244, 252), (132, 148), (168, 232), (62, 126), (16, 80), (128, 132), (146, 150), (110, 126), (83, 115), (221, 253), (70, 78), (40, 168), (9, 13), (97, 101), (244, 245), (132, 196), (140, 142), (76, 78), (97, 113), (240, 244), (110, 238), (146, 210), (16, 24), (108, 110), (81, 83), (81, 89), (54, 62), (188, 252), (76, 108), (51, 115), (60, 188), (51, 179), (30, 62), (113, 115), (80, 81), (9, 137), (66, 70), (70, 86), (196, 198), (83, 211), (172, 188), (136, 140)}
Obj: 30260

