Log for instance aco_tuning_out/inst30.txt.

Used ({'tau0': 7.812894719628246e-06, 'xi': 0.0766649900567211, 'q0': 0.3937027431240757, 'alpha': 1.3517471324904988, 'beta': 1.9563494025351882, 'rho': 0.17338412974172868, 'ants': 20}) and found best instance after 230.578125 seconds.
E1: {(120, 129), (145, 146), (68, 149), (226, 235), (14, 68), (119, 200), (102, 129), (118, 119), (29, 32), (129, 131), (131, 134), (117, 120), (189, 191), (117, 123), (16, 25), (15, 96), (191, 200), (64, 226), (118, 145), (235, 236), (109, 118), (15, 16), (130, 211), (146, 149), (91, 118), (146, 152), (145, 226), (96, 123), (130, 131), (0, 9), (15, 177), (9, 15), (117, 118), (189, 195), (29, 191)}
E2: {(154, 155), (101, 155), (162, 165), (162, 168), (127, 128), (101, 182), (46, 127), (135, 153), (152, 233), (199, 226), (45, 46), (231, 233), (168, 177), (165, 166), (154, 160), (79, 160), (228, 231), (168, 195), (153, 155), (118, 127), (225, 226), (64, 226), (177, 231), (109, 118), (25, 79), (128, 134), (91, 118), (0, 162), (128, 155), (199, 200), (225, 231), (118, 199), (157, 160), (155, 236)}
Obj: 31799

