Log for instance aco_tuning_out/inst06.txt.

Used ({'tau0': 2.924453704862743e-06, 'xi': 0.10102715591656777, 'q0': 0.8483785554218048, 'alpha': 1.0515532863745962, 'beta': 0.39867352753450425, 'rho': 0.28727195311451986, 'ants': 26}) and found best instance after 38.234375 seconds.
E1: {(192, 194), (192, 200), (237, 253), (0, 2), (129, 131), (87, 95), (130, 194), (2, 130), (221, 223), (8, 24), (78, 110), (91, 95), (198, 206), (206, 207), (196, 212), (132, 148), (85, 213), (174, 175), (45, 61), (6, 14), (0, 32), (174, 190), (166, 174), (105, 109), (206, 222), (148, 180), (212, 244), (3, 131), (221, 253), (46, 47), (89, 91), (95, 223), (39, 47), (207, 223), (212, 213), (10, 14), (172, 174), (83, 87), (132, 196), (2, 10), (109, 237), (53, 61), (110, 238), (240, 244), (32, 96), (249, 253), (194, 198), (46, 110), (194, 210), (46, 174), (200, 232), (98, 114), (78, 206), (23, 87), (8, 10), (2, 3), (196, 198), (45, 47), (131, 135), (96, 98)}
E2: {(90, 91), (193, 201), (32, 40), (188, 190), (0, 2), (129, 131), (103, 231), (2, 66), (1, 3), (156, 188), (121, 249), (132, 148), (166, 174), (174, 175), (249, 251), (196, 212), (96, 97), (0, 32), (174, 190), (193, 197), (32, 36), (148, 180), (147, 151), (188, 189), (180, 188), (245, 253), (3, 131), (89, 91), (97, 101), (170, 174), (1, 5), (17, 145), (129, 145), (132, 196), (187, 251), (230, 231), (68, 196), (199, 231), (249, 253), (32, 96), (226, 230), (89, 121), (2, 34), (131, 163), (129, 193), (103, 119), (2, 3), (195, 199), (97, 225), (197, 199), (2, 18), (166, 230), (131, 147), (189, 253), (151, 159)}
Obj: 32462

