Log for instance aco_tuning_out/inst18.txt.

Used ({'tau_0': 8.990632486830376e-06, 'xi': 0.09595706500151588, 'q0': 0.4417965567940394, 'alpha': 1.6457162341639056, 'beta': 1.8792939670585154, 'rho': 0.14228615039412212, 'ants': 30}) and found best instance after 55.234375 seconds.
E1: {(193, 201), (81, 85), (82, 90), (58, 62), (35, 39), (99, 115), (128, 160), (87, 95), (1, 3), (1, 9), (252, 253), (117, 245), (110, 111), (45, 61), (110, 126), (82, 83), (83, 115), (193, 197), (35, 99), (61, 63), (211, 215), (193, 209), (245, 253), (0, 1), (31, 95), (31, 159), (22, 54), (22, 150), (46, 62), (1, 5), (83, 87), (29, 61), (209, 211), (110, 238), (81, 83), (147, 211), (6, 22), (85, 117), (62, 63), (46, 110), (80, 81), (0, 128), (57, 61), (3, 35), (66, 82), (83, 211), (31, 63), (54, 62)}
E2: {(168, 172), (160, 168), (24, 152), (168, 184), (35, 51), (86, 87), (152, 154), (113, 117), (8, 9), (210, 211), (176, 240), (114, 115), (252, 253), (28, 30), (1, 9), (8, 24), (78, 110), (115, 123), (142, 174), (117, 245), (168, 232), (152, 184), (110, 126), (83, 115), (35, 163), (28, 60), (245, 253), (221, 253), (70, 78), (101, 117), (22, 86), (22, 150), (8, 72), (176, 184), (83, 87), (1, 5), (172, 174), (110, 238), (24, 28), (81, 83), (81, 89), (108, 110), (51, 115), (113, 115), (22, 30), (80, 81), (66, 70), (70, 86), (83, 211), (22, 54), (8, 40)}
Obj: 27957

