Log for instance aco_tuning_out/inst06.txt.

Used ({'tau_0': 9.767241690470751e-06, 'xi': 0.11665997591227979, 'q0': 0.8943962543294219, 'alpha': 1.1523918797969719, 'beta': 1.0104719425759585, 'rho': 0.28187790444783706, 'ants': 10}) and found best instance after 7.6875 seconds.
E1: {(177, 181), (200, 201), (243, 251), (181, 245), (237, 253), (201, 233), (210, 211), (87, 95), (114, 115), (212, 213), (28, 30), (1, 3), (233, 249), (91, 95), (198, 206), (207, 239), (53, 181), (174, 175), (166, 174), (249, 251), (85, 213), (192, 196), (143, 175), (174, 190), (6, 14), (83, 115), (206, 222), (162, 170), (46, 47), (221, 253), (89, 91), (135, 143), (31, 95), (49, 113), (14, 30), (31, 159), (39, 47), (143, 159), (17, 81), (19, 23), (172, 174), (17, 145), (49, 177), (76, 78), (129, 145), (85, 87), (1, 17), (170, 174), (244, 245), (110, 238), (249, 253), (24, 28), (130, 162), (240, 244), (105, 233), (108, 110), (81, 83), (180, 181), (76, 108), (46, 110), (46, 174), (23, 87), (113, 115), (78, 206), (200, 232), (196, 198), (115, 243), (19, 83), (45, 47), (83, 211), (30, 31), (175, 239)}
E2: {(177, 181), (84, 212), (196, 197), (156, 188), (68, 84), (166, 174), (87, 119), (231, 239), (212, 244), (188, 189), (134, 142), (170, 171), (31, 95), (31, 159), (32, 96), (2, 34), (0, 128), (97, 225), (90, 94), (243, 251), (70, 198), (0, 2), (193, 225), (1, 3), (249, 251), (0, 32), (142, 143), (40, 168), (97, 101), (1, 5), (129, 145), (132, 196), (187, 251), (230, 231), (184, 188), (249, 253), (188, 252), (66, 70), (132, 134), (30, 31), (193, 195), (168, 184), (163, 179), (87, 95), (91, 95), (174, 175), (128, 132), (193, 197), (32, 36), (245, 253), (49, 113), (49, 177), (143, 159), (244, 245), (180, 181), (23, 87), (2, 3), (196, 198), (115, 243), (19, 83), (193, 201), (252, 253), (30, 94), (143, 175), (174, 190), (83, 115), (89, 91), (17, 81), (19, 23), (17, 145), (226, 230), (81, 83), (113, 115), (171, 187), (179, 243), (2, 18), (175, 239)}
Obj: 39088

