Log for instance aco_tuning_out/inst15.txt.

Used ({'tau0': 3.0612586277534457e-06, 'xi': 0.1329622135219483, 'q0': 0.7756772068120196, 'alpha': 1.8931956829423289, 'beta': 1.9972080014998133, 'rho': 0.18753105830604566, 'ants': 22}) and found best instance after 19.1875 seconds.
E1: {(81, 82), (88, 97), (226, 229), (162, 171), (162, 168), (175, 202), (228, 229), (176, 185), (171, 198), (75, 78), (67, 229), (198, 200), (201, 202), (182, 185), (58, 67), (168, 195), (58, 76), (64, 226), (91, 97), (175, 176), (174, 177), (76, 157), (202, 205), (82, 88), (81, 162), (174, 201), (82, 109), (202, 229), (75, 76), (43, 205), (198, 201)}
E2: {(166, 175), (81, 82), (18, 20), (162, 171), (128, 209), (175, 202), (162, 168), (228, 229), (29, 32), (75, 78), (66, 75), (34, 43), (67, 229), (200, 206), (171, 173), (209, 215), (168, 177), (173, 176), (164, 173), (58, 67), (164, 170), (168, 195), (209, 236), (31, 34), (66, 68), (191, 209), (20, 182), (164, 191), (19, 20), (31, 58), (175, 176), (89, 170), (197, 206), (197, 215), (81, 135), (128, 134), (21, 75), (18, 21), (14, 176), (64, 67), (0, 162), (59, 68), (202, 211), (81, 162), (18, 45), (82, 109), (202, 229), (66, 67), (19, 25), (29, 191)}
Obj: 29946

