Log for instance aco_tuning_out/inst21.txt.

Used ({'tau0': 5.498217034018323e-06, 'xi': 0.07476910638285614, 'q0': 0.4717218972346363, 'alpha': 1.947841791710605, 'beta': 1.831830451033867, 'rho': 0.12093333427234658, 'ants': 15}) and found best instance after 26.109375 seconds.
E1: {(198, 225), (171, 174), (137, 218), (217, 223), (176, 185), (171, 198), (225, 227), (218, 227), (227, 233), (152, 233), (176, 203), (165, 166), (182, 185), (36, 198), (200, 227), (135, 137), (55, 217), (41, 203), (36, 45), (174, 177), (14, 176), (55, 64), (32, 41), (165, 174), (217, 218), (174, 228), (174, 176)}
E2: {(81, 82), (3, 4), (4, 58), (162, 171), (58, 59), (162, 168), (160, 241), (159, 160), (146, 227), (184, 211), (171, 198), (153, 159), (135, 153), (227, 233), (78, 159), (152, 233), (198, 200), (117, 120), (65, 146), (64, 65), (83, 164), (162, 164), (223, 241), (82, 83), (81, 84), (22, 184), (36, 198), (168, 195), (22, 25), (200, 227), (153, 155), (164, 182), (44, 71), (36, 45), (117, 198), (146, 155), (43, 44), (82, 91), (0, 162), (32, 59), (4, 22), (82, 109), (3, 84), (65, 71), (83, 89), (157, 160), (155, 236)}
Obj: 29460

