Log for instance aco_tuning_out/inst15.txt.

Used ({'tau_0': 9.493726088905091e-06, 'xi': 0.11484843759454823, 'q0': 0.6111218433796399, 'alpha': 1.5748339874818995, 'beta': 1.6004495863491173, 'rho': 0.40117280761880736, 'ants': 26}) and found best instance after 11.125 seconds.
E1: {(162, 171), (171, 177), (162, 180), (66, 228), (159, 160), (64, 145), (171, 198), (123, 124), (198, 200), (117, 123), (64, 65), (136, 145), (145, 151), (189, 195), (180, 182), (43, 124), (66, 68), (151, 160), (117, 198), (78, 240), (109, 136), (65, 68), (91, 145), (159, 240), (124, 151), (157, 160), (189, 198)}
E2: {(81, 82), (4, 58), (39, 201), (3, 4), (58, 59), (162, 180), (66, 228), (76, 238), (92, 146), (75, 78), (66, 75), (76, 79), (52, 79), (205, 206), (35, 197), (39, 66), (200, 206), (81, 84), (82, 83), (180, 182), (51, 52), (58, 67), (86, 89), (25, 52), (58, 76), (195, 197), (235, 236), (205, 214), (45, 51), (197, 206), (4, 166), (174, 177), (81, 135), (128, 134), (32, 35), (14, 176), (64, 67), (146, 155), (81, 162), (174, 201), (128, 155), (0, 3), (82, 109), (3, 84), (211, 238), (66, 67), (235, 238), (83, 86), (83, 92), (43, 205), (174, 176), (52, 214)}
Obj: 30443

