Log for instance aco_tuning_out/inst30.txt.

Used ({'tau0': 3.0612586277534457e-06, 'xi': 0.1329622135219483, 'q0': 0.7756772068120196, 'alpha': 1.8931956829423289, 'beta': 1.9972080014998133, 'rho': 0.18753105830604566, 'ants': 22}) and found best instance after 24.578125 seconds.
E1: {(39, 201), (162, 171), (99, 100), (119, 200), (162, 168), (118, 119), (208, 211), (29, 32), (29, 38), (127, 128), (171, 198), (149, 152), (199, 226), (208, 235), (168, 177), (99, 102), (77, 80), (168, 195), (64, 226), (38, 119), (198, 199), (12, 39), (155, 158), (39, 120), (235, 236), (109, 118), (26, 80), (128, 134), (146, 149), (146, 155), (119, 128), (100, 127), (0, 162), (91, 118), (12, 14), (128, 155), (77, 158), (118, 199), (127, 208), (198, 201), (25, 26)}
E2: {(166, 175), (145, 146), (226, 229), (162, 171), (18, 20), (119, 200), (162, 168), (118, 119), (175, 202), (20, 23), (228, 229), (179, 233), (171, 198), (27, 28), (152, 233), (28, 109), (171, 173), (168, 177), (36, 198), (168, 195), (173, 179), (58, 76), (173, 182), (135, 137), (31, 34), (64, 226), (38, 119), (118, 145), (31, 58), (27, 36), (76, 157), (128, 134), (27, 45), (146, 155), (137, 146), (91, 118), (0, 162), (145, 226), (128, 155), (23, 26), (202, 229), (9, 18), (36, 38), (28, 34), (9, 36), (25, 26), (155, 236)}
Obj: 34039

