Log for instance aco_tuning_out/inst30.txt.

Used ({'tau0': 1.34326092400037e-06, 'xi': 0.13441645763893803, 'q0': 0.4083523399061119, 'alpha': 0.5070175800996563, 'beta': 0.9994669821848109, 'rho': 0.2873914507152631, 'ants': 17}) and found best instance after 62.421875 seconds.
E1: {(226, 235), (84, 87), (125, 134), (199, 202), (84, 102), (125, 152), (199, 226), (117, 123), (6, 8), (168, 177), (6, 87), (7, 25), (168, 195), (64, 226), (235, 236), (114, 123), (109, 118), (6, 7), (91, 118), (202, 211), (199, 200), (5, 8), (5, 14), (6, 168), (0, 6), (123, 125), (5, 32), (118, 199), (117, 118), (87, 114), (120, 123)}
E2: {(81, 82), (101, 155), (166, 184), (101, 182), (100, 101), (195, 204), (0, 81), (63, 64), (198, 200), (204, 231), (103, 157), (228, 231), (36, 198), (100, 103), (103, 184), (100, 106), (91, 100), (36, 45), (177, 231), (81, 135), (128, 134), (36, 63), (146, 155), (146, 152), (25, 106), (128, 155), (82, 100), (82, 109), (0, 9), (198, 204), (9, 36), (155, 236)}
Obj: 29630

