Log for instance aco_tuning_out/inst15.txt.

Used ({'tau_0': 2.0274933728523487e-06, 'xi': 0.13405703789383258, 'q0': 0.526091823657158, 'alpha': 1.6793374858698646, 'beta': 0.6970800710605479, 'rho': 0.13613590490376215, 'ants': 11}) and found best instance after 7.890625 seconds.
E1: {(28, 46), (19, 46), (43, 52), (64, 145), (195, 204), (205, 206), (157, 160), (200, 206), (28, 109), (204, 231), (154, 160), (145, 154), (51, 52), (228, 231), (52, 133), (19, 20), (177, 231), (46, 52), (91, 145), (133, 160), (204, 205), (51, 78), (43, 205), (20, 182)}
E2: {(3, 4), (109, 190), (37, 64), (180, 186), (190, 199), (194, 221), (75, 78), (20, 47), (5, 86), (189, 191), (209, 215), (177, 186), (4, 5), (180, 182), (167, 221), (228, 231), (86, 89), (191, 194), (191, 200), (3, 21), (209, 236), (191, 209), (134, 215), (32, 194), (182, 209), (19, 20), (166, 167), (59, 221), (177, 231), (5, 167), (81, 135), (21, 75), (81, 83), (211, 214), (190, 191), (37, 199), (5, 14), (0, 3), (47, 209), (19, 25), (83, 86), (214, 215), (45, 47), (189, 195), (37, 43)}
Obj: 28252

