Log for instance aco_tuning_out/inst09.txt.

Used ({'tau_0': 1.34326092400037e-06, 'xi': 0.13441645763893803, 'q0': 0.4083523399061119, 'alpha': 0.5070175800996563, 'beta': 0.9994669821848109, 'rho': 0.2873914507152631, 'ants': 17}) and found best instance after 36.84375 seconds.
E1: {(3, 4), (4, 58), (6, 24), (61, 70), (135, 138), (120, 147), (84, 102), (43, 70), (13, 14), (24, 78), (186, 213), (6, 8), (58, 61), (209, 215), (84, 138), (177, 186), (156, 157), (3, 6), (209, 236), (213, 215), (4, 166), (4, 13), (3, 84), (0, 6), (24, 186), (8, 89), (138, 147), (138, 156), (61, 223)}
E2: {(58, 59), (166, 193), (31, 32), (210, 211), (152, 233), (6, 8), (31, 193), (168, 177), (58, 61), (7, 25), (120, 201), (168, 195), (58, 76), (45, 207), (134, 215), (7, 61), (31, 58), (6, 7), (197, 215), (76, 157), (224, 233), (201, 210), (197, 224), (193, 211), (207, 210), (6, 168), (0, 6), (8, 89), (223, 224), (61, 223)}
Obj: 26102

