Log for instance aco_tuning_out/inst15.txt.

Used ({'tau0': 8.908613414444593e-06, 'xi': 0.1316659796537964, 'q0': 0.44184378094598165, 'alpha': 1.5856828467501214, 'beta': 0.9751219636880748, 'rho': 0.2735558699054583, 'ants': 18}) and found best instance after 11.140625 seconds.
E1: {(28, 55), (151, 232), (190, 199), (97, 151), (199, 205), (148, 151), (195, 204), (28, 109), (200, 209), (204, 231), (228, 231), (182, 209), (91, 97), (177, 231), (69, 231), (55, 64), (205, 232), (199, 200), (28, 190), (69, 78), (204, 205), (43, 205), (148, 157)}
E2: {(203, 206), (4, 58), (162, 168), (203, 212), (66, 228), (125, 134), (14, 41), (34, 43), (24, 78), (162, 216), (200, 206), (28, 109), (168, 177), (211, 212), (21, 24), (58, 67), (182, 188), (31, 34), (66, 68), (125, 206), (195, 197), (135, 216), (41, 203), (31, 58), (89, 170), (197, 206), (4, 166), (24, 25), (168, 170), (18, 21), (64, 67), (0, 162), (32, 41), (59, 68), (182, 236), (41, 68), (18, 45), (66, 67), (170, 188), (0, 18), (28, 34), (170, 197)}
Obj: 27470

