Log for instance aco_tuning_out/inst15.txt.

Used ({'tau_0': 5.471123269221564e-06, 'xi': 0.0880541662185767, 'q0': 0.30146902385350893, 'alpha': 1.0903620529266727, 'beta': 0.772236865018257, 'rho': 0.4288390189950044, 'ants': 23}) and found best instance after 12.78125 seconds.
E1: {(162, 171), (28, 55), (55, 136), (162, 168), (171, 177), (139, 157), (225, 227), (34, 43), (136, 139), (171, 173), (136, 145), (28, 109), (168, 195), (173, 182), (64, 226), (173, 200), (168, 222), (60, 222), (226, 227), (173, 227), (145, 226), (225, 228), (60, 78), (91, 145), (28, 34)}
E2: {(175, 184), (166, 184), (54, 135), (51, 53), (55, 136), (175, 202), (171, 177), (12, 13), (66, 228), (0, 54), (184, 211), (40, 41), (13, 14), (227, 236), (54, 55), (35, 197), (64, 65), (22, 184), (171, 173), (40, 202), (22, 25), (173, 182), (35, 53), (40, 43), (35, 62), (195, 197), (173, 200), (45, 51), (89, 170), (32, 35), (12, 66), (53, 134), (109, 136), (59, 62), (13, 40), (32, 41), (9, 171), (173, 227), (65, 227), (9, 12), (0, 9), (51, 78), (170, 197)}
Obj: 27518

