Log for instance aco_tuning_out/inst15.txt.

Used ({'tau_0': 5.420704371762057e-06, 'xi': 0.09688583805471983, 'q0': 0.31023948946680013, 'alpha': 0.7611440380801126, 'beta': 1.2418611307887504, 'rho': 0.4656758616586811, 'ants': 22}) and found best instance after 19.65625 seconds.
E1: {(231, 240), (28, 55), (180, 186), (190, 199), (199, 205), (61, 79), (76, 79), (195, 204), (97, 178), (28, 109), (204, 231), (177, 186), (180, 182), (228, 231), (186, 240), (91, 97), (76, 157), (55, 61), (178, 205), (78, 240), (55, 64), (199, 200), (28, 190), (204, 205), (43, 205)}
E2: {(166, 184), (189, 216), (180, 183), (28, 55), (58, 59), (66, 228), (29, 35), (29, 32), (184, 211), (116, 134), (234, 236), (66, 75), (25, 187), (72, 234), (189, 191), (183, 184), (89, 116), (72, 75), (28, 109), (180, 234), (72, 78), (0, 18), (180, 182), (12, 15), (43, 124), (191, 200), (127, 133), (135, 216), (28, 29), (18, 180), (55, 58), (109, 127), (12, 66), (55, 64), (12, 14), (45, 72), (124, 133), (35, 116), (15, 177), (216, 234), (189, 195), (29, 191), (184, 187)}
Obj: 27510

