Log for instance aco_tuning_out/inst15.txt.

Used ({'tau0': 7.35696843598511e-06, 'xi': 0.13099405837312028, 'q0': 0.39430175087041053, 'alpha': 1.838983583452214, 'beta': 0.7213281426644318, 'rho': 0.11968092308615733, 'ants': 31}) and found best instance after 63.578125 seconds.
E1: {(226, 229), (162, 171), (171, 177), (228, 229), (162, 168), (199, 205), (199, 226), (24, 78), (171, 173), (148, 229), (168, 186), (168, 195), (173, 182), (64, 226), (173, 200), (109, 118), (91, 118), (199, 200), (24, 186), (118, 199), (43, 205), (148, 157)}
E2: {(226, 229), (162, 171), (45, 126), (108, 109), (162, 168), (228, 229), (171, 177), (11, 173), (59, 140), (126, 132), (162, 189), (11, 17), (166, 220), (78, 159), (227, 236), (171, 173), (16, 25), (168, 195), (86, 89), (16, 43), (173, 182), (139, 220), (108, 126), (64, 226), (108, 135), (173, 200), (226, 227), (139, 140), (202, 211), (173, 227), (132, 159), (0, 162), (86, 140), (220, 229), (32, 59), (14, 17), (108, 189), (202, 229), (132, 134), (16, 17)}
Obj: 25091

