Log for instance aco_tuning_out/inst09.txt.

Used ({'tau_0': 7.405500650510694e-06, 'xi': 0.0538011928337849, 'q0': 0.7808066118135257, 'alpha': 1.9053416179409846, 'beta': 1.1675645378953803, 'rho': 0.23263286946707473, 'ants': 25}) and found best instance after 10.703125 seconds.
E1: {(39, 201), (55, 136), (166, 193), (199, 205), (1, 55), (171, 198), (75, 78), (5, 86), (102, 156), (39, 66), (218, 236), (223, 232), (83, 164), (171, 173), (136, 145), (156, 157), (120, 201), (164, 173), (0, 1), (55, 217), (118, 145), (196, 205), (66, 147), (75, 156), (174, 177), (193, 196), (117, 198), (205, 232), (174, 201), (217, 218), (147, 156), (135, 136), (5, 14), (83, 89), (118, 199), (83, 86), (117, 118), (43, 205), (198, 201)}
E2: {(81, 82), (3, 4), (4, 58), (171, 174), (5, 59), (84, 87), (151, 232), (150, 151), (29, 32), (217, 223), (217, 220), (20, 47), (5, 86), (166, 220), (1, 82), (81, 84), (83, 164), (82, 83), (171, 173), (154, 160), (154, 157), (47, 128), (164, 173), (33, 114), (86, 89), (22, 25), (139, 220), (20, 101), (0, 1), (28, 29), (114, 123), (31, 58), (174, 177), (151, 160), (123, 150), (128, 134), (229, 232), (202, 211), (150, 152), (58, 139), (4, 22), (202, 229), (3, 84), (83, 86), (28, 31), (33, 195), (45, 47), (87, 114), (83, 101), (120, 123)}
Obj: 33669

