Log for instance aco_tuning_out/inst06.txt.

Used ({'tau0': 5.432541354150304e-06, 'xi': 0.1098768506848867, 'q0': 0.588663995987506, 'alpha': 1.0903417143977059, 'beta': 1.0292353817624138, 'rho': 0.37868431591672963, 'ants': 31}) and found best instance after 34.3125 seconds.
E1: {(192, 194), (81, 85), (188, 190), (4, 6), (180, 244), (206, 238), (116, 244), (237, 253), (192, 224), (135, 199), (39, 167), (130, 194), (1, 3), (114, 118), (156, 188), (53, 117), (198, 206), (117, 245), (196, 212), (105, 109), (206, 222), (212, 244), (116, 118), (180, 188), (245, 253), (221, 253), (199, 207), (167, 175), (17, 81), (17, 145), (83, 87), (198, 199), (132, 196), (244, 245), (129, 145), (166, 167), (45, 109), (1, 17), (135, 167), (109, 237), (240, 244), (110, 238), (249, 253), (24, 28), (81, 83), (194, 198), (81, 89), (85, 117), (46, 110), (194, 210), (23, 87), (4, 132), (78, 206), (196, 198), (28, 156), (172, 188), (224, 232)}
E2: {(32, 34), (32, 40), (82, 90), (156, 158), (70, 198), (167, 231), (201, 233), (225, 227), (196, 197), (225, 233), (1, 3), (187, 191), (189, 191), (117, 245), (196, 212), (96, 97), (82, 83), (32, 36), (101, 117), (181, 189), (170, 171), (167, 175), (17, 81), (97, 101), (1, 5), (17, 145), (198, 199), (132, 196), (129, 145), (117, 119), (166, 167), (1, 17), (199, 231), (226, 227), (32, 96), (18, 82), (175, 191), (163, 171), (81, 83), (180, 181), (81, 89), (158, 190), (195, 227), (171, 187), (66, 70), (195, 199), (196, 198), (68, 70), (97, 225), (66, 82), (158, 159), (159, 191)}
Obj: 30891

