Log for instance aco_tuning_out/inst18.txt.

Used ({'tau0': 8.908613414444593e-06, 'xi': 0.1316659796537964, 'q0': 0.44184378094598165, 'alpha': 1.5856828467501214, 'beta': 0.9751219636880748, 'rho': 0.2735558699054583, 'ants': 18}) and found best instance after 65.25 seconds.
E1: {(136, 137), (128, 136), (99, 103), (82, 90), (58, 62), (39, 103), (128, 160), (87, 95), (2, 66), (1, 3), (1, 9), (148, 150), (83, 211), (132, 148), (85, 213), (110, 111), (197, 213), (128, 132), (9, 41), (238, 254), (82, 83), (41, 45), (110, 126), (29, 31), (41, 57), (80, 82), (31, 95), (31, 159), (103, 111), (46, 62), (1, 5), (213, 215), (85, 87), (209, 211), (110, 238), (137, 201), (147, 211), (54, 62), (213, 245), (46, 110), (9, 137), (2, 3), (2, 6), (252, 254), (66, 82), (62, 63), (31, 63), (209, 213)}
E2: {(168, 172), (128, 136), (136, 137), (160, 168), (26, 30), (163, 167), (91, 123), (168, 184), (60, 62), (128, 160), (112, 240), (82, 114), (252, 253), (83, 91), (1, 9), (148, 150), (8, 24), (142, 174), (78, 110), (174, 175), (168, 232), (62, 126), (50, 51), (238, 254), (110, 126), (50, 54), (82, 83), (82, 86), (128, 144), (26, 154), (245, 253), (221, 253), (80, 82), (89, 91), (112, 114), (40, 168), (8, 72), (167, 175), (97, 101), (1, 5), (172, 174), (97, 113), (174, 238), (110, 238), (108, 110), (82, 210), (50, 114), (30, 62), (144, 148), (112, 113), (9, 137), (252, 254), (66, 82), (54, 62), (8, 40)}
Obj: 29000

