Log for instance aco_tuning_out/inst06.txt.

Used ({'tau0': 1.3920749967998762e-06, 'xi': 0.08397237700240848, 'q0': 0.6682959638256109, 'alpha': 1.2969464614531203, 'beta': 1.130493567371472, 'rho': 0.47674134103904503, 'ants': 21}) and found best instance after 11.53125 seconds.
E1: {(201, 203), (200, 201), (192, 200), (73, 75), (105, 107), (99, 103), (243, 251), (69, 71), (237, 253), (3, 19), (12, 28), (38, 166), (210, 211), (129, 131), (210, 214), (211, 243), (75, 203), (221, 223), (142, 174), (158, 222), (53, 181), (174, 175), (102, 110), (249, 251), (192, 193), (6, 14), (45, 61), (73, 89), (142, 143), (12, 76), (221, 253), (208, 210), (135, 143), (142, 158), (39, 47), (69, 85), (207, 223), (212, 213), (19, 23), (172, 174), (10, 14), (2, 10), (28, 29), (213, 215), (76, 78), (29, 61), (214, 222), (208, 240), (53, 61), (180, 181), (110, 238), (24, 28), (203, 207), (2, 34), (75, 107), (12, 14), (158, 190), (98, 102), (99, 107), (46, 110), (71, 103), (107, 111), (200, 232), (46, 174), (98, 114), (143, 207), (14, 142), (130, 131), (129, 193), (34, 38), (19, 83), (83, 211), (215, 223), (47, 111)}
E2: {(137, 139), (128, 136), (136, 137), (33, 97), (105, 107), (42, 170), (132, 164), (196, 228), (99, 103), (193, 201), (156, 158), (4, 6), (193, 195), (70, 198), (228, 244), (0, 2), (103, 231), (193, 225), (97, 105), (73, 105), (1, 3), (187, 191), (156, 188), (129, 137), (132, 148), (174, 175), (224, 228), (148, 156), (6, 14), (32, 33), (193, 197), (10, 42), (32, 36), (1, 33), (26, 90), (212, 244), (73, 89), (188, 189), (148, 180), (170, 174), (97, 101), (143, 159), (0, 16), (10, 14), (172, 174), (244, 245), (132, 196), (2, 10), (1, 5), (32, 96), (96, 224), (175, 191), (163, 171), (2, 34), (139, 143), (164, 166), (158, 190), (99, 107), (4, 68), (164, 172), (42, 58), (171, 187), (40, 42), (0, 128), (66, 70), (26, 58), (103, 119), (196, 198), (97, 225), (2, 18), (224, 226), (16, 17)}
Obj: 42754

