Log for instance aco_tuning_out/inst24.txt.

Used ({'tau0': 1.774794369235601e-06, 'xi': 0.05178086251934671, 'q0': 0.765199417754037, 'alpha': 1.7110920267750438, 'beta': 1.3090193389783644, 'rho': 0.2964096563219366, 'ants': 12}) and found best instance after 5.890625 seconds.
E1: {(32, 34), (90, 94), (171, 235), (243, 251), (146, 154), (155, 187), (108, 109), (147, 155), (12, 13), (105, 107), (99, 103), (43, 171), (133, 141), (228, 244), (0, 2), (246, 247), (162, 226), (17, 21), (92, 94), (252, 253), (179, 187), (122, 250), (133, 165), (198, 206), (30, 94), (53, 181), (56, 58), (249, 251), (188, 190), (146, 147), (10, 42), (105, 109), (243, 247), (147, 151), (12, 76), (221, 253), (14, 15), (165, 181), (78, 94), (31, 159), (143, 159), (10, 14), (17, 145), (2, 10), (76, 78), (106, 122), (45, 109), (196, 228), (249, 253), (13, 141), (56, 57), (240, 244), (32, 160), (226, 230), (230, 246), (139, 143), (2, 34), (250, 251), (130, 162), (76, 108), (188, 252), (99, 107), (71, 103), (42, 58), (14, 78), (144, 145), (171, 187), (78, 206), (40, 42), (179, 243), (196, 198), (21, 53), (30, 31), (151, 159)}
E2: {(183, 191), (55, 63), (32, 34), (90, 94), (155, 187), (156, 158), (147, 155), (180, 244), (228, 244), (237, 253), (17, 21), (252, 253), (187, 191), (156, 188), (121, 249), (34, 162), (91, 95), (253, 255), (198, 206), (53, 181), (30, 94), (158, 222), (224, 228), (62, 126), (215, 223), (85, 213), (206, 222), (147, 151), (142, 143), (124, 125), (221, 253), (96, 98), (165, 181), (89, 91), (31, 95), (5, 21), (31, 159), (142, 158), (143, 159), (95, 223), (17, 145), (10, 14), (198, 199), (2, 10), (106, 122), (213, 215), (199, 231), (55, 183), (249, 253), (120, 121), (32, 96), (162, 166), (145, 147), (180, 181), (175, 191), (2, 34), (188, 252), (60, 124), (162, 178), (144, 145), (98, 114), (14, 142), (121, 125), (195, 199), (122, 126), (62, 63), (21, 53), (30, 31), (224, 226), (151, 159)}
Obj: 38730

