Log for instance aco_tuning_out/inst03.txt.

Used ({'tau_0': 5.471123269221564e-06, 'xi': 0.0880541662185767, 'q0': 0.30146902385350893, 'alpha': 1.0903620529266727, 'beta': 0.772236865018257, 'rho': 0.4288390189950044, 'ants': 23}) and found best instance after 17.859375 seconds.
E1: {(76, 92), (232, 236), (16, 20), (132, 164), (101, 103), (211, 219), (39, 103), (210, 211), (112, 240), (135, 199), (49, 53), (179, 187), (54, 55), (205, 221), (76, 204), (9, 41), (65, 97), (147, 151), (164, 228), (41, 57), (199, 207), (49, 113), (4, 20), (179, 183), (97, 101), (167, 175), (97, 113), (149, 151), (53, 55), (135, 167), (36, 164), (200, 202), (55, 183), (16, 24), (147, 211), (204, 236), (228, 236), (200, 232), (4, 132), (112, 113), (167, 183), (49, 57), (103, 119), (135, 151), (195, 199), (205, 207), (204, 205), (68, 76)}
E2: {(55, 63), (177, 181), (154, 158), (15, 143), (162, 226), (146, 154), (132, 164), (107, 235), (181, 245), (216, 218), (40, 41), (196, 197), (146, 178), (34, 50), (158, 222), (54, 55), (160, 164), (33, 35), (192, 196), (9, 41), (50, 54), (1, 33), (41, 45), (35, 99), (33, 41), (176, 178), (0, 1), (48, 50), (143, 159), (1, 5), (132, 196), (1, 17), (36, 164), (146, 210), (162, 166), (137, 201), (180, 181), (50, 114), (50, 178), (107, 111), (162, 178), (99, 107), (35, 43), (164, 172), (107, 123), (150, 158), (176, 177), (218, 222), (34, 35), (9, 137), (196, 198), (158, 159), (160, 162)}
Obj: 30760

