Log for instance aco_tuning_out/inst12.txt.

Used ({'tau0': 3.151708497185101e-06, 'xi': 0.05632693656731169, 'q0': 0.5279577748463967, 'alpha': 0.47226881213046684, 'beta': 1.430973702133798, 'rho': 0.06294574331706608, 'ants': 24}) and found best instance after 279.484375 seconds.
E1: {(171, 198), (131, 134), (89, 116), (86, 104), (103, 184), (27, 36), (27, 45), (81, 162), (103, 104), (189, 198), (82, 83), (164, 173), (36, 198), (115, 116), (28, 34), (189, 195), (184, 211), (27, 28), (34, 43), (102, 104), (83, 164), (28, 109), (164, 182), (117, 198), (82, 91), (83, 86), (166, 184), (162, 189), (117, 120), (0, 81), (171, 173), (34, 115), (104, 131), (32, 35), (34, 35)}
E2: {(116, 125), (234, 236), (100, 101), (89, 116), (42, 123), (139, 220), (134, 215), (117, 119), (27, 36), (177, 231), (75, 156), (81, 135), (27, 45), (21, 75), (119, 146), (234, 240), (22, 103), (123, 125), (81, 82), (58, 220), (81, 84), (213, 240), (36, 198), (138, 139), (213, 215), (24, 25), (82, 85), (85, 166), (32, 59), (101, 155), (37, 64), (139, 157), (184, 211), (125, 152), (198, 200), (117, 123), (84, 138), (21, 24), (36, 42), (153, 234), (37, 43), (231, 240), (58, 59), (153, 156), (36, 37), (102, 156), (85, 103), (22, 184), (78, 240), (146, 155), (220, 223), (82, 100), (82, 109), (138, 156)}
Obj: 34849

