Log for instance aco_tuning_out/inst09.txt.

Used ({'tau0': 5.998921288673613e-06, 'xi': 0.12799050366072715, 'q0': 0.730921478054052, 'alpha': 1.5055228070199218, 'beta': 0.3739261379740735, 'rho': 0.1599798192967875, 'ants': 28}) and found best instance after 18.421875 seconds.
E1: {(123, 204), (3, 4), (234, 236), (75, 78), (135, 153), (14, 95), (94, 97), (96, 97), (72, 75), (86, 89), (177, 204), (3, 21), (86, 95), (94, 148), (196, 205), (153, 234), (4, 166), (76, 157), (196, 223), (21, 75), (72, 153), (96, 123), (0, 3), (21, 102), (75, 76), (204, 205), (43, 205), (148, 157), (94, 95), (120, 123)}
E2: {(3, 4), (58, 59), (195, 213), (186, 213), (24, 26), (72, 75), (223, 241), (177, 186), (214, 241), (21, 24), (150, 159), (3, 21), (58, 76), (26, 53), (8, 26), (4, 166), (240, 241), (76, 157), (123, 150), (21, 75), (53, 134), (211, 214), (45, 72), (150, 152), (32, 59), (0, 3), (24, 186), (75, 76), (159, 240), (213, 214), (8, 89), (25, 26), (120, 123)}
Obj: 26751

