Log for instance aco_tuning_out/inst24.txt.

Used ({'tau_0': 9.387858024888234e-06, 'xi': 0.14290215705758647, 'q0': 0.4917258290014144, 'alpha': 1.0227666505205433, 'beta': 1.168523363313268, 'rho': 0.2926263236671505, 'ants': 22}) and found best instance after 36.1875 seconds.
E1: {(76, 92), (154, 155), (15, 79), (42, 106), (243, 251), (188, 190), (44, 45), (0, 2), (40, 44), (128, 160), (57, 121), (155, 159), (121, 249), (220, 252), (2, 130), (78, 110), (249, 251), (240, 248), (220, 221), (44, 108), (26, 90), (128, 144), (26, 154), (12, 76), (248, 249), (78, 79), (248, 252), (106, 110), (34, 42), (76, 78), (235, 251), (71, 79), (42, 43), (139, 143), (2, 34), (76, 108), (188, 252), (141, 143), (139, 155), (42, 58), (26, 58), (0, 128), (92, 220), (250, 251)}
E2: {(183, 191), (90, 91), (162, 226), (220, 222), (164, 165), (50, 58), (69, 71), (103, 231), (146, 178), (187, 191), (78, 110), (91, 95), (53, 181), (56, 58), (231, 239), (146, 147), (206, 222), (220, 221), (175, 239), (181, 183), (164, 228), (78, 79), (191, 255), (144, 146), (165, 181), (89, 91), (69, 85), (106, 110), (2, 10), (71, 79), (63, 191), (226, 227), (162, 166), (56, 60), (175, 191), (180, 181), (2, 34), (50, 114), (164, 166), (50, 178), (237, 239), (162, 178), (79, 95), (71, 103), (195, 227), (5, 69), (78, 206), (34, 50), (56, 120)}
Obj: 27665

