Log for instance aco_tuning_out/inst27.txt.

Used ({'tau_0': 5.998921288673613e-06, 'xi': 0.12799050366072715, 'q0': 0.730921478054052, 'alpha': 1.5055228070199218, 'beta': 0.3739261379740735, 'rho': 0.1599798192967875, 'ants': 28}) and found best instance after 22.6875 seconds.
E1: {(105, 107), (196, 228), (32, 34), (146, 154), (220, 222), (43, 107), (60, 62), (206, 238), (23, 31), (97, 105), (186, 250), (27, 31), (209, 213), (62, 190), (96, 97), (32, 36), (206, 222), (220, 221), (116, 118), (29, 31), (221, 253), (144, 146), (39, 47), (204, 206), (132, 196), (213, 215), (213, 221), (54, 118), (97, 113), (249, 253), (32, 96), (47, 63), (218, 250), (54, 62), (3, 11), (107, 111), (142, 206), (218, 222), (154, 186), (186, 187), (186, 190), (196, 204), (62, 63), (30, 31), (31, 63), (11, 27), (47, 111)}
E2: {(58, 59), (101, 103), (50, 58), (125, 253), (216, 218), (167, 231), (141, 157), (144, 208), (103, 231), (242, 243), (57, 121), (186, 250), (157, 159), (253, 255), (240, 242), (6, 14), (58, 186), (147, 151), (202, 218), (221, 253), (14, 15), (121, 123), (31, 159), (14, 30), (48, 50), (103, 111), (10, 14), (166, 167), (208, 240), (135, 167), (218, 250), (59, 123), (226, 242), (121, 125), (103, 119), (135, 151), (242, 250), (157, 221), (30, 31), (151, 159)}
Obj: 26270

