Log for instance aco_tuning_out/inst21.txt.

Used ({'tau_0': 7.151935564269642e-06, 'xi': 0.10184361707760894, 'q0': 0.5077701235510973, 'alpha': 0.5847895154504361, 'beta': 0.6413829753178264, 'rho': 0.2990121644546394, 'ants': 8}) and found best instance after 10.625 seconds.
E1: {(198, 225), (45, 126), (171, 177), (11, 173), (29, 32), (171, 198), (11, 14), (135, 153), (152, 233), (198, 200), (126, 153), (200, 206), (171, 173), (165, 166), (36, 198), (173, 182), (225, 226), (64, 226), (27, 36), (36, 45), (174, 177), (224, 233), (206, 233), (165, 174), (174, 228), (27, 29), (223, 224)}
E2: {(192, 194), (81, 82), (54, 135), (37, 64), (84, 87), (93, 120), (0, 54), (87, 89), (150, 151), (33, 51), (84, 93), (210, 211), (234, 236), (36, 37), (142, 223), (72, 234), (93, 147), (198, 200), (81, 84), (79, 160), (36, 198), (173, 182), (210, 213), (66, 68), (173, 200), (32, 194), (27, 33), (27, 36), (25, 79), (66, 147), (51, 213), (81, 135), (36, 45), (151, 160), (27, 54), (82, 91), (147, 150), (54, 72), (59, 68), (192, 210), (150, 152), (82, 109), (142, 160), (51, 78), (33, 195), (157, 160), (37, 43)}
Obj: 30722

