Log for instance aco_tuning_out/inst18.txt.

Used ({'tau_0': 6.895901444357542e-06, 'xi': 0.11930677293557751, 'q0': 0.7766820476791325, 'alpha': 1.762448247826621, 'beta': 0.8740652131662537, 'rho': 0.21713520092331218, 'ants': 13}) and found best instance after 11.53125 seconds.
E1: {(193, 195), (193, 201), (32, 34), (243, 251), (82, 90), (86, 87), (70, 198), (87, 95), (252, 253), (114, 118), (34, 98), (148, 150), (1, 3), (1, 9), (132, 148), (56, 58), (62, 126), (249, 251), (6, 14), (82, 83), (83, 115), (81, 209), (193, 197), (82, 86), (10, 42), (245, 253), (29, 31), (31, 95), (31, 159), (39, 47), (46, 62), (10, 14), (1, 5), (132, 196), (2, 10), (85, 87), (54, 118), (249, 253), (110, 238), (56, 57), (32, 160), (81, 83), (147, 211), (98, 99), (2, 34), (42, 46), (62, 63), (47, 63), (46, 110), (42, 58), (98, 114), (87, 215), (80, 81), (70, 86), (2, 3), (196, 198), (115, 243), (66, 82), (83, 211), (45, 47), (195, 211), (86, 118), (47, 111)}
E2: {(120, 248), (243, 251), (146, 154), (72, 88), (86, 87), (163, 179), (228, 244), (3, 19), (40, 44), (60, 62), (210, 211), (87, 95), (252, 253), (114, 118), (121, 249), (1, 3), (244, 252), (30, 94), (158, 222), (224, 228), (62, 126), (249, 251), (94, 222), (96, 97), (82, 83), (83, 115), (224, 240), (19, 51), (25, 89), (44, 172), (29, 31), (221, 253), (96, 98), (88, 120), (80, 82), (31, 95), (142, 158), (97, 101), (78, 94), (46, 62), (83, 87), (1, 5), (244, 245), (28, 29), (76, 78), (123, 251), (54, 118), (9, 25), (249, 253), (24, 28), (120, 121), (110, 238), (89, 121), (146, 210), (160, 224), (76, 108), (44, 46), (46, 110), (94, 126), (113, 115), (98, 114), (150, 158), (179, 243), (115, 243), (19, 83), (66, 82), (83, 211), (30, 31), (86, 118), (224, 232), (184, 248)}
Obj: 36558

