Log for instance aco_tuning_out/inst09.txt.

Used ({'tau0': 4.822265207889503e-06, 'xi': 0.13540262306958187, 'q0': 0.6138627392147109, 'alpha': 1.667403283011879, 'beta': 1.0113699636281308, 'rho': 0.16684714562074338, 'ants': 26}) and found best instance after 35.078125 seconds.
E1: {(4, 58), (54, 135), (39, 201), (0, 54), (39, 42), (217, 223), (5, 86), (54, 55), (39, 66), (218, 236), (102, 183), (72, 78), (4, 5), (120, 201), (58, 67), (86, 89), (58, 76), (55, 217), (4, 166), (55, 58), (174, 183), (174, 177), (76, 157), (42, 43), (54, 72), (174, 201), (217, 218), (5, 14), (66, 67)}
E2: {(4, 58), (3, 4), (58, 59), (151, 232), (150, 151), (31, 32), (107, 134), (89, 107), (45, 46), (195, 213), (186, 213), (223, 232), (107, 161), (213, 240), (177, 186), (49, 211), (21, 24), (150, 159), (3, 21), (58, 76), (31, 49), (31, 58), (4, 166), (24, 25), (76, 157), (123, 150), (150, 152), (46, 49), (159, 161), (0, 3), (24, 186), (159, 240), (120, 123)}
Obj: 26415

