Log for instance aco_tuning_out/inst21.txt.

Used ({'tau0': 9.546586330686151e-06, 'xi': 0.07432857356120594, 'q0': 0.39855006298732903, 'alpha': 1.1362553523500754, 'beta': 1.13375631131127, 'rho': 0.39805176799684205, 'ants': 18}) and found best instance after 17.4375 seconds.
E1: {(188, 242), (185, 188), (231, 240), (171, 177), (135, 141), (167, 176), (176, 185), (171, 198), (199, 226), (198, 200), (98, 152), (240, 242), (171, 173), (223, 241), (182, 185), (173, 176), (228, 231), (173, 179), (36, 198), (98, 179), (141, 159), (64, 226), (198, 199), (166, 167), (240, 241), (36, 45), (5, 167), (14, 176), (159, 240), (5, 32)}
E2: {(135, 141), (49, 50), (30, 192), (60, 141), (10, 64), (61, 79), (66, 69), (27, 28), (39, 66), (209, 212), (30, 39), (28, 109), (10, 91), (42, 44), (30, 48), (49, 211), (79, 160), (60, 61), (35, 44), (209, 236), (191, 200), (9, 10), (66, 68), (191, 209), (44, 71), (50, 212), (27, 30), (182, 209), (68, 71), (39, 120), (27, 36), (36, 45), (8, 35), (25, 79), (192, 195), (42, 43), (59, 68), (71, 152), (32, 50), (60, 69), (48, 49), (69, 78), (0, 9), (8, 89), (157, 160), (9, 36), (61, 223)}
Obj: 30800

