Log for instance aco_tuning_out/inst15.txt.

Used ({'tau0': 5.420704371762057e-06, 'xi': 0.09688583805471983, 'q0': 0.31023948946680013, 'alpha': 0.7611440380801126, 'beta': 1.2418611307887504, 'rho': 0.4656758616586811, 'ants': 22}) and found best instance after 23.5625 seconds.
E1: {(231, 240), (109, 190), (180, 186), (190, 199), (97, 151), (199, 205), (124, 205), (195, 204), (177, 186), (204, 231), (180, 182), (228, 231), (43, 124), (186, 240), (70, 151), (91, 97), (151, 160), (64, 70), (78, 240), (199, 200), (124, 151), (204, 205), (157, 160)}
E2: {(72, 73), (28, 46), (166, 184), (54, 135), (14, 68), (0, 54), (66, 228), (116, 125), (125, 134), (96, 177), (123, 124), (75, 78), (66, 75), (184, 238), (189, 191), (45, 46), (89, 116), (72, 75), (28, 109), (79, 160), (46, 47), (191, 194), (43, 124), (209, 236), (191, 200), (66, 68), (191, 209), (182, 209), (32, 194), (73, 235), (25, 79), (151, 160), (64, 73), (54, 72), (73, 79), (59, 68), (96, 123), (211, 238), (47, 209), (124, 151), (123, 125), (235, 238), (46, 73), (189, 195)}
Obj: 26974

