Log for instance aco_tuning_out/inst18.txt.

Used ({'tau0': 4.5971794894411765e-06, 'xi': 0.07935886436067696, 'q0': 0.6133148179425765, 'alpha': 0.959591163017489, 'beta': 1.7442602148622774, 'rho': 0.32248764047634604, 'ants': 29}) and found best instance after 26.890625 seconds.
E1: {(55, 63), (82, 90), (58, 62), (150, 151), (0, 2), (128, 160), (87, 95), (2, 66), (252, 253), (1, 3), (1, 9), (85, 213), (62, 126), (197, 213), (45, 61), (110, 111), (61, 63), (147, 151), (245, 253), (80, 82), (22, 150), (46, 62), (1, 5), (29, 61), (85, 87), (213, 215), (151, 215), (110, 238), (137, 201), (98, 99), (66, 98), (6, 22), (213, 245), (54, 62), (46, 110), (0, 128), (9, 137), (57, 61), (2, 3), (2, 6), (66, 82), (62, 63), (39, 55), (22, 54), (151, 159), (209, 213)}
E2: {(72, 73), (168, 172), (105, 107), (26, 30), (160, 168), (220, 222), (168, 184), (60, 62), (206, 238), (97, 105), (73, 105), (210, 214), (252, 253), (1, 9), (8, 24), (168, 232), (62, 126), (50, 51), (50, 54), (206, 222), (220, 221), (163, 227), (73, 89), (99, 227), (26, 154), (245, 253), (221, 253), (84, 86), (86, 214), (22, 86), (97, 101), (8, 72), (22, 150), (40, 168), (1, 5), (244, 245), (76, 78), (97, 113), (214, 222), (240, 244), (98, 99), (50, 114), (66, 98), (76, 108), (99, 107), (142, 206), (98, 114), (107, 123), (9, 73), (22, 30), (78, 206), (80, 84), (22, 54), (54, 62), (8, 40)}
Obj: 29422

