Log for instance aco_tuning_out/inst21.txt.

Used ({'tau_0': 6.2578016549988135e-06, 'xi': 0.07695855038194482, 'q0': 0.6338595363337294, 'alpha': 1.3781099098119947, 'beta': 1.0918136498914073, 'rho': 0.20985761634934252, 'ants': 15}) and found best instance after 8.734375 seconds.
E1: {(226, 229), (166, 193), (228, 229), (190, 193), (190, 199), (216, 218), (217, 223), (149, 152), (175, 229), (190, 217), (199, 226), (174, 175), (180, 234), (229, 230), (180, 182), (36, 198), (48, 50), (64, 226), (135, 216), (198, 199), (45, 48), (36, 45), (174, 177), (149, 230), (32, 50), (217, 218), (199, 200), (14, 23), (216, 234), (23, 50)}
E2: {(4, 58), (226, 229), (3, 4), (226, 235), (58, 59), (109, 190), (6, 33), (31, 32), (137, 218), (190, 199), (217, 223), (83, 137), (75, 78), (66, 75), (76, 79), (190, 217), (199, 226), (39, 66), (83, 164), (40, 202), (3, 6), (67, 76), (135, 137), (40, 43), (31, 40), (164, 182), (64, 226), (235, 236), (39, 120), (31, 58), (25, 79), (40, 67), (76, 157), (21, 75), (18, 21), (137, 146), (91, 118), (146, 152), (202, 211), (217, 218), (199, 200), (0, 3), (18, 45), (202, 229), (66, 67), (83, 89), (118, 199), (33, 195)}
Obj: 30881

