Log for instance aco_tuning_out/inst03.txt.

Used ({'tau_0': 1.4630188820263259e-06, 'xi': 0.0776783694791692, 'q0': 0.7839075030693623, 'alpha': 0.5603503117369445, 'beta': 0.5204984007438819, 'rho': 0.4796233950660777, 'ants': 12}) and found best instance after 13.109375 seconds.
E1: {(76, 92), (177, 181), (47, 175), (128, 136), (136, 137), (211, 219), (181, 245), (228, 244), (113, 117), (210, 211), (100, 101), (187, 191), (65, 73), (206, 207), (53, 181), (224, 228), (76, 204), (143, 175), (73, 77), (64, 68), (83, 115), (194, 202), (52, 54), (147, 151), (151, 159), (245, 253), (221, 253), (101, 117), (135, 143), (49, 113), (49, 177), (39, 47), (143, 159), (244, 245), (117, 119), (20, 52), (149, 151), (76, 78), (36, 100), (240, 244), (24, 28), (175, 191), (149, 181), (52, 53), (194, 210), (113, 115), (143, 207), (78, 206), (0, 64), (0, 128), (9, 137), (49, 57), (76, 77), (28, 92), (83, 211), (195, 211), (68, 76), (224, 232)}
E2: {(177, 181), (55, 63), (128, 136), (136, 137), (32, 40), (154, 158), (107, 235), (156, 158), (43, 107), (99, 115), (150, 151), (181, 245), (216, 218), (0, 2), (128, 160), (196, 197), (82, 114), (36, 37), (156, 188), (115, 123), (5, 37), (53, 181), (37, 45), (158, 222), (128, 132), (82, 83), (83, 115), (32, 36), (180, 188), (142, 143), (198, 230), (32, 48), (14, 15), (49, 113), (142, 158), (49, 177), (17, 81), (143, 159), (132, 196), (53, 55), (37, 53), (32, 160), (137, 201), (81, 83), (82, 210), (180, 181), (2, 34), (33, 49), (107, 111), (128, 192), (226, 230), (99, 107), (113, 115), (14, 142), (218, 222), (0, 128), (9, 137), (196, 198), (166, 230), (172, 188), (151, 159)}
Obj: 34040

