Log for instance aco_tuning_out/inst24.txt.

Used ({'tau_0': 5.27015365896669e-06, 'xi': 0.12993599333145528, 'q0': 0.31614692226037566, 'alpha': 1.9457803192705339, 'beta': 1.0826765605366773, 'rho': 0.462237565316319, 'ants': 26}) and found best instance after 11.671875 seconds.
E1: {(250, 254), (90, 91), (44, 45), (12, 13), (190, 254), (43, 171), (0, 2), (40, 44), (128, 160), (242, 243), (2, 66), (89, 217), (57, 121), (2, 130), (34, 98), (186, 250), (233, 249), (121, 249), (187, 191), (240, 242), (249, 251), (44, 108), (58, 186), (128, 144), (98, 106), (12, 76), (14, 15), (89, 91), (139, 171), (114, 242), (10, 14), (2, 10), (187, 251), (88, 89), (13, 141), (88, 92), (89, 121), (2, 34), (76, 108), (70, 71), (98, 114), (171, 187), (217, 221), (233, 235), (0, 128), (66, 70), (154, 186), (242, 250), (252, 254), (13, 15), (159, 191), (250, 251)}
E2: {(90, 91), (162, 226), (132, 164), (155, 187), (147, 155), (13, 45), (5, 13), (151, 183), (165, 173), (173, 189), (146, 178), (2, 130), (34, 98), (148, 150), (53, 117), (53, 181), (132, 148), (45, 61), (146, 150), (231, 239), (88, 90), (146, 147), (180, 182), (164, 228), (147, 151), (60, 61), (61, 63), (157, 189), (173, 237), (98, 106), (88, 120), (144, 146), (181, 189), (89, 91), (155, 219), (239, 255), (2, 10), (91, 219), (45, 173), (130, 162), (162, 166), (166, 182), (180, 181), (2, 34), (147, 211), (85, 117), (173, 175), (98, 114), (218, 222), (218, 219), (130, 146), (157, 221), (195, 211), (175, 239)}
Obj: 31318

