Log for instance aco_tuning_out/inst21.txt.

Used ({'tau_0': 4.498936448740942e-06, 'xi': 0.13853729626942535, 'q0': 0.527822666374638, 'alpha': 1.6196713237028468, 'beta': 0.6656100225587412, 'rho': 0.18622598889901743, 'ants': 24}) and found best instance after 23.171875 seconds.
E1: {(81, 82), (226, 232), (226, 229), (171, 177), (228, 229), (29, 32), (171, 198), (166, 220), (152, 233), (223, 232), (83, 164), (171, 173), (82, 83), (173, 176), (164, 173), (36, 198), (173, 182), (64, 226), (173, 200), (27, 36), (36, 45), (81, 135), (14, 176), (205, 232), (220, 229), (204, 205), (27, 29), (198, 204), (232, 233)}
E2: {(43, 205), (81, 82), (179, 206), (162, 171), (5, 59), (226, 235), (179, 233), (171, 198), (5, 86), (205, 206), (152, 233), (171, 173), (82, 83), (154, 160), (79, 160), (36, 198), (86, 89), (173, 179), (78, 79), (173, 182), (64, 226), (173, 200), (235, 236), (121, 202), (196, 205), (91, 100), (36, 45), (25, 79), (81, 135), (120, 121), (196, 223), (202, 205), (0, 162), (202, 211), (81, 162), (154, 235), (82, 100), (82, 109), (100, 154), (5, 32), (195, 196), (83, 86), (157, 160)}
Obj: 28199

