Log for instance aco_tuning_out/inst21.txt.

Used ({'tau_0': 1.944733890460195e-06, 'xi': 0.10406489729971813, 'q0': 0.5015133780289627, 'alpha': 0.48372224880231074, 'beta': 1.7691019222478264, 'rho': 0.4010581607160818, 'ants': 21}) and found best instance after 105.140625 seconds.
E1: {(163, 164), (54, 135), (69, 150), (9, 11), (11, 14), (198, 200), (63, 64), (163, 169), (228, 231), (36, 198), (191, 194), (191, 200), (164, 182), (164, 191), (32, 194), (54, 63), (36, 45), (177, 231), (63, 69), (36, 63), (150, 152), (169, 223), (150, 231), (166, 169), (9, 36)}
E2: {(145, 146), (43, 52), (208, 211), (207, 209), (29, 32), (64, 145), (208, 214), (83, 137), (29, 56), (27, 28), (198, 200), (117, 120), (157, 160), (83, 164), (28, 109), (223, 241), (214, 241), (79, 160), (198, 207), (56, 137), (36, 198), (78, 79), (135, 137), (209, 236), (164, 182), (28, 29), (27, 36), (36, 45), (25, 79), (117, 198), (137, 146), (146, 152), (208, 209), (79, 241), (91, 145), (83, 89), (56, 59), (189, 195), (189, 198), (0, 27), (52, 214)}
Obj: 27663

