Log for instance aco_tuning_out/inst03.txt.

Used ({'tau0': 1.944733890460195e-06, 'xi': 0.10406489729971813, 'q0': 0.5015133780289627, 'alpha': 0.48372224880231074, 'beta': 1.7691019222478264, 'rho': 0.4010581607160818, 'ants': 21}) and found best instance after 142.421875 seconds.
E1: {(204, 220), (211, 219), (20, 148), (68, 100), (210, 211), (100, 101), (65, 73), (211, 243), (187, 191), (206, 207), (224, 228), (36, 52), (143, 175), (202, 206), (224, 240), (220, 221), (52, 54), (20, 28), (135, 143), (204, 206), (115, 119), (20, 52), (148, 149), (36, 100), (9, 25), (53, 55), (100, 228), (24, 25), (24, 28), (55, 119), (175, 191), (147, 211), (52, 53), (113, 115), (143, 207), (25, 57), (9, 73), (115, 243), (28, 92), (39, 55), (92, 220), (195, 211), (224, 232)}
E2: {(177, 181), (32, 34), (32, 40), (132, 164), (107, 235), (98, 226), (154, 158), (193, 201), (43, 107), (181, 245), (164, 180), (1, 9), (34, 98), (198, 206), (158, 222), (160, 164), (192, 193), (32, 33), (0, 32), (192, 196), (193, 197), (32, 36), (206, 222), (1, 33), (192, 208), (32, 48), (15, 47), (208, 210), (208, 216), (1, 5), (132, 196), (1, 17), (32, 160), (47, 63), (98, 99), (180, 181), (164, 166), (107, 111), (99, 107), (164, 172), (107, 123), (98, 114), (150, 158), (196, 198), (45, 47), (158, 159), (47, 111)}
Obj: 28146

