Log for instance aco_tuning_out/inst24.txt.

Used ({'tau_0': 2.924453704862743e-06, 'xi': 0.10102715591656777, 'q0': 0.8483785554218048, 'alpha': 1.0515532863745962, 'beta': 0.39867352753450425, 'rho': 0.28727195311451986, 'ants': 26}) and found best instance after 18.59375 seconds.
E1: {(42, 106), (32, 34), (32, 40), (41, 43), (90, 94), (44, 45), (15, 143), (156, 158), (243, 251), (146, 154), (12, 13), (0, 2), (40, 44), (40, 41), (92, 94), (2, 130), (156, 188), (252, 253), (198, 206), (30, 94), (158, 222), (30, 158), (249, 251), (240, 242), (71, 199), (10, 42), (206, 222), (44, 108), (41, 57), (221, 253), (14, 15), (144, 146), (14, 30), (143, 159), (10, 14), (198, 199), (2, 10), (235, 251), (249, 253), (13, 141), (32, 160), (139, 143), (2, 34), (188, 252), (158, 190), (42, 58), (242, 250), (130, 146), (13, 15), (250, 251)}
E2: {(183, 191), (90, 94), (81, 85), (155, 187), (156, 158), (147, 155), (5, 7), (237, 253), (146, 178), (252, 253), (156, 188), (187, 191), (121, 249), (253, 255), (198, 206), (53, 181), (30, 94), (158, 222), (30, 158), (7, 71), (166, 230), (71, 199), (146, 147), (206, 222), (180, 188), (181, 183), (221, 253), (165, 181), (144, 146), (14, 30), (10, 14), (198, 199), (2, 10), (106, 122), (230, 231), (63, 191), (199, 231), (249, 253), (120, 121), (226, 230), (89, 121), (175, 191), (180, 181), (2, 34), (81, 89), (228, 230), (188, 252), (60, 188), (90, 122), (195, 199), (114, 122)}
Obj: 27197

