Log for instance aco_tuning_out/inst06.txt.

Used ({'tau_0': 5.498217034018323e-06, 'xi': 0.07476910638285614, 'q0': 0.4717218972346363, 'alpha': 1.947841791710605, 'beta': 1.831830451033867, 'rho': 0.12093333427234658, 'ants': 15}) and found best instance after 18.5 seconds.
E1: {(47, 175), (168, 172), (105, 107), (81, 85), (188, 190), (3, 7), (6, 134), (84, 212), (237, 253), (3, 19), (210, 214), (82, 114), (1, 3), (156, 188), (78, 110), (37, 39), (37, 45), (174, 175), (168, 232), (143, 175), (174, 190), (82, 83), (192, 208), (188, 189), (180, 188), (221, 253), (135, 143), (39, 47), (19, 23), (172, 174), (134, 166), (214, 222), (174, 238), (6, 7), (208, 240), (110, 238), (24, 28), (249, 253), (37, 53), (81, 83), (82, 210), (81, 89), (107, 111), (84, 85), (46, 110), (143, 207), (7, 39), (208, 212), (130, 134), (1, 129), (19, 83), (28, 156), (189, 253), (47, 111)}
E2: {(162, 226), (188, 190), (82, 90), (98, 226), (118, 119), (84, 212), (180, 244), (40, 44), (129, 131), (89, 217), (2, 66), (82, 114), (1, 3), (131, 195), (4, 36), (156, 188), (114, 118), (157, 159), (187, 191), (68, 84), (96, 97), (82, 83), (4, 5), (212, 244), (201, 217), (180, 188), (188, 189), (162, 170), (157, 189), (97, 101), (17, 81), (1, 5), (17, 145), (244, 245), (129, 145), (199, 231), (162, 166), (81, 83), (81, 89), (2, 34), (175, 191), (131, 163), (4, 68), (4, 132), (98, 114), (1, 129), (195, 199), (97, 225), (197, 199), (66, 82), (36, 44), (2, 18), (159, 191), (96, 98)}
Obj: 31246

