Log for instance aco_tuning_out/inst21.txt.

Used ({'tau0': 3.1489754854725666e-06, 'xi': 0.09233871711137026, 'q0': 0.6750093896651443, 'alpha': 1.4767667958454729, 'beta': 1.3965639583348552, 'rho': 0.22070860434618855, 'ants': 29}) and found best instance after 19.6875 seconds.
E1: {(166, 175), (39, 201), (14, 68), (175, 202), (171, 177), (66, 228), (64, 145), (144, 147), (135, 144), (171, 198), (152, 233), (39, 66), (201, 202), (223, 232), (30, 39), (171, 173), (173, 182), (45, 207), (66, 68), (173, 200), (30, 32), (66, 147), (202, 205), (205, 232), (144, 145), (198, 201), (198, 207), (232, 233)}
E2: {(111, 120), (58, 59), (6, 33), (31, 32), (64, 145), (190, 199), (208, 211), (33, 51), (190, 208), (142, 223), (34, 43), (190, 217), (218, 236), (6, 8), (28, 109), (136, 145), (136, 142), (142, 143), (51, 52), (33, 114), (25, 52), (58, 76), (31, 34), (164, 182), (31, 58), (45, 51), (76, 157), (164, 218), (33, 34), (136, 217), (199, 200), (217, 218), (135, 136), (28, 190), (143, 152), (0, 6), (91, 145), (51, 78), (8, 89), (33, 195), (28, 34), (111, 114)}
Obj: 29093

