Log for instance aco_tuning_out/inst03.txt.

Used ({'tau_0': 2.0274933728523487e-06, 'xi': 0.13405703789383258, 'q0': 0.526091823657158, 'alpha': 1.6793374858698646, 'beta': 0.6970800710605479, 'rho': 0.13613590490376215, 'ants': 11}) and found best instance after 11.953125 seconds.
E1: {(204, 220), (24, 88), (211, 219), (68, 100), (228, 244), (210, 211), (187, 191), (36, 37), (100, 101), (1, 9), (37, 39), (54, 55), (206, 207), (224, 228), (64, 65), (143, 175), (64, 68), (202, 206), (83, 115), (220, 221), (147, 151), (92, 220), (20, 22), (135, 143), (49, 113), (204, 206), (115, 119), (149, 151), (36, 100), (53, 55), (100, 228), (240, 244), (88, 92), (37, 53), (55, 119), (175, 191), (147, 211), (113, 115), (143, 207), (1, 65), (49, 57), (135, 151), (83, 211), (195, 211), (22, 54), (224, 232)}
E2: {(55, 63), (15, 79), (241, 245), (132, 164), (107, 235), (98, 226), (43, 107), (99, 115), (150, 151), (216, 218), (210, 211), (196, 197), (49, 53), (36, 37), (34, 98), (148, 150), (115, 123), (5, 37), (1, 9), (37, 45), (132, 148), (160, 164), (192, 196), (177, 241), (83, 115), (148, 180), (154, 218), (79, 111), (49, 113), (0, 1), (49, 177), (34, 42), (132, 196), (53, 55), (36, 164), (1, 17), (37, 53), (137, 201), (98, 99), (164, 166), (33, 49), (107, 111), (99, 107), (164, 172), (113, 115), (40, 42), (98, 114), (48, 49), (218, 222), (210, 218), (9, 137), (196, 198), (83, 211), (151, 159), (17, 49)}
Obj: 29714

