Log for instance aco_tuning_out/inst15.txt.

Used ({'tau0': 9.342356314703797e-06, 'xi': 0.11093798894348852, 'q0': 0.3936504222796646, 'alpha': 1.8613339066625738, 'beta': 0.5900213499937936, 'rho': 0.2538267278899345, 'ants': 22}) and found best instance after 14.0 seconds.
E1: {(162, 171), (37, 64), (162, 168), (171, 177), (75, 237), (171, 180), (171, 198), (75, 78), (198, 200), (180, 234), (180, 182), (228, 237), (168, 195), (198, 199), (109, 118), (76, 157), (91, 118), (37, 199), (234, 237), (75, 76), (118, 199), (37, 43)}
E2: {(81, 82), (4, 58), (58, 59), (3, 4), (128, 209), (208, 211), (40, 41), (187, 188), (75, 78), (25, 187), (63, 64), (72, 75), (81, 84), (82, 83), (83, 164), (58, 67), (182, 188), (191, 197), (191, 200), (209, 236), (63, 225), (40, 43), (164, 182), (191, 209), (195, 197), (164, 191), (4, 166), (40, 67), (81, 135), (128, 134), (63, 72), (177, 179), (64, 67), (32, 41), (45, 72), (208, 209), (225, 228), (82, 109), (0, 3), (3, 84), (83, 89), (179, 188), (14, 41)}
Obj: 26881

