Log for instance aco_tuning_out/inst18.txt.

Used ({'tau0': 3.0001635742109975e-06, 'xi': 0.10185978321027386, 'q0': 0.44627514452798456, 'alpha': 0.42223734675301555, 'beta': 0.774592723916731, 'rho': 0.08073686501278173, 'ants': 8}) and found best instance after 127.34375 seconds.
E1: {(90, 91), (25, 29), (193, 201), (58, 62), (13, 45), (5, 13), (150, 151), (0, 2), (128, 160), (2, 66), (252, 253), (1, 3), (221, 223), (91, 95), (85, 213), (62, 126), (197, 213), (110, 126), (25, 89), (151, 159), (147, 151), (193, 209), (245, 253), (221, 253), (159, 223), (89, 91), (0, 1), (95, 223), (9, 13), (39, 47), (46, 62), (1, 5), (213, 215), (9, 25), (47, 111), (110, 238), (47, 63), (81, 89), (62, 63), (107, 111), (54, 62), (99, 107), (25, 57), (0, 128), (80, 81), (2, 6), (45, 47), (215, 223), (209, 213)}
E2: {(90, 91), (72, 76), (90, 94), (154, 158), (82, 90), (91, 123), (12, 13), (35, 51), (5, 13), (40, 44), (44, 60), (112, 240), (82, 114), (28, 30), (252, 253), (115, 123), (78, 110), (30, 158), (62, 126), (110, 126), (72, 200), (224, 240), (44, 108), (82, 86), (44, 172), (12, 76), (28, 60), (245, 253), (221, 253), (35, 163), (89, 91), (80, 82), (142, 158), (97, 101), (9, 13), (76, 78), (97, 113), (184, 188), (160, 224), (110, 238), (24, 28), (82, 210), (76, 108), (188, 252), (51, 115), (200, 232), (94, 126), (150, 158), (112, 113), (66, 82), (172, 188), (224, 232), (54, 62)}
Obj: 29403

