Log for instance aco_tuning_out/inst06.txt.

Used ({'tau0': 9.767241690470751e-06, 'xi': 0.11665997591227979, 'q0': 0.8943962543294219, 'alpha': 1.1523918797969719, 'beta': 1.0104719425759585, 'rho': 0.28187790444783706, 'ants': 10}) and found best instance after 13.59375 seconds.
E1: {(128, 130), (177, 181), (200, 201), (193, 201), (243, 251), (108, 109), (237, 253), (0, 2), (210, 211), (23, 31), (28, 30), (83, 91), (142, 174), (78, 110), (158, 222), (53, 181), (85, 213), (30, 158), (249, 251), (143, 175), (6, 14), (174, 190), (145, 209), (105, 109), (206, 222), (83, 115), (212, 244), (142, 143), (221, 253), (46, 47), (89, 91), (135, 143), (49, 113), (142, 158), (49, 177), (112, 114), (14, 30), (212, 213), (10, 14), (172, 174), (10, 11), (2, 10), (39, 47), (76, 78), (166, 167), (129, 145), (109, 237), (135, 167), (209, 211), (249, 253), (240, 244), (24, 28), (110, 238), (128, 192), (180, 181), (76, 108), (3, 11), (46, 110), (200, 232), (113, 115), (78, 206), (143, 207), (112, 113), (0, 128), (129, 193), (115, 243), (45, 47), (83, 211), (30, 31), (209, 213)}
E2: {(177, 181), (193, 195), (193, 201), (132, 164), (108, 109), (155, 187), (156, 158), (147, 155), (163, 179), (70, 198), (0, 2), (40, 44), (97, 105), (2, 66), (244, 246), (1, 3), (156, 188), (83, 91), (147, 179), (142, 174), (198, 206), (158, 222), (64, 68), (143, 175), (96, 97), (193, 197), (105, 109), (206, 222), (83, 115), (212, 244), (174, 190), (1, 33), (142, 143), (188, 189), (147, 151), (90, 218), (180, 188), (89, 91), (49, 113), (142, 158), (97, 101), (49, 177), (143, 159), (17, 81), (17, 145), (1, 5), (198, 199), (132, 196), (244, 245), (76, 78), (230, 231), (129, 145), (115, 119), (170, 174), (199, 231), (36, 164), (226, 230), (230, 246), (180, 181), (2, 34), (164, 166), (81, 83), (76, 108), (33, 49), (113, 115), (78, 206), (0, 64), (218, 222), (66, 70), (129, 193), (196, 198), (97, 225), (2, 18), (36, 44), (151, 159)}
Obj: 39239

