Log for instance aco_tuning_out/inst06.txt.

Used ({'tau0': 8.93751488559124e-06, 'xi': 0.07498280708831719, 'q0': 0.7003533283222684, 'alpha': 1.84655149702223, 'beta': 0.36999618301213544, 'rho': 0.353807119950786, 'ants': 24}) and found best instance after 16.640625 seconds.
E1: {(232, 236), (81, 85), (108, 109), (211, 219), (237, 253), (0, 2), (210, 211), (135, 199), (17, 21), (114, 115), (252, 253), (2, 130), (1, 3), (83, 91), (198, 206), (53, 181), (196, 212), (174, 175), (14, 46), (166, 174), (6, 14), (64, 68), (174, 190), (105, 109), (206, 222), (83, 115), (212, 244), (108, 236), (221, 253), (46, 47), (89, 91), (39, 47), (236, 238), (198, 199), (172, 174), (28, 29), (76, 78), (17, 145), (45, 109), (129, 145), (1, 17), (249, 253), (240, 244), (24, 28), (81, 83), (180, 181), (64, 192), (203, 207), (76, 108), (19, 23), (203, 219), (46, 174), (21, 29), (78, 206), (0, 64), (17, 19), (2, 3), (196, 198), (19, 83), (45, 47), (83, 211), (21, 53), (68, 76), (236, 252)}
E2: {(42, 106), (193, 195), (193, 201), (42, 170), (98, 226), (82, 90), (163, 179), (206, 238), (151, 183), (181, 245), (0, 2), (87, 95), (196, 197), (1, 3), (187, 191), (156, 188), (91, 95), (198, 206), (196, 212), (174, 175), (87, 119), (166, 174), (64, 68), (96, 97), (174, 190), (82, 83), (32, 36), (193, 197), (98, 106), (151, 159), (181, 183), (188, 189), (70, 78), (89, 91), (181, 189), (97, 101), (179, 183), (83, 87), (1, 5), (198, 199), (132, 196), (129, 145), (17, 145), (199, 231), (174, 238), (32, 96), (175, 191), (180, 181), (66, 98), (2, 34), (40, 42), (78, 206), (0, 64), (66, 70), (129, 193), (2, 3), (68, 70), (97, 225), (196, 198), (66, 82), (2, 18), (159, 191), (96, 98)}
Obj: 35675

