Log for instance aco_tuning_out/inst30.txt.

Used ({'tau0': 3.023061298280671e-06, 'xi': 0.05271286661722294, 'q0': 0.5077385132207571, 'alpha': 0.4440555976676415, 'beta': 1.176945645340894, 'rho': 0.3517258170055353, 'ants': 22}) and found best instance after 35.671875 seconds.
E1: {(132, 213), (208, 211), (208, 214), (199, 208), (9, 11), (11, 14), (25, 187), (227, 233), (152, 233), (198, 200), (199, 226), (195, 213), (227, 236), (186, 213), (30, 39), (102, 183), (177, 186), (36, 198), (64, 226), (36, 39), (198, 199), (39, 120), (30, 32), (109, 118), (183, 186), (226, 227), (187, 214), (91, 118), (0, 9), (132, 134), (213, 214), (118, 199), (9, 36)}
E2: {(198, 225), (162, 171), (162, 165), (162, 168), (171, 180), (171, 198), (9, 11), (11, 17), (198, 200), (199, 226), (151, 152), (145, 148), (136, 145), (168, 177), (165, 166), (180, 182), (168, 195), (36, 198), (64, 226), (26, 53), (17, 26), (118, 145), (198, 199), (36, 45), (109, 118), (53, 134), (91, 118), (182, 236), (135, 136), (225, 228), (0, 9), (118, 199), (148, 151), (148, 157), (9, 36), (25, 26)}
Obj: 29675

