Log for instance aco_tuning_out/inst09.txt.

Used ({'tau_0': 7.905277958202082e-06, 'xi': 0.07780203477312476, 'q0': 0.5400401332579152, 'alpha': 1.238650111364569, 'beta': 1.1701509091931812, 'rho': 0.3657463607855648, 'ants': 16}) and found best instance after 6.328125 seconds.
E1: {(166, 175), (14, 68), (84, 87), (87, 89), (120, 147), (42, 69), (75, 78), (66, 75), (87, 168), (102, 156), (0, 81), (72, 75), (81, 84), (168, 177), (156, 157), (42, 44), (66, 68), (175, 176), (168, 222), (66, 147), (72, 74), (75, 156), (60, 222), (81, 135), (14, 176), (43, 44), (74, 236), (222, 223), (60, 69), (60, 78)}
E2: {(166, 175), (3, 4), (4, 58), (226, 229), (58, 59), (6, 33), (125, 134), (29, 32), (69, 150), (2, 8), (125, 152), (199, 226), (6, 60), (186, 213), (6, 8), (2, 29), (223, 241), (177, 186), (213, 240), (7, 25), (150, 159), (13, 175), (45, 207), (94, 148), (198, 199), (240, 241), (6, 7), (123, 150), (94, 175), (4, 7), (229, 238), (4, 13), (207, 213), (60, 69), (0, 3), (211, 238), (159, 240), (123, 125), (33, 195), (8, 89), (148, 157), (198, 207), (120, 123)}
Obj: 30151

