Log for instance aco_tuning_out/inst30.txt.

Used ({'tau_0': 3.986574795084688e-06, 'xi': 0.12869898263116974, 'q0': 0.7324104580466773, 'alpha': 0.38736117587741714, 'beta': 0.6247624947394189, 'rho': 0.4525392981526261, 'ants': 9}) and found best instance after 8.046875 seconds.
E1: {(55, 136), (20, 23), (125, 134), (29, 32), (176, 185), (104, 185), (162, 189), (125, 152), (175, 229), (189, 191), (102, 104), (218, 236), (97, 178), (200, 206), (96, 97), (189, 195), (191, 197), (125, 206), (55, 217), (19, 20), (91, 97), (175, 176), (197, 206), (191, 218), (23, 185), (14, 176), (55, 64), (109, 136), (0, 162), (229, 238), (217, 218), (96, 123), (211, 238), (19, 25), (123, 125), (175, 178), (29, 191), (177, 178), (120, 123)}
E2: {(162, 165), (162, 171), (83, 137), (171, 198), (198, 200), (195, 213), (65, 146), (64, 65), (72, 75), (83, 164), (82, 83), (162, 164), (165, 166), (135, 137), (164, 182), (174, 177), (72, 74), (76, 157), (128, 134), (146, 155), (137, 146), (82, 91), (0, 162), (146, 152), (74, 236), (45, 72), (22, 76), (128, 155), (165, 174), (207, 213), (82, 109), (75, 76), (19, 25), (174, 228), (19, 22), (65, 74), (198, 207)}
Obj: 33164

