Log for instance aco_tuning_out/inst30.txt.

Used ({'tau_0': 9.926534885232458e-06, 'xi': 0.06692036828162971, 'q0': 0.3019379808030227, 'alpha': 1.9521308295520166, 'beta': 1.4674217120935573, 'rho': 0.15756254670228562, 'ants': 22}) and found best instance after 23.34375 seconds.
E1: {(226, 229), (226, 235), (23, 77), (120, 147), (134, 161), (238, 239), (158, 161), (10, 91), (148, 229), (147, 148), (136, 154), (16, 25), (200, 227), (9, 10), (64, 226), (235, 236), (27, 33), (27, 36), (226, 227), (18, 21), (109, 136), (158, 239), (21, 23), (154, 235), (229, 238), (14, 23), (152, 161), (0, 9), (5, 23), (21, 102), (9, 15), (211, 238), (77, 158), (10, 16), (9, 18), (5, 32), (33, 195), (15, 177), (9, 36)}
E2: {(145, 146), (188, 242), (55, 136), (119, 200), (118, 119), (0, 54), (33, 51), (179, 233), (51, 132), (187, 188), (46, 127), (236, 242), (152, 233), (54, 55), (45, 46), (149, 158), (136, 145), (51, 52), (182, 188), (25, 52), (166, 169), (118, 127), (233, 242), (118, 145), (169, 187), (157, 158), (177, 179), (146, 149), (109, 136), (55, 64), (149, 230), (228, 230), (135, 136), (46, 52), (91, 145), (132, 134), (33, 195), (230, 233)}
Obj: 33608

