Log for instance aco_tuning_out/inst06.txt.

Used ({'tau0': 1.944733890460195e-06, 'xi': 0.10406489729971813, 'q0': 0.5015133780289627, 'alpha': 0.48372224880231074, 'beta': 1.7691019222478264, 'rho': 0.4010581607160818, 'ants': 21}) and found best instance after 243.015625 seconds.
E1: {(206, 238), (0, 2), (192, 224), (233, 237), (210, 214), (0, 8), (82, 114), (2, 130), (233, 249), (8, 24), (238, 239), (212, 214), (206, 207), (128, 129), (174, 175), (23, 55), (7, 135), (174, 190), (82, 83), (224, 240), (206, 222), (180, 182), (232, 233), (46, 47), (39, 47), (83, 87), (172, 174), (85, 87), (214, 222), (6, 7), (53, 55), (85, 93), (128, 192), (105, 233), (166, 182), (182, 190), (46, 174), (23, 87), (78, 206), (7, 39), (0, 128), (2, 3), (89, 93), (2, 6), (45, 47), (39, 55), (93, 221), (224, 232), (175, 239)}
E2: {(193, 195), (193, 201), (32, 34), (32, 40), (162, 226), (82, 90), (101, 103), (188, 190), (197, 229), (103, 231), (196, 197), (2, 66), (89, 217), (1, 3), (156, 188), (187, 191), (34, 162), (189, 191), (196, 212), (193, 197), (32, 36), (201, 217), (180, 182), (162, 170), (188, 189), (229, 245), (225, 229), (1, 5), (132, 196), (68, 196), (1, 17), (32, 96), (162, 166), (166, 182), (175, 191), (2, 34), (162, 163), (101, 229), (182, 190), (129, 193), (103, 119), (2, 3), (1, 129), (66, 82), (2, 18), (159, 191)}
Obj: 28831

