Log for instance aco_tuning_out/inst24.txt.

Used ({'tau0': 6.233831045293282e-06, 'xi': 0.10451661342493951, 'q0': 0.8893124268375978, 'alpha': 1.349306787935924, 'beta': 0.6109712049564031, 'rho': 0.46309129670203547, 'ants': 8}) and found best instance after 3.890625 seconds.
E1: {(105, 107), (32, 40), (99, 103), (243, 251), (146, 154), (108, 109), (156, 158), (15, 143), (50, 58), (12, 13), (13, 45), (0, 2), (242, 243), (146, 178), (252, 253), (156, 188), (187, 191), (92, 94), (158, 222), (30, 94), (56, 58), (30, 158), (174, 175), (240, 242), (249, 251), (143, 175), (148, 156), (174, 190), (171, 235), (10, 42), (206, 222), (105, 109), (26, 90), (98, 106), (12, 76), (221, 253), (143, 159), (114, 242), (2, 10), (130, 138), (76, 78), (10, 26), (56, 57), (32, 96), (249, 253), (13, 141), (32, 160), (42, 43), (175, 191), (139, 143), (50, 114), (2, 34), (50, 178), (188, 252), (76, 108), (99, 107), (71, 103), (141, 143), (42, 58), (98, 114), (78, 206), (171, 187), (144, 148), (242, 250), (10, 138), (96, 98)}
E2: {(105, 107), (244, 246), (166, 174), (231, 239), (105, 109), (147, 151), (127, 255), (179, 183), (48, 56), (32, 96), (56, 60), (2, 34), (122, 126), (151, 159), (55, 63), (243, 251), (108, 109), (12, 13), (5, 7), (7, 71), (249, 251), (10, 42), (165, 181), (95, 223), (129, 145), (213, 215), (106, 122), (249, 253), (76, 108), (188, 252), (71, 103), (98, 114), (129, 193), (166, 230), (215, 223), (96, 98), (90, 91), (193, 195), (71, 87), (99, 103), (32, 34), (228, 244), (87, 95), (178, 179), (179, 187), (91, 95), (253, 255), (174, 175), (16, 144), (180, 188), (12, 76), (221, 253), (143, 159), (10, 14), (2, 10), (76, 78), (55, 183), (180, 181), (12, 14), (126, 127), (23, 87), (42, 58), (78, 206), (16, 48), (19, 83), (56, 120), (237, 253), (252, 253), (53, 181), (56, 58), (85, 213), (143, 175), (206, 222), (89, 91), (17, 81), (19, 23), (17, 145), (109, 237), (13, 141), (226, 230), (81, 83), (230, 246), (141, 143), (99, 107), (179, 243), (175, 239)}
Obj: 40136

