Log for instance aco_tuning_out/inst24.txt.

Used ({'tau_0': 7.35696843598511e-06, 'xi': 0.13099405837312028, 'q0': 0.39430175087041053, 'alpha': 1.838983583452214, 'beta': 0.7213281426644318, 'rho': 0.11968092308615733, 'ants': 31}) and found best instance after 282.484375 seconds.
E1: {(76, 92), (42, 106), (58, 59), (15, 143), (243, 251), (12, 13), (13, 45), (0, 2), (128, 160), (144, 208), (2, 130), (187, 191), (220, 252), (7, 71), (220, 221), (154, 218), (128, 144), (90, 218), (12, 76), (57, 59), (143, 159), (34, 42), (187, 251), (235, 251), (208, 240), (13, 141), (7, 15), (218, 250), (2, 34), (139, 143), (59, 187), (76, 108), (141, 143), (42, 58), (190, 191), (43, 59), (40, 42), (0, 128), (92, 220), (159, 191), (250, 251)}
E2: {(183, 191), (90, 91), (228, 229), (229, 237), (178, 179), (187, 191), (147, 179), (221, 223), (133, 165), (53, 181), (120, 122), (85, 213), (181, 183), (176, 178), (191, 255), (52, 60), (165, 181), (89, 91), (179, 183), (2, 10), (106, 122), (213, 221), (230, 231), (144, 176), (63, 191), (199, 231), (226, 230), (175, 191), (180, 181), (2, 34), (50, 114), (50, 178), (228, 230), (52, 53), (165, 229), (222, 223), (223, 255), (5, 133), (90, 122), (195, 199), (114, 122), (166, 230), (34, 50)}
Obj: 25688

