Log for instance aco_tuning_out/inst03.txt.

Used ({'tau0': 9.563421643378381e-06, 'xi': 0.09724359984230846, 'q0': 0.3832373282206037, 'alpha': 0.33412689971093434, 'beta': 0.5388896399688413, 'rho': 0.11521783790776492, 'ants': 25}) and found best instance after 296.71875 seconds.
E1: {(204, 220), (232, 236), (16, 20), (84, 212), (20, 84), (49, 53), (115, 119), (97, 113), (195, 203), (16, 24), (228, 236), (208, 212), (49, 57), (37, 101), (92, 220), (210, 211), (39, 167), (36, 52), (64, 68), (65, 97), (202, 203), (167, 175), (135, 167), (37, 53), (139, 155), (9, 137), (139, 203), (155, 187), (211, 219), (37, 39), (64, 65), (84, 92), (49, 113), (147, 211), (203, 219), (200, 232), (137, 139), (36, 37), (53, 181), (83, 115), (220, 221), (52, 54), (20, 52), (208, 240), (200, 202), (203, 207), (149, 181), (113, 115), (83, 211)}
E2: {(192, 200), (177, 181), (181, 245), (196, 197), (210, 214), (5, 37), (13, 15), (226, 227), (32, 160), (33, 49), (48, 49), (218, 222), (0, 128), (132, 164), (99, 115), (216, 218), (114, 115), (115, 123), (158, 222), (160, 164), (99, 227), (32, 48), (132, 196), (214, 222), (36, 164), (33, 37), (198, 214), (128, 192), (47, 63), (132, 134), (47, 111), (200, 201), (32, 34), (154, 158), (43, 107), (5, 13), (128, 132), (49, 113), (49, 177), (134, 166), (180, 181), (134, 150), (196, 198), (17, 49), (32, 40), (37, 45), (9, 13), (227, 235), (107, 111), (99, 107), (164, 172), (113, 115), (158, 159)}
Obj: 31364

