Log for instance aco_tuning_out/inst09.txt.

Used ({'tau0': 4.4510989038433445e-06, 'xi': 0.08945606202546638, 'q0': 0.47345622448593194, 'alpha': 1.2900775735272525, 'beta': 0.7464788134566036, 'rho': 0.4234734074527042, 'ants': 18}) and found best instance after 8.09375 seconds.
E1: {(4, 58), (3, 4), (135, 138), (75, 78), (142, 223), (102, 156), (13, 14), (89, 107), (201, 202), (160, 161), (72, 75), (107, 161), (58, 61), (40, 202), (120, 201), (58, 67), (58, 76), (40, 43), (61, 142), (4, 166), (75, 156), (72, 74), (40, 67), (76, 157), (174, 177), (13, 40), (74, 236), (174, 201), (0, 3), (142, 160), (75, 76), (138, 156)}
E2: {(39, 201), (208, 211), (222, 240), (190, 208), (72, 234), (134, 161), (195, 213), (39, 66), (72, 75), (130, 157), (213, 240), (168, 177), (163, 166), (120, 201), (77, 80), (168, 195), (58, 76), (163, 190), (127, 130), (66, 68), (68, 77), (80, 161), (72, 74), (76, 157), (26, 80), (139, 140), (21, 75), (18, 21), (59, 68), (45, 72), (86, 140), (222, 223), (58, 139), (32, 59), (152, 161), (74, 77), (234, 240), (75, 76), (83, 89), (127, 208), (83, 86), (0, 18), (25, 26)}
Obj: 30195

