Log for instance aco_tuning_out/inst18.txt.

Used ({'tau0': 3.870488509745335e-06, 'xi': 0.14375219093339509, 'q0': 0.31937330810318404, 'alpha': 1.2524356087799853, 'beta': 0.8404615317597104, 'rho': 0.2941319030093275, 'ants': 31}) and found best instance after 271.953125 seconds.
E1: {(193, 201), (99, 103), (81, 85), (82, 90), (58, 62), (150, 151), (126, 254), (39, 103), (0, 2), (128, 160), (2, 66), (1, 3), (1, 9), (110, 111), (62, 126), (85, 213), (45, 61), (209, 213), (197, 213), (110, 126), (238, 254), (193, 197), (61, 63), (147, 151), (80, 82), (31, 95), (103, 111), (31, 159), (46, 62), (1, 5), (29, 61), (213, 215), (151, 215), (54, 62), (213, 245), (57, 61), (80, 81), (0, 128), (2, 3), (2, 6), (252, 254), (66, 82), (62, 63), (31, 63), (151, 159)}
E2: {(168, 172), (160, 168), (154, 158), (108, 109), (168, 184), (232, 248), (163, 179), (101, 109), (8, 9), (82, 114), (28, 30), (1, 9), (252, 253), (8, 24), (78, 110), (115, 123), (168, 232), (62, 126), (30, 158), (240, 248), (110, 126), (82, 86), (28, 60), (245, 253), (221, 253), (80, 82), (22, 86), (248, 252), (142, 158), (22, 150), (8, 72), (40, 168), (1, 5), (110, 238), (24, 28), (108, 110), (82, 210), (81, 89), (51, 115), (51, 179), (113, 115), (22, 30), (80, 81), (81, 113), (66, 82), (22, 54), (54, 62), (8, 40)}
Obj: 27260

