Log for instance aco_tuning_out/inst03.txt.

Used ({'tau_0': 5.072339472437726e-06, 'xi': 0.06750660483788565, 'q0': 0.39673942663117334, 'alpha': 1.3764884196051321, 'beta': 0.7955077619397278, 'rho': 0.4521931615046479, 'ants': 17}) and found best instance after 8.640625 seconds.
E1: {(76, 92), (177, 181), (136, 137), (108, 109), (219, 223), (176, 240), (233, 237), (57, 185), (4, 36), (221, 223), (132, 133), (133, 165), (198, 206), (53, 181), (37, 39), (206, 207), (83, 211), (185, 187), (143, 175), (82, 83), (83, 115), (206, 222), (194, 202), (65, 97), (108, 236), (142, 143), (20, 22), (165, 181), (4, 20), (135, 143), (133, 149), (204, 206), (132, 196), (115, 119), (76, 78), (68, 196), (140, 142), (97, 113), (109, 237), (24, 25), (177, 185), (194, 195), (194, 198), (82, 210), (147, 211), (76, 108), (222, 223), (194, 210), (228, 236), (4, 132), (142, 206), (113, 115), (78, 206), (176, 177), (25, 57), (9, 137), (196, 198), (37, 101), (37, 165), (22, 54), (232, 233), (136, 140)}
E2: {(136, 137), (177, 181), (210, 242), (32, 34), (154, 158), (32, 40), (107, 235), (98, 226), (220, 222), (43, 107), (134, 198), (5, 7), (133, 141), (181, 245), (197, 229), (201, 233), (128, 160), (40, 41), (123, 127), (132, 133), (158, 222), (30, 158), (128, 132), (9, 41), (32, 36), (206, 222), (33, 41), (137, 153), (198, 230), (32, 48), (78, 79), (79, 111), (134, 142), (216, 220), (229, 245), (31, 159), (17, 145), (132, 196), (140, 142), (63, 127), (45, 173), (7, 15), (226, 230), (128, 192), (145, 153), (180, 181), (15, 31), (107, 111), (140, 172), (226, 242), (99, 107), (142, 206), (107, 123), (78, 206), (98, 114), (233, 235), (9, 137), (145, 177), (134, 150), (0, 128), (196, 198), (141, 173), (166, 230), (30, 31), (136, 140)}
Obj: 37329

