Log for instance aco_tuning_out/inst06.txt.

Used ({'tau_0': 6.1953877645287985e-06, 'xi': 0.12592428493863295, 'q0': 0.5371346552036473, 'alpha': 0.6164150020009103, 'beta': 1.0047990339648631, 'rho': 0.10018538445968772, 'ants': 21}) and found best instance after 144.875 seconds.
E1: {(188, 190), (3, 7), (237, 253), (3, 19), (192, 224), (129, 131), (135, 199), (87, 95), (210, 214), (121, 249), (238, 239), (78, 110), (91, 95), (53, 181), (196, 212), (174, 175), (166, 174), (240, 242), (231, 239), (192, 196), (174, 190), (6, 14), (224, 240), (25, 89), (173, 237), (180, 188), (3, 131), (221, 253), (105, 121), (89, 91), (199, 207), (114, 242), (83, 87), (172, 174), (198, 199), (19, 23), (85, 87), (214, 222), (199, 231), (45, 173), (24, 25), (110, 238), (249, 253), (198, 214), (180, 181), (46, 110), (173, 175), (14, 78), (130, 131), (7, 39), (196, 198), (19, 83), (131, 135), (224, 232), (175, 239)}
E2: {(90, 91), (193, 195), (193, 201), (162, 226), (188, 190), (70, 198), (181, 245), (3, 19), (40, 44), (193, 225), (87, 95), (1, 3), (187, 191), (156, 188), (4, 36), (34, 162), (91, 95), (196, 212), (174, 175), (166, 174), (231, 239), (96, 97), (174, 190), (193, 197), (18, 19), (87, 119), (188, 189), (180, 188), (162, 170), (89, 91), (170, 174), (97, 101), (1, 5), (198, 199), (132, 196), (19, 23), (1, 17), (199, 231), (175, 191), (180, 181), (162, 163), (4, 68), (4, 132), (23, 87), (66, 70), (129, 193), (195, 199), (1, 129), (196, 198), (97, 225), (36, 44), (159, 191), (175, 239)}
Obj: 29966

