Log for instance aco_tuning_out/inst21.txt.

Used ({'tau_0': 3.462877209278076e-06, 'xi': 0.0658154748162855, 'q0': 0.6970370798529836, 'alpha': 1.3037173239481683, 'beta': 0.3291761938293081, 'rho': 0.413035014315252, 'ants': 16}) and found best instance after 8.609375 seconds.
E1: {(101, 155), (39, 201), (99, 100), (55, 136), (20, 23), (66, 228), (64, 145), (217, 223), (135, 144), (100, 101), (45, 46), (39, 66), (136, 139), (136, 145), (200, 209), (180, 182), (46, 47), (39, 41), (144, 146), (20, 101), (55, 217), (85, 139), (174, 177), (146, 155), (85, 166), (146, 152), (41, 50), (32, 41), (174, 201), (144, 145), (14, 23), (99, 180), (47, 209), (23, 50), (47, 50)}
E2: {(81, 82), (3, 4), (58, 59), (4, 58), (39, 201), (55, 136), (43, 52), (29, 32), (144, 150), (171, 198), (217, 226), (135, 144), (100, 101), (142, 223), (195, 204), (200, 206), (81, 84), (83, 164), (82, 83), (171, 173), (204, 231), (136, 142), (209, 215), (164, 173), (36, 198), (58, 76), (209, 236), (20, 101), (55, 217), (204, 206), (64, 226), (182, 209), (19, 20), (39, 120), (27, 36), (201, 204), (54, 60), (76, 157), (206, 215), (164, 218), (27, 45), (27, 54), (91, 118), (211, 214), (150, 152), (217, 218), (82, 100), (199, 200), (0, 3), (82, 109), (60, 78), (3, 84), (150, 231), (19, 25), (83, 89), (118, 199), (27, 29), (214, 215), (198, 201), (52, 214)}
Obj: 35358

