Log for instance aco_tuning_out/inst03.txt.

Used ({'tau_0': 5.888779735025123e-06, 'xi': 0.14210673593322504, 'q0': 0.5532221197439141, 'alpha': 1.4492226579119356, 'beta': 1.732090480737235, 'rho': 0.42744550361996797, 'ants': 10}) and found best instance after 5.4375 seconds.
E1: {(128, 136), (136, 137), (177, 181), (93, 221), (232, 248), (211, 219), (20, 148), (29, 93), (0, 2), (104, 108), (210, 211), (114, 115), (187, 191), (114, 118), (206, 207), (53, 181), (83, 211), (132, 148), (64, 65), (76, 204), (240, 248), (64, 68), (128, 132), (143, 175), (202, 206), (10, 42), (65, 97), (83, 115), (142, 143), (147, 151), (21, 149), (135, 143), (49, 113), (104, 232), (39, 47), (143, 159), (97, 101), (49, 177), (2, 10), (28, 29), (76, 78), (97, 113), (36, 100), (115, 119), (54, 118), (100, 228), (53, 61), (92, 93), (24, 28), (42, 43), (175, 191), (76, 108), (43, 47), (142, 206), (21, 29), (113, 115), (78, 206), (0, 64), (0, 128), (9, 137), (57, 61), (100, 108), (21, 53), (195, 211), (68, 76), (151, 159)}
E2: {(55, 63), (177, 181), (128, 136), (136, 137), (200, 201), (193, 201), (192, 200), (98, 226), (107, 235), (168, 172), (211, 219), (181, 245), (216, 218), (0, 2), (128, 160), (17, 21), (114, 115), (2, 130), (148, 150), (115, 123), (53, 181), (132, 148), (36, 52), (45, 61), (128, 132), (136, 200), (82, 83), (83, 115), (10, 42), (206, 222), (148, 180), (193, 197), (142, 143), (14, 15), (49, 113), (49, 177), (40, 168), (143, 159), (1, 5), (10, 14), (132, 196), (29, 61), (2, 10), (130, 138), (53, 55), (1, 17), (138, 154), (130, 162), (42, 43), (162, 166), (82, 210), (180, 181), (2, 34), (33, 49), (107, 111), (52, 53), (99, 107), (21, 29), (14, 78), (113, 115), (98, 114), (14, 142), (107, 123), (78, 206), (48, 52), (0, 128), (218, 219), (9, 137), (136, 168), (196, 198), (83, 211), (21, 53)}
Obj: 37750

