Log for instance aco_tuning_out/inst30.txt.

Used ({'tau0': 4.854876741746394e-06, 'xi': 0.1452545140568255, 'q0': 0.42195591018398276, 'alpha': 0.3555439034289861, 'beta': 0.8668501148752592, 'rho': 0.11887721475075397, 'ants': 32}) and found best instance after 252.34375 seconds.
E1: {(9, 63), (144, 150), (133, 214), (171, 198), (76, 79), (214, 241), (133, 134), (31, 58), (22, 76), (81, 162), (9, 12), (211, 238), (81, 82), (171, 177), (84, 102), (151, 152), (81, 84), (117, 144), (3, 21), (209, 236), (25, 79), (214, 215), (90, 91), (162, 171), (21, 22), (76, 238), (31, 32), (195, 204), (198, 200), (209, 215), (238, 241), (117, 198), (9, 171), (12, 14), (90, 171), (1, 4), (198, 204), (3, 4), (4, 58), (150, 151), (117, 120), (63, 64), (0, 1), (82, 109), (3, 84)}
E2: {(171, 198), (100, 101), (52, 79), (74, 155), (73, 74), (118, 124), (25, 52), (100, 103), (103, 184), (64, 73), (199, 200), (174, 228), (97, 124), (151, 152), (79, 160), (173, 176), (164, 173), (20, 101), (91, 100), (118, 199), (0, 18), (101, 155), (97, 151), (195, 204), (164, 182), (101, 107), (18, 45), (91, 145), (198, 204), (91, 172), (166, 184), (18, 20), (150, 151), (135, 141), (107, 134), (171, 173), (177, 204), (141, 150), (118, 145), (109, 118), (151, 160), (172, 173), (157, 160), (174, 176), (155, 236)}
Obj: 37615

