Log for instance aco_tuning_out/inst15.txt.

Used ({'tau0': 4.5971794894411765e-06, 'xi': 0.07935886436067696, 'q0': 0.6133148179425765, 'alpha': 0.959591163017489, 'beta': 1.7442602148622774, 'rho': 0.32248764047634604, 'ants': 29}) and found best instance after 30.859375 seconds.
E1: {(39, 201), (28, 55), (171, 174), (55, 136), (171, 180), (39, 42), (27, 28), (76, 79), (189, 191), (28, 109), (30, 39), (136, 145), (180, 182), (27, 189), (78, 79), (58, 76), (191, 200), (27, 30), (55, 58), (174, 177), (76, 157), (42, 43), (55, 64), (174, 201), (91, 145), (174, 228), (189, 195)}
E2: {(43, 205), (166, 175), (58, 59), (54, 135), (28, 55), (110, 191), (118, 119), (0, 54), (29, 32), (199, 205), (234, 236), (20, 47), (217, 235), (13, 14), (189, 191), (54, 55), (174, 175), (89, 116), (28, 109), (47, 128), (58, 67), (191, 200), (234, 235), (13, 175), (55, 217), (20, 182), (28, 29), (19, 20), (205, 214), (55, 58), (110, 119), (174, 177), (110, 116), (128, 134), (78, 240), (55, 64), (119, 128), (211, 214), (234, 240), (19, 25), (174, 228), (118, 199), (13, 67), (45, 47), (189, 195), (29, 191)}
Obj: 27744

