Log for instance aco_tuning_out/inst24.txt.

Used ({'tau0': 4.324890613407541e-06, 'xi': 0.12290267674013398, 'q0': 0.47304418264323866, 'alpha': 0.9643516325370455, 'beta': 0.8937714391186662, 'rho': 0.17837160642396882, 'ants': 18}) and found best instance after 124.03125 seconds.
E1: {(76, 92), (250, 254), (58, 59), (15, 143), (243, 251), (44, 45), (12, 13), (190, 254), (0, 2), (40, 44), (176, 240), (128, 160), (40, 56), (252, 253), (2, 130), (122, 250), (56, 58), (7, 71), (58, 122), (44, 108), (128, 144), (12, 76), (221, 253), (138, 139), (143, 159), (130, 138), (106, 122), (235, 251), (138, 154), (144, 176), (56, 57), (13, 141), (7, 15), (139, 143), (2, 34), (76, 108), (141, 143), (43, 59), (90, 122), (0, 128), (252, 254), (250, 251)}
E2: {(90, 91), (183, 191), (193, 195), (98, 226), (156, 158), (151, 183), (237, 253), (0, 2), (156, 188), (34, 98), (187, 191), (253, 255), (158, 222), (53, 181), (120, 122), (192, 193), (128, 144), (180, 188), (181, 183), (147, 151), (21, 85), (221, 253), (176, 178), (191, 255), (89, 91), (165, 181), (5, 21), (2, 10), (106, 122), (230, 231), (144, 176), (63, 191), (226, 230), (128, 192), (175, 191), (180, 181), (2, 34), (228, 230), (60, 188), (98, 114), (90, 122), (0, 128), (176, 180), (114, 122), (166, 230), (21, 53)}
Obj: 25584

