Log for instance aco_tuning_out/inst24.txt.

Used ({'tau_0': 8.908613414444593e-06, 'xi': 0.1316659796537964, 'q0': 0.44184378094598165, 'alpha': 1.5856828467501214, 'beta': 0.9751219636880748, 'rho': 0.2735558699054583, 'ants': 18}) and found best instance after 11.25 seconds.
E1: {(76, 92), (137, 139), (42, 106), (71, 87), (90, 94), (41, 43), (243, 251), (58, 62), (86, 87), (0, 2), (128, 160), (176, 240), (141, 157), (87, 95), (157, 221), (40, 41), (92, 94), (186, 250), (2, 130), (157, 159), (252, 253), (62, 190), (137, 141), (41, 45), (128, 144), (12, 76), (41, 57), (221, 253), (31, 95), (31, 159), (34, 42), (187, 251), (235, 251), (144, 176), (2, 34), (15, 31), (76, 108), (42, 58), (40, 42), (86, 94), (186, 187), (0, 128), (154, 186), (186, 190), (62, 63), (31, 63)}
E2: {(183, 191), (98, 226), (60, 62), (0, 2), (87, 95), (178, 179), (89, 217), (1, 3), (147, 179), (131, 195), (34, 98), (187, 191), (221, 223), (53, 181), (231, 239), (128, 144), (180, 182), (98, 106), (181, 183), (3, 131), (88, 120), (165, 181), (0, 1), (31, 95), (179, 183), (95, 223), (1, 5), (2, 10), (85, 87), (74, 90), (63, 191), (88, 89), (166, 182), (180, 181), (2, 34), (175, 191), (237, 239), (222, 223), (228, 236), (98, 114), (223, 255), (217, 221), (0, 128), (236, 237), (10, 74), (62, 63), (131, 147), (31, 63), (175, 239)}
Obj: 27885

