Log for instance aco_tuning_out/inst21.txt.

Used ({'tau_0': 6.895901444357542e-06, 'xi': 0.11930677293557751, 'q0': 0.7766820476791325, 'alpha': 1.762448247826621, 'beta': 0.8740652131662537, 'rho': 0.21713520092331218, 'ants': 13}) and found best instance after 8.796875 seconds.
E1: {(166, 175), (38, 200), (226, 229), (29, 32), (179, 233), (29, 38), (176, 179), (171, 198), (152, 233), (201, 202), (171, 173), (171, 225), (36, 198), (173, 179), (173, 182), (64, 226), (135, 216), (196, 205), (175, 176), (36, 45), (174, 177), (196, 223), (14, 176), (202, 205), (174, 201), (225, 228), (216, 225), (202, 229), (36, 38), (174, 176)}
E2: {(43, 205), (163, 164), (226, 232), (226, 229), (18, 20), (99, 100), (54, 135), (119, 200), (118, 119), (21, 22), (199, 202), (184, 211), (179, 233), (178, 179), (100, 101), (72, 234), (172, 178), (57, 75), (152, 233), (121, 148), (223, 232), (72, 75), (22, 184), (83, 164), (148, 229), (195, 222), (72, 78), (180, 182), (163, 172), (30, 57), (84, 86), (86, 89), (20, 101), (3, 30), (57, 59), (64, 226), (19, 20), (30, 32), (109, 118), (120, 121), (21, 75), (18, 21), (54, 72), (205, 232), (182, 236), (45, 72), (178, 232), (99, 180), (216, 222), (3, 84), (202, 229), (19, 25), (118, 199), (83, 86), (216, 234), (0, 18), (148, 157), (91, 172)}
Obj: 32888

