Log for instance aco_tuning_out/inst21.txt.

Used ({'tau0': 6.7016855702575265e-06, 'xi': 0.11061032973207813, 'q0': 0.8522979141088549, 'alpha': 0.9933756089527778, 'beta': 1.0108153997499625, 'rho': 0.20257431029412304, 'ants': 17}) and found best instance after 30.265625 seconds.
E1: {(81, 82), (226, 232), (3, 4), (226, 229), (20, 23), (171, 177), (151, 232), (228, 229), (29, 191), (29, 32), (171, 198), (205, 206), (151, 152), (200, 206), (223, 232), (83, 164), (171, 173), (82, 83), (81, 84), (164, 173), (191, 197), (36, 198), (164, 182), (64, 226), (164, 191), (197, 206), (36, 45), (4, 166), (81, 135), (205, 232), (14, 23), (3, 84), (20, 182)}
E2: {(81, 82), (145, 146), (226, 232), (3, 4), (4, 58), (58, 59), (93, 120), (31, 32), (208, 211), (84, 93), (199, 205), (208, 214), (171, 198), (223, 232), (83, 164), (136, 145), (171, 173), (82, 83), (81, 84), (19, 100), (72, 78), (103, 157), (164, 173), (36, 198), (86, 89), (209, 236), (31, 34), (164, 182), (64, 226), (118, 145), (198, 199), (100, 103), (31, 58), (205, 214), (36, 45), (81, 135), (33, 34), (91, 118), (109, 136), (205, 232), (146, 152), (45, 72), (208, 209), (82, 100), (199, 200), (0, 3), (3, 84), (19, 25), (118, 199), (83, 86), (33, 195), (43, 205)}
Obj: 31637

