Log for instance aco_tuning_out/inst21.txt.

Used ({'tau_0': 9.387858024888234e-06, 'xi': 0.14290215705758647, 'q0': 0.4917258290014144, 'alpha': 1.0227666505205433, 'beta': 1.168523363313268, 'rho': 0.2926263236671505, 'ants': 22}) and found best instance after 19.09375 seconds.
E1: {(216, 218), (29, 32), (167, 176), (29, 47), (227, 233), (218, 224), (152, 233), (164, 167), (200, 227), (164, 182), (64, 226), (135, 216), (164, 191), (166, 167), (174, 177), (226, 227), (224, 233), (164, 218), (14, 176), (174, 228), (45, 47), (174, 176), (29, 191), (223, 224)}
E2: {(83, 110), (119, 200), (162, 168), (78, 80), (31, 32), (47, 74), (236, 239), (109, 110), (238, 239), (34, 43), (65, 146), (39, 66), (64, 65), (162, 216), (77, 239), (83, 164), (82, 83), (157, 238), (162, 164), (77, 80), (168, 195), (31, 34), (66, 68), (164, 182), (135, 216), (39, 120), (68, 77), (110, 119), (26, 80), (82, 91), (146, 152), (59, 68), (0, 162), (119, 146), (169, 223), (32, 59), (211, 238), (74, 80), (83, 89), (65, 74), (45, 47), (168, 169), (25, 26)}
Obj: 27748

