Log for instance aco_tuning_out/inst30.txt.

Used ({'tau0': 2.693231228771534e-06, 'xi': 0.06741045013783678, 'q0': 0.34341334065428447, 'alpha': 1.6251653731737596, 'beta': 0.8948148014172467, 'rho': 0.1267448319977672, 'ants': 32}) and found best instance after 50.15625 seconds.
E1: {(93, 102), (145, 146), (162, 171), (162, 168), (93, 120), (171, 177), (41, 122), (125, 134), (146, 227), (64, 145), (184, 211), (176, 185), (122, 125), (125, 152), (227, 236), (93, 95), (22, 184), (171, 173), (173, 176), (168, 195), (22, 25), (200, 227), (118, 145), (95, 122), (109, 118), (184, 185), (14, 176), (91, 118), (0, 162), (173, 227), (32, 41), (95, 176)}
E2: {(171, 174), (162, 171), (45, 126), (171, 177), (125, 134), (64, 145), (106, 160), (171, 198), (195, 204), (125, 152), (227, 236), (157, 160), (117, 126), (171, 173), (163, 166), (124, 125), (118, 124), (200, 227), (173, 182), (108, 126), (108, 135), (118, 145), (109, 118), (151, 160), (117, 198), (91, 118), (162, 163), (0, 162), (173, 227), (25, 106), (124, 151), (174, 228), (117, 118), (198, 204)}
Obj: 28011

