Log for instance aco_tuning_out/inst06.txt.

Used ({'tau_0': 1.6439317200303233e-06, 'xi': 0.07746694961935612, 'q0': 0.6106338054732293, 'alpha': 1.8489351800014946, 'beta': 0.9702307798494468, 'rho': 0.2665529796010956, 'ants': 30}) and found best instance after 22.375 seconds.
E1: {(47, 175), (25, 29), (81, 85), (188, 190), (133, 135), (206, 238), (22, 23), (237, 253), (192, 224), (202, 234), (17, 21), (82, 114), (1, 3), (132, 133), (53, 181), (196, 212), (174, 175), (166, 174), (192, 196), (202, 206), (105, 109), (206, 222), (202, 203), (82, 83), (224, 240), (180, 188), (20, 22), (46, 47), (221, 253), (39, 47), (17, 81), (17, 145), (172, 174), (129, 145), (1, 5), (132, 196), (45, 109), (232, 234), (109, 237), (24, 25), (110, 238), (130, 162), (249, 253), (162, 166), (81, 83), (203, 207), (180, 181), (6, 22), (20, 21), (82, 210), (81, 89), (46, 110), (21, 29), (78, 206), (5, 133), (1, 129), (45, 47), (21, 53), (172, 188)}
E2: {(128, 130), (90, 91), (193, 195), (32, 34), (193, 201), (32, 40), (188, 190), (229, 231), (197, 229), (0, 2), (193, 225), (196, 197), (2, 66), (1, 3), (187, 191), (156, 188), (189, 191), (196, 212), (128, 129), (64, 68), (128, 132), (193, 197), (32, 36), (83, 115), (162, 170), (188, 189), (180, 188), (89, 91), (170, 171), (0, 1), (229, 245), (17, 81), (1, 5), (132, 196), (115, 119), (1, 17), (32, 96), (130, 162), (162, 166), (226, 230), (81, 83), (81, 89), (2, 34), (175, 191), (162, 163), (101, 229), (171, 187), (0, 64), (0, 128), (2, 18), (166, 230), (159, 191)}
Obj: 32122

