Log for instance aco_tuning_out/inst12.txt.

Used ({'tau0': 4.324890613407541e-06, 'xi': 0.12290267674013398, 'q0': 0.47304418264323866, 'alpha': 0.9643516325370455, 'beta': 0.8937714391186662, 'rho': 0.17837160642396882, 'ants': 18}) and found best instance after 35.5 seconds.
E1: {(123, 204), (194, 197), (45, 126), (99, 100), (18, 99), (116, 134), (126, 132), (101, 182), (100, 101), (195, 204), (167, 194), (89, 116), (0, 18), (99, 102), (116, 197), (195, 197), (99, 126), (32, 194), (123, 132), (166, 167), (91, 100), (202, 205), (202, 211), (82, 100), (82, 109), (204, 205), (43, 205), (120, 123)}
E2: {(101, 155), (58, 59), (99, 100), (171, 177), (171, 180), (29, 32), (19, 73), (29, 47), (171, 198), (135, 144), (107, 134), (20, 47), (100, 101), (61, 223), (166, 220), (34, 43), (58, 220), (198, 200), (89, 107), (103, 130), (34, 61), (28, 109), (130, 157), (58, 61), (99, 102), (60, 61), (144, 146), (20, 101), (100, 103), (19, 20), (28, 29), (130, 211), (146, 155), (64, 73), (146, 152), (101, 107), (99, 180), (60, 78), (19, 25), (45, 47), (28, 34), (155, 236)}
Obj: 30120

