Log for instance aco_tuning_out/inst30.txt.

Used ({'tau0': 5.998921288673613e-06, 'xi': 0.12799050366072715, 'q0': 0.730921478054052, 'alpha': 1.5055228070199218, 'beta': 0.3739261379740735, 'rho': 0.1599798192967875, 'ants': 28}) and found best instance after 28.171875 seconds.
E1: {(171, 177), (0, 2), (171, 198), (195, 204), (198, 200), (151, 152), (83, 164), (171, 173), (82, 83), (200, 209), (209, 215), (16, 25), (211, 212), (173, 176), (164, 173), (120, 201), (209, 236), (70, 151), (134, 215), (100, 103), (50, 212), (102, 103), (15, 16), (2, 83), (201, 204), (16, 70), (64, 70), (14, 176), (82, 91), (32, 50), (82, 100), (82, 109), (15, 177), (212, 215), (198, 201)}
E2: {(163, 164), (145, 146), (226, 229), (162, 171), (55, 136), (171, 177), (162, 168), (228, 229), (171, 198), (198, 200), (83, 164), (162, 164), (82, 83), (136, 145), (16, 25), (163, 166), (36, 198), (168, 195), (58, 76), (164, 182), (64, 226), (36, 45), (15, 16), (55, 58), (76, 157), (128, 134), (146, 155), (82, 91), (0, 162), (146, 152), (145, 226), (128, 155), (135, 136), (82, 109), (15, 177), (82, 136), (155, 236)}
Obj: 31391

