Log for instance aco_tuning_out/inst21.txt.

Used ({'tau0': 5.984400518709856e-06, 'xi': 0.13241385165248287, 'q0': 0.4542903648549634, 'alpha': 0.4898957854025313, 'beta': 0.29966337375676566, 'rho': 0.06680927871977722, 'ants': 9}) and found best instance after 299.96875 seconds.
E1: {(166, 175), (55, 136), (175, 202), (61, 70), (38, 41), (38, 47), (38, 44), (61, 223), (201, 202), (200, 209), (42, 44), (177, 204), (44, 71), (182, 209), (201, 204), (55, 61), (55, 64), (32, 41), (71, 152), (70, 71), (201, 228), (135, 136), (47, 209), (42, 204), (45, 47), (14, 41)}
E2: {(145, 146), (58, 59), (55, 136), (0, 54), (31, 32), (121, 130), (34, 43), (54, 55), (34, 61), (136, 145), (130, 157), (200, 209), (60, 61), (7, 25), (46, 47), (7, 34), (209, 236), (31, 34), (31, 49), (182, 209), (31, 58), (88, 89), (130, 211), (120, 121), (55, 61), (33, 34), (109, 136), (55, 64), (146, 152), (7, 88), (46, 49), (135, 136), (60, 78), (91, 145), (47, 209), (45, 47), (33, 195), (49, 130), (61, 223)}
Obj: 26540

