Log for instance aco_tuning_out/inst06.txt.

Used ({'tau0': 1.4630188820263259e-06, 'xi': 0.0776783694791692, 'q0': 0.7839075030693623, 'alpha': 0.5603503117369445, 'beta': 0.5204984007438819, 'rho': 0.4796233950660777, 'ants': 12}) and found best instance after 11.875 seconds.
E1: {(192, 194), (47, 175), (105, 107), (139, 203), (156, 158), (211, 219), (61, 189), (210, 211), (87, 95), (157, 221), (129, 131), (17, 21), (156, 188), (11, 139), (114, 118), (91, 95), (83, 211), (174, 175), (45, 61), (143, 175), (6, 14), (174, 190), (202, 206), (105, 109), (206, 222), (202, 203), (194, 202), (192, 208), (142, 143), (188, 189), (180, 188), (157, 189), (46, 47), (221, 253), (89, 91), (135, 143), (142, 158), (234, 238), (39, 47), (17, 145), (172, 174), (129, 145), (85, 87), (166, 167), (131, 139), (232, 234), (174, 238), (135, 167), (109, 237), (249, 253), (24, 28), (208, 240), (111, 127), (139, 143), (203, 207), (107, 111), (3, 11), (203, 219), (126, 127), (23, 87), (118, 126), (78, 206), (14, 142), (208, 212), (130, 131), (28, 156), (21, 53), (95, 127), (47, 111)}
E2: {(64, 66), (119, 127), (193, 195), (193, 201), (42, 170), (91, 123), (156, 158), (220, 222), (0, 2), (129, 131), (193, 225), (17, 21), (156, 188), (187, 191), (123, 127), (212, 220), (4, 36), (158, 222), (128, 129), (174, 175), (96, 97), (64, 68), (128, 132), (193, 197), (174, 190), (206, 222), (220, 221), (26, 90), (58, 122), (142, 143), (188, 189), (180, 188), (245, 253), (3, 131), (221, 253), (70, 78), (89, 91), (5, 21), (97, 101), (142, 158), (143, 159), (170, 174), (17, 145), (129, 145), (230, 231), (199, 231), (226, 230), (175, 191), (2, 34), (131, 163), (158, 190), (42, 58), (4, 132), (40, 42), (78, 206), (0, 64), (129, 193), (0, 128), (66, 70), (195, 199), (26, 58), (97, 225), (122, 123), (2, 18), (166, 230)}
Obj: 38032

