Log for instance aco_tuning_out/inst30.txt.

Used ({'tau_0': 2.3890526897386258e-06, 'xi': 0.09728269253474063, 'q0': 0.5264084644635578, 'alpha': 0.34480659763074994, 'beta': 1.2781748892293714, 'rho': 0.12380145068388254, 'ants': 25}) and found best instance after 298.578125 seconds.
E1: {(120, 129), (6, 15), (119, 200), (194, 212), (125, 152), (129, 210), (168, 177), (99, 105), (15, 96), (99, 102), (168, 195), (64, 226), (123, 132), (110, 119), (14, 17), (96, 123), (129, 132), (0, 6), (123, 125), (110, 191), (118, 119), (210, 211), (199, 226), (15, 17), (105, 106), (209, 212), (209, 236), (191, 209), (32, 194), (109, 118), (91, 118), (25, 106), (105, 132), (6, 168), (210, 212), (132, 134), (118, 199)}
E2: {(18, 72), (132, 213), (166, 220), (200, 206), (10, 91), (25, 52), (139, 220), (134, 215), (85, 139), (54, 72), (144, 145), (225, 228), (216, 225), (0, 9), (234, 240), (171, 177), (51, 132), (171, 225), (82, 83), (213, 240), (51, 52), (164, 173), (209, 236), (234, 235), (213, 215), (82, 85), (171, 172), (10, 172), (216, 234), (54, 135), (195, 204), (145, 148), (83, 164), (209, 215), (136, 154), (153, 234), (154, 235), (9, 18), (154, 155), (64, 145), (144, 153), (171, 173), (173, 182), (204, 206), (155, 161), (45, 51), (206, 215), (109, 136), (72, 153), (152, 161), (148, 157)}
Obj: 35649

