Log for instance aco_tuning_out/inst30.txt.

Used ({'tau_0': 3.462877209278076e-06, 'xi': 0.0658154748162855, 'q0': 0.6970370798529836, 'alpha': 1.3037173239481683, 'beta': 0.3291761938293081, 'rho': 0.413035014315252, 'ants': 16}) and found best instance after 7.046875 seconds.
E1: {(226, 232), (198, 225), (39, 201), (18, 20), (55, 136), (139, 148), (20, 23), (21, 22), (184, 211), (217, 220), (152, 233), (58, 220), (121, 148), (22, 184), (200, 209), (136, 145), (30, 39), (209, 215), (58, 67), (58, 76), (209, 236), (225, 226), (139, 220), (55, 217), (134, 215), (118, 145), (19, 20), (196, 205), (30, 32), (174, 177), (120, 121), (21, 75), (64, 67), (18, 21), (109, 136), (205, 232), (145, 226), (174, 201), (199, 200), (14, 23), (21, 102), (91, 145), (75, 76), (19, 25), (195, 196), (118, 199), (0, 18), (198, 201), (232, 233)}
E2: {(145, 146), (36, 117), (162, 171), (128, 209), (171, 177), (162, 168), (84, 87), (66, 228), (18, 20), (55, 136), (135, 138), (207, 209), (139, 157), (144, 147), (171, 198), (217, 220), (87, 168), (149, 152), (166, 220), (200, 209), (136, 145), (84, 138), (117, 144), (168, 195), (36, 198), (209, 236), (139, 220), (45, 207), (55, 217), (64, 226), (182, 209), (19, 20), (66, 147), (128, 134), (146, 149), (146, 155), (109, 136), (0, 162), (145, 226), (128, 155), (91, 145), (19, 25), (0, 18), (198, 207)}
Obj: 37711

