Log for instance aco_tuning_out/inst18.txt.

Used ({'tau0': 5.7232384546733595e-06, 'xi': 0.1429672685027304, 'q0': 0.57445047410033, 'alpha': 1.4195433954167913, 'beta': 1.4047255855017542, 'rho': 0.4106053256096564, 'ants': 31}) and found best instance after 44.0625 seconds.
E1: {(55, 63), (136, 137), (128, 136), (82, 90), (58, 62), (150, 151), (128, 160), (225, 227), (2, 66), (252, 253), (1, 3), (1, 9), (221, 223), (83, 211), (224, 225), (110, 111), (62, 126), (215, 223), (45, 61), (209, 213), (85, 213), (197, 213), (82, 83), (61, 63), (147, 151), (99, 227), (245, 253), (221, 253), (80, 82), (31, 95), (95, 223), (31, 159), (46, 62), (1, 5), (29, 61), (213, 215), (209, 211), (110, 238), (160, 224), (137, 201), (46, 110), (57, 61), (9, 137), (2, 3), (2, 6), (39, 55), (62, 63), (66, 82), (31, 63), (151, 159), (54, 62)}
E2: {(136, 137), (128, 136), (56, 184), (26, 30), (108, 109), (163, 179), (86, 87), (150, 151), (101, 109), (128, 160), (104, 108), (210, 211), (87, 95), (82, 114), (252, 253), (1, 9), (40, 56), (221, 223), (115, 123), (78, 110), (62, 126), (110, 126), (82, 83), (83, 115), (82, 86), (142, 143), (26, 154), (245, 253), (221, 253), (24, 56), (31, 95), (40, 104), (31, 159), (95, 223), (143, 159), (104, 232), (1, 5), (244, 245), (140, 142), (240, 244), (110, 238), (56, 60), (81, 83), (81, 89), (108, 110), (54, 62), (140, 172), (51, 115), (51, 179), (30, 62), (113, 115), (80, 81), (9, 137), (72, 104), (66, 82), (83, 211), (30, 31), (151, 159), (136, 140)}
Obj: 29802

