Log for instance aco_tuning_out/inst30.txt.

Used ({'tau0': 6.1953877645287985e-06, 'xi': 0.12592428493863295, 'q0': 0.5371346552036473, 'alpha': 0.6164150020009103, 'beta': 1.0047990339648631, 'rho': 0.10018538445968772, 'ants': 21}) and found best instance after 152.515625 seconds.
E1: {(18, 72), (74, 155), (18, 21), (123, 125), (118, 119), (109, 110), (24, 25), (72, 74), (119, 125), (91, 118), (32, 50), (128, 155), (21, 102), (65, 74), (0, 18), (119, 200), (50, 131), (125, 152), (195, 204), (64, 65), (211, 212), (21, 24), (110, 119), (128, 134), (41, 50), (74, 236), (14, 41), (120, 123), (123, 204), (177, 204), (50, 212), (128, 131), (110, 128)}
E2: {(18, 72), (144, 150), (171, 198), (24, 26), (145, 154), (150, 152), (199, 200), (144, 145), (174, 228), (162, 165), (20, 26), (20, 101), (24, 25), (72, 74), (91, 118), (0, 162), (118, 199), (101, 128), (65, 74), (171, 174), (162, 171), (195, 204), (64, 65), (136, 145), (128, 134), (74, 236), (18, 45), (198, 204), (18, 20), (127, 128), (101, 182), (154, 157), (165, 166), (177, 204), (118, 127), (118, 145), (198, 199), (109, 127), (135, 136)}
Obj: 29952

