Log for instance aco_tuning_out/inst12.txt.

Used ({'tau0': 5.432541354150304e-06, 'xi': 0.1098768506848867, 'q0': 0.588663995987506, 'alpha': 1.0903417143977059, 'beta': 1.0292353817624138, 'rho': 0.37868431591672963, 'ants': 31}) and found best instance after 19.484375 seconds.
E1: {(83, 110), (43, 205), (166, 175), (39, 201), (210, 211), (171, 198), (109, 110), (91, 92), (195, 204), (0, 81), (92, 173), (171, 173), (99, 102), (120, 201), (81, 99), (36, 198), (39, 41), (173, 182), (36, 45), (201, 204), (178, 205), (128, 134), (81, 83), (201, 210), (32, 41), (110, 128), (83, 89), (204, 205), (83, 92), (175, 178), (198, 201)}
E2: {(1, 28), (4, 58), (3, 4), (58, 59), (119, 200), (84, 87), (125, 134), (87, 89), (29, 32), (84, 102), (135, 153), (76, 79), (134, 161), (87, 168), (166, 220), (58, 220), (160, 161), (28, 109), (168, 177), (72, 78), (79, 160), (58, 67), (58, 76), (153, 155), (28, 29), (155, 161), (196, 205), (25, 79), (193, 196), (119, 125), (76, 157), (196, 223), (64, 67), (45, 72), (193, 211), (72, 153), (193, 220), (152, 161), (3, 84), (1, 4), (43, 205), (155, 236)}
Obj: 31268

