Log for instance aco_tuning_out/inst21.txt.

Used ({'tau_0': 5.072339472437726e-06, 'xi': 0.06750660483788565, 'q0': 0.39673942663117334, 'alpha': 1.3764884196051321, 'beta': 0.7955077619397278, 'rho': 0.4521931615046479, 'ants': 17}) and found best instance after 6.875 seconds.
E1: {(175, 184), (166, 184), (39, 201), (14, 68), (175, 202), (222, 231), (198, 200), (63, 64), (201, 202), (200, 209), (204, 231), (177, 204), (39, 41), (63, 225), (135, 216), (182, 209), (68, 71), (54, 63), (201, 204), (54, 72), (32, 41), (71, 152), (222, 223), (45, 72), (225, 228), (216, 225), (216, 222), (14, 41), (198, 201)}
E2: {(81, 82), (18, 72), (189, 207), (18, 20), (208, 211), (217, 223), (40, 41), (43, 70), (75, 78), (221, 224), (135, 153), (218, 224), (100, 101), (189, 198), (0, 81), (198, 200), (117, 120), (49, 130), (45, 46), (218, 236), (83, 164), (72, 75), (130, 157), (30, 39), (189, 195), (67, 70), (207, 208), (20, 101), (40, 49), (44, 71), (100, 106), (30, 32), (153, 234), (59, 221), (40, 67), (46, 208), (164, 218), (41, 44), (117, 198), (81, 83), (82, 91), (64, 70), (25, 106), (71, 152), (72, 153), (46, 49), (217, 218), (39, 40), (82, 109), (83, 89), (207, 234), (0, 18), (20, 182)}
Obj: 32856

