Log for instance aco_tuning_out/inst03.txt.

Used ({'tau_0': 6.651155935593466e-06, 'xi': 0.0698190378741818, 'q0': 0.8638669115585977, 'alpha': 1.1622049190539232, 'beta': 1.595958584283492, 'rho': 0.31540247478897615, 'ants': 9}) and found best instance after 7.78125 seconds.
E1: {(177, 181), (105, 107), (244, 246), (114, 118), (96, 97), (147, 151), (20, 22), (101, 117), (117, 119), (226, 227), (32, 96), (240, 244), (24, 28), (0, 64), (0, 128), (49, 57), (65, 193), (151, 159), (136, 137), (243, 251), (210, 211), (39, 167), (158, 222), (132, 148), (249, 251), (64, 68), (142, 143), (99, 227), (20, 28), (165, 181), (97, 101), (132, 196), (135, 167), (249, 253), (98, 114), (9, 73), (9, 137), (96, 98), (200, 201), (193, 195), (165, 167), (211, 219), (228, 244), (97, 105), (73, 105), (187, 191), (76, 204), (32, 36), (221, 253), (49, 113), (49, 177), (143, 159), (76, 78), (148, 149), (194, 198), (200, 232), (78, 206), (143, 207), (196, 198), (115, 243), (22, 54), (128, 136), (193, 201), (65, 73), (53, 117), (198, 206), (53, 181), (143, 175), (83, 115), (206, 222), (194, 202), (142, 158), (54, 118), (226, 230), (175, 191), (230, 246), (149, 181), (99, 107), (113, 115), (28, 92), (83, 211)}
E2: {(177, 181), (105, 107), (244, 246), (148, 150), (96, 97), (14, 15), (48, 56), (29, 61), (97, 113), (166, 167), (63, 191), (32, 96), (24, 28), (32, 160), (2, 34), (59, 123), (33, 49), (0, 128), (136, 137), (243, 251), (0, 2), (210, 211), (158, 222), (132, 148), (249, 251), (10, 42), (142, 143), (216, 220), (165, 181), (1, 5), (132, 196), (249, 253), (128, 192), (98, 114), (9, 137), (96, 98), (8, 40), (154, 158), (165, 167), (43, 171), (97, 105), (1, 9), (34, 98), (187, 191), (8, 24), (174, 175), (45, 61), (193, 197), (32, 36), (245, 253), (221, 253), (49, 113), (49, 177), (143, 159), (10, 14), (172, 174), (244, 245), (2, 10), (28, 29), (137, 201), (180, 181), (42, 58), (196, 198), (115, 243), (128, 136), (193, 201), (58, 59), (171, 235), (198, 206), (56, 58), (192, 196), (143, 175), (83, 115), (206, 222), (220, 221), (24, 56), (142, 158), (17, 81), (226, 230), (81, 83), (175, 191), (230, 246), (107, 111), (99, 107), (113, 115), (171, 187), (83, 211)}
Obj: 42565

