Log for instance aco_tuning_out/inst06.txt.

Used ({'tau0': 8.524494344253886e-06, 'xi': 0.09819260408139344, 'q0': 0.8088391626043536, 'alpha': 1.5978494389623978, 'beta': 0.3615392099783453, 'rho': 0.32122496368584613, 'ants': 32}) and found best instance after 26.875 seconds.
E1: {(128, 130), (128, 136), (188, 190), (108, 109), (98, 226), (156, 158), (4, 6), (206, 238), (3, 19), (210, 211), (39, 167), (87, 95), (244, 246), (252, 253), (156, 188), (91, 95), (198, 206), (158, 222), (83, 211), (206, 207), (196, 212), (143, 175), (128, 132), (192, 196), (136, 200), (105, 109), (206, 222), (142, 143), (180, 188), (198, 230), (147, 151), (221, 253), (21, 85), (89, 91), (142, 158), (143, 159), (129, 145), (132, 196), (28, 29), (76, 78), (166, 167), (45, 109), (135, 167), (109, 237), (110, 238), (249, 253), (24, 28), (240, 244), (226, 230), (230, 246), (145, 147), (147, 211), (76, 108), (188, 252), (46, 110), (23, 87), (21, 29), (98, 114), (78, 206), (23, 151), (4, 132), (200, 232), (196, 198), (135, 151), (19, 83), (28, 156), (21, 53), (172, 188), (151, 159)}
E2: {(90, 91), (193, 195), (193, 201), (162, 226), (188, 190), (156, 158), (70, 198), (40, 44), (193, 225), (196, 197), (2, 66), (244, 246), (1, 3), (156, 188), (187, 191), (83, 91), (189, 191), (198, 206), (158, 222), (83, 211), (196, 212), (192, 193), (192, 196), (96, 97), (83, 115), (206, 222), (44, 108), (198, 230), (142, 143), (188, 189), (147, 151), (180, 188), (162, 170), (89, 91), (142, 158), (97, 101), (143, 159), (17, 145), (1, 5), (244, 245), (132, 196), (198, 199), (76, 78), (115, 119), (129, 145), (199, 231), (226, 230), (230, 246), (175, 191), (2, 34), (147, 211), (166, 182), (76, 108), (162, 163), (145, 147), (182, 190), (78, 206), (66, 70), (2, 3), (196, 198), (68, 70), (97, 225), (2, 18), (36, 44), (151, 159)}
Obj: 35395

