Log for instance aco_tuning_out/inst06.txt.

Used ({'tau_0': 5.341643627837584e-06, 'xi': 0.12828902895224037, 'q0': 0.5825040751853071, 'alpha': 1.680352012001748, 'beta': 1.7927432976473112, 'rho': 0.24781837895583786, 'ants': 32}) and found best instance after 26.625 seconds.
E1: {(192, 194), (156, 158), (232, 248), (84, 212), (206, 238), (237, 253), (87, 95), (17, 21), (82, 114), (130, 194), (1, 3), (156, 188), (91, 95), (206, 207), (158, 222), (166, 174), (174, 175), (240, 248), (174, 190), (82, 83), (105, 109), (206, 222), (180, 188), (21, 85), (46, 47), (221, 253), (248, 249), (89, 91), (39, 47), (83, 87), (172, 174), (85, 87), (134, 166), (45, 109), (1, 17), (109, 237), (249, 253), (24, 28), (82, 210), (84, 85), (158, 190), (134, 135), (194, 210), (23, 87), (46, 174), (78, 206), (130, 134), (1, 129), (45, 47), (28, 156), (21, 53), (6, 134)}
E2: {(241, 245), (193, 195), (193, 201), (162, 226), (156, 158), (84, 212), (40, 44), (193, 225), (87, 95), (196, 197), (2, 66), (1, 3), (36, 37), (187, 191), (156, 188), (68, 84), (87, 119), (88, 90), (96, 97), (143, 175), (193, 197), (162, 170), (142, 143), (188, 189), (180, 188), (84, 92), (134, 142), (31, 95), (142, 158), (97, 101), (31, 159), (143, 159), (1, 5), (132, 196), (225, 241), (68, 196), (134, 166), (230, 231), (1, 17), (88, 89), (88, 92), (162, 166), (226, 230), (175, 191), (162, 163), (2, 34), (158, 190), (129, 193), (1, 129), (2, 3), (132, 134), (97, 225), (37, 101), (2, 18), (36, 44)}
Obj: 31050

