Log for instance aco_tuning_out/inst24.txt.

Used ({'tau0': 1.4630188820263259e-06, 'xi': 0.0776783694791692, 'q0': 0.7839075030693623, 'alpha': 0.5603503117369445, 'beta': 0.5204984007438819, 'rho': 0.4796233950660777, 'ants': 12}) and found best instance after 10.40625 seconds.
E1: {(171, 235), (99, 103), (243, 251), (154, 158), (155, 187), (156, 158), (147, 155), (12, 13), (13, 45), (99, 115), (43, 171), (0, 2), (176, 240), (12, 28), (242, 243), (252, 253), (249, 251), (88, 90), (240, 242), (0, 32), (10, 42), (147, 151), (98, 106), (12, 76), (221, 253), (49, 113), (31, 159), (143, 159), (114, 242), (2, 10), (235, 251), (144, 176), (249, 253), (88, 92), (13, 141), (42, 43), (32, 160), (139, 143), (2, 34), (15, 31), (158, 190), (76, 108), (71, 103), (42, 58), (171, 187), (113, 115), (130, 131), (98, 114), (40, 42), (49, 57), (115, 243), (242, 250), (28, 92), (28, 156), (131, 147), (158, 159), (151, 159)}
E2: {(90, 91), (55, 63), (177, 181), (243, 251), (155, 187), (147, 155), (182, 183), (151, 183), (52, 180), (237, 253), (0, 2), (242, 243), (121, 249), (91, 95), (253, 255), (5, 37), (158, 222), (53, 181), (85, 213), (224, 228), (249, 251), (231, 239), (128, 144), (147, 151), (221, 253), (52, 60), (89, 91), (165, 181), (31, 95), (31, 159), (178, 242), (114, 242), (187, 251), (2, 10), (213, 215), (106, 122), (199, 231), (151, 215), (249, 253), (120, 121), (55, 183), (37, 53), (226, 227), (145, 147), (166, 182), (2, 34), (195, 227), (52, 53), (144, 145), (145, 177), (0, 128), (195, 199), (199, 215), (114, 122), (158, 159), (224, 226), (151, 159), (175, 239)}
Obj: 32422

