Log for instance aco_tuning_out/inst24.txt.

Used ({'tau_0': 4.5971794894411765e-06, 'xi': 0.07935886436067696, 'q0': 0.6133148179425765, 'alpha': 0.959591163017489, 'beta': 1.7442602148622774, 'rho': 0.32248764047634604, 'ants': 29}) and found best instance after 27.90625 seconds.
E1: {(76, 92), (42, 106), (171, 235), (99, 103), (243, 251), (12, 13), (13, 45), (151, 183), (43, 171), (0, 2), (176, 240), (57, 121), (252, 253), (186, 250), (121, 249), (2, 130), (249, 251), (10, 42), (160, 176), (58, 186), (151, 159), (12, 76), (90, 218), (99, 227), (221, 253), (14, 15), (179, 183), (139, 171), (10, 14), (2, 10), (235, 251), (144, 176), (249, 253), (130, 162), (13, 141), (218, 250), (2, 34), (76, 108), (71, 103), (42, 58), (40, 42), (154, 186), (179, 243), (186, 190), (227, 243), (13, 15), (160, 162), (250, 251)}
E2: {(183, 191), (42, 106), (90, 91), (180, 244), (60, 62), (228, 244), (237, 253), (178, 179), (147, 179), (187, 191), (221, 223), (91, 95), (253, 255), (53, 181), (85, 213), (88, 90), (166, 230), (10, 42), (181, 183), (221, 253), (191, 255), (88, 120), (165, 181), (89, 91), (69, 85), (179, 183), (95, 223), (2, 10), (213, 221), (230, 231), (63, 191), (226, 227), (226, 230), (175, 191), (180, 181), (50, 114), (145, 147), (2, 34), (50, 178), (195, 227), (222, 223), (144, 145), (5, 69), (179, 243), (62, 63), (34, 50), (227, 243)}
Obj: 27770

