Log for instance aco_tuning_out/inst06.txt.

Used ({'tau_0': 6.651155935593466e-06, 'xi': 0.0698190378741818, 'q0': 0.8638669115585977, 'alpha': 1.1622049190539232, 'beta': 1.595958584283492, 'rho': 0.31540247478897615, 'ants': 9}) and found best instance after 8.890625 seconds.
E1: {(177, 181), (105, 107), (196, 197), (244, 246), (28, 30), (166, 174), (105, 109), (31, 95), (29, 61), (240, 244), (24, 28), (98, 226), (5, 7), (99, 115), (210, 211), (1, 3), (7, 71), (197, 213), (14, 30), (167, 175), (1, 5), (129, 145), (132, 196), (135, 167), (249, 253), (71, 103), (98, 114), (132, 134), (30, 31), (47, 111), (47, 175), (200, 201), (99, 103), (211, 219), (87, 95), (91, 95), (78, 110), (174, 175), (14, 46), (45, 61), (193, 197), (221, 253), (49, 113), (49, 177), (212, 213), (172, 174), (28, 29), (45, 109), (110, 238), (180, 181), (46, 110), (203, 219), (23, 87), (200, 232), (78, 206), (130, 134), (196, 198), (193, 201), (237, 253), (198, 206), (53, 181), (85, 213), (6, 14), (192, 196), (174, 190), (83, 115), (206, 222), (89, 91), (39, 47), (17, 81), (17, 145), (109, 237), (226, 230), (81, 83), (98, 99), (203, 207), (230, 246), (107, 111), (99, 107), (113, 115), (83, 211)}
E2: {(111, 239), (193, 195), (105, 107), (99, 103), (193, 201), (243, 251), (108, 109), (90, 94), (163, 179), (70, 198), (201, 233), (40, 44), (114, 115), (18, 50), (97, 105), (252, 253), (156, 188), (1, 3), (91, 95), (198, 206), (30, 94), (196, 212), (174, 175), (249, 251), (231, 239), (174, 190), (193, 197), (32, 36), (83, 115), (105, 109), (44, 108), (188, 189), (180, 188), (245, 253), (89, 91), (170, 171), (31, 95), (78, 94), (97, 101), (17, 81), (31, 159), (17, 145), (1, 5), (129, 145), (187, 251), (132, 196), (76, 78), (230, 231), (134, 166), (30, 31), (1, 17), (249, 253), (32, 96), (105, 233), (226, 230), (81, 83), (98, 99), (50, 114), (188, 252), (107, 111), (76, 108), (99, 107), (98, 114), (171, 187), (78, 206), (66, 70), (103, 119), (179, 243), (196, 198), (115, 243), (132, 134), (97, 225), (68, 70), (34, 50), (96, 98), (175, 239)}
Obj: 42107

