Log for instance aco_tuning_out/inst21.txt.

Used ({'tau0': 1.3763468429827451e-06, 'xi': 0.13059886401904963, 'q0': 0.7970081104032578, 'alpha': 0.9961946895439933, 'beta': 0.8455334921092874, 'rho': 0.2687684260652423, 'ants': 32}) and found best instance after 31.65625 seconds.
E1: {(166, 175), (203, 206), (180, 183), (37, 64), (175, 202), (64, 145), (40, 41), (142, 223), (125, 152), (45, 46), (174, 175), (200, 206), (136, 145), (136, 142), (202, 203), (180, 182), (125, 206), (41, 203), (174, 177), (174, 183), (32, 41), (135, 136), (174, 228), (37, 40), (14, 41), (37, 46)}
E2: {(28, 46), (162, 171), (162, 168), (20, 26), (31, 32), (171, 180), (64, 145), (75, 78), (20, 47), (66, 75), (142, 223), (34, 43), (89, 107), (45, 46), (39, 66), (160, 161), (72, 75), (136, 145), (107, 161), (28, 109), (136, 142), (209, 215), (200, 209), (180, 182), (46, 47), (168, 195), (209, 236), (31, 34), (66, 68), (39, 120), (211, 214), (0, 162), (59, 68), (45, 72), (135, 136), (26, 107), (152, 161), (142, 160), (91, 145), (47, 209), (214, 215), (157, 160), (28, 34), (20, 182), (25, 26)}
Obj: 28711

