Log for instance aco_tuning_out/inst24.txt.

Used ({'tau0': 8.037069826251222e-06, 'xi': 0.09645020294268639, 'q0': 0.6378636958577493, 'alpha': 1.5874523603304216, 'beta': 1.117749324798499, 'rho': 0.3122873583242921, 'ants': 22}) and found best instance after 12.953125 seconds.
E1: {(128, 130), (128, 136), (136, 137), (42, 106), (58, 59), (26, 30), (243, 251), (15, 143), (58, 62), (12, 13), (13, 45), (0, 2), (128, 160), (141, 157), (92, 94), (186, 250), (252, 253), (157, 159), (244, 252), (30, 94), (7, 71), (62, 190), (10, 42), (58, 186), (26, 90), (128, 144), (12, 76), (221, 253), (57, 59), (9, 13), (2, 10), (235, 251), (240, 244), (13, 141), (7, 15), (139, 143), (2, 34), (76, 108), (141, 143), (42, 58), (43, 59), (40, 42), (0, 128), (9, 137), (26, 58), (154, 186), (157, 221), (250, 251)}
E2: {(55, 63), (42, 106), (58, 62), (155, 187), (147, 155), (180, 244), (50, 58), (72, 88), (206, 238), (60, 62), (228, 244), (0, 2), (49, 53), (244, 246), (252, 253), (187, 191), (253, 255), (198, 206), (244, 252), (53, 181), (230, 238), (10, 42), (206, 222), (26, 90), (128, 144), (21, 85), (221, 253), (88, 120), (165, 181), (49, 113), (5, 21), (236, 238), (198, 199), (2, 10), (53, 55), (199, 231), (63, 191), (55, 183), (72, 74), (226, 230), (230, 246), (180, 181), (2, 34), (50, 114), (81, 89), (62, 63), (50, 178), (175, 191), (42, 58), (0, 128), (26, 58), (236, 237), (195, 199), (81, 113), (10, 74), (166, 230), (21, 53)}
Obj: 29515

