Log for instance aco_tuning_out/inst24.txt.

Used ({'tau0': 2.3890526897386258e-06, 'xi': 0.09728269253474063, 'q0': 0.5264084644635578, 'alpha': 0.34480659763074994, 'beta': 1.2781748892293714, 'rho': 0.12380145068388254, 'ants': 25}) and found best instance after 164.46875 seconds.
E1: {(76, 92), (15, 79), (32, 34), (15, 143), (154, 158), (58, 59), (146, 154), (171, 235), (32, 40), (12, 13), (50, 58), (13, 45), (43, 171), (242, 243), (146, 178), (34, 50), (252, 253), (220, 252), (240, 242), (0, 32), (12, 76), (221, 253), (144, 146), (57, 59), (143, 159), (114, 242), (106, 122), (13, 141), (71, 79), (32, 160), (139, 143), (50, 114), (158, 190), (76, 108), (141, 143), (50, 178), (43, 59), (90, 122), (242, 250), (114, 122), (130, 146), (92, 220), (158, 159)}
E2: {(183, 191), (90, 91), (98, 226), (155, 187), (220, 222), (147, 155), (237, 253), (146, 178), (34, 50), (252, 253), (187, 191), (220, 252), (253, 255), (53, 181), (120, 122), (146, 147), (21, 85), (181, 183), (221, 253), (191, 255), (165, 181), (144, 146), (89, 91), (5, 21), (2, 10), (106, 122), (230, 231), (199, 231), (63, 191), (226, 230), (56, 60), (175, 191), (180, 181), (50, 114), (2, 34), (228, 230), (50, 178), (98, 114), (90, 122), (195, 199), (114, 122), (166, 230), (21, 53), (56, 120)}
Obj: 24632

