Log for instance aco_tuning_out/inst12.txt.

Used ({'tau0': 3.0612586277534457e-06, 'xi': 0.1329622135219483, 'q0': 0.7756772068120196, 'alpha': 1.8931956829423289, 'beta': 1.9972080014998133, 'rho': 0.18753105830604566, 'ants': 22}) and found best instance after 21.578125 seconds.
E1: {(163, 164), (39, 201), (109, 190), (208, 214), (181, 208), (20, 47), (100, 101), (190, 208), (30, 33), (201, 202), (83, 164), (30, 39), (163, 166), (47, 128), (120, 201), (163, 181), (0, 1), (20, 101), (164, 182), (100, 103), (205, 214), (102, 103), (30, 32), (91, 100), (128, 134), (202, 205), (202, 211), (1, 163), (83, 89), (33, 195), (45, 47), (43, 205), (100, 181)}
E2: {(163, 164), (226, 232), (171, 174), (189, 216), (99, 100), (5, 59), (181, 187), (208, 211), (179, 233), (208, 214), (83, 137), (171, 198), (181, 208), (25, 187), (100, 101), (5, 86), (152, 233), (198, 200), (223, 232), (83, 164), (171, 173), (82, 83), (72, 78), (99, 102), (163, 166), (103, 157), (164, 173), (163, 181), (173, 179), (135, 137), (64, 226), (100, 103), (155, 236), (205, 214), (153, 234), (174, 177), (128, 134), (205, 232), (45, 72), (72, 153), (128, 155), (82, 109), (5, 32), (83, 89), (83, 86), (101, 128), (216, 234), (43, 205), (189, 198), (100, 181)}
Obj: 31856

