Log for instance aco_tuning_out/inst15.txt.

Used ({'tau_0': 6.895901444357542e-06, 'xi': 0.11930677293557751, 'q0': 0.7766820476791325, 'alpha': 1.762448247826621, 'beta': 0.8740652131662537, 'rho': 0.21713520092331218, 'ants': 13}) and found best instance after 8.484375 seconds.
E1: {(3, 4), (4, 58), (92, 119), (162, 171), (119, 200), (162, 168), (84, 87), (66, 228), (91, 92), (87, 168), (34, 43), (57, 75), (39, 66), (83, 164), (171, 173), (171, 225), (72, 75), (30, 39), (28, 109), (72, 78), (168, 177), (164, 173), (30, 57), (168, 195), (58, 76), (225, 226), (31, 34), (164, 182), (64, 226), (31, 58), (76, 157), (3, 57), (3, 84), (83, 92), (28, 34)}
E2: {(166, 175), (106, 133), (3, 4), (4, 58), (162, 171), (67, 68), (55, 136), (175, 202), (162, 168), (84, 87), (66, 228), (6, 33), (159, 160), (171, 177), (190, 199), (170, 224), (29, 32), (208, 211), (176, 185), (124, 205), (171, 198), (190, 208), (78, 159), (236, 242), (185, 239), (136, 145), (6, 87), (133, 134), (182, 185), (58, 67), (118, 124), (36, 198), (66, 68), (118, 145), (27, 33), (175, 176), (89, 170), (109, 118), (27, 36), (36, 45), (151, 160), (168, 170), (14, 176), (55, 64), (224, 242), (202, 205), (0, 162), (59, 68), (25, 106), (124, 133), (135, 136), (239, 242), (199, 200), (3, 84), (124, 151), (118, 199), (33, 195), (27, 29), (43, 205)}
Obj: 34355

