Log for instance aco_tuning_out/inst15.txt.

Used ({'tau_0': 1.3763468429827451e-06, 'xi': 0.13059886401904963, 'q0': 0.7970081104032578, 'alpha': 0.9961946895439933, 'beta': 0.8455334921092874, 'rho': 0.2687684260652423, 'ants': 32}) and found best instance after 29.0 seconds.
E1: {(226, 229), (175, 202), (165, 167), (171, 177), (228, 229), (167, 176), (171, 198), (75, 78), (21, 183), (83, 164), (171, 173), (82, 83), (148, 229), (173, 176), (164, 173), (36, 198), (173, 182), (64, 226), (173, 200), (36, 42), (175, 176), (21, 75), (42, 43), (82, 91), (165, 183), (82, 109), (202, 229), (189, 195), (148, 157), (189, 198)}
E2: {(166, 175), (43, 205), (175, 202), (228, 229), (171, 177), (87, 89), (29, 32), (171, 198), (236, 239), (75, 78), (66, 75), (27, 28), (25, 187), (134, 161), (238, 239), (67, 229), (97, 178), (96, 97), (28, 109), (171, 173), (173, 176), (36, 198), (173, 182), (135, 137), (66, 68), (178, 187), (155, 158), (173, 200), (28, 29), (196, 205), (175, 176), (155, 161), (27, 36), (27, 45), (64, 67), (14, 176), (146, 155), (202, 205), (158, 239), (137, 146), (59, 68), (229, 238), (87, 96), (202, 229), (211, 238), (66, 67), (195, 196), (175, 178), (0, 27)}
Obj: 29311

