Log for instance aco_tuning_out/inst27.txt.

Used ({'tau_0': 3.151708497185101e-06, 'xi': 0.05632693656731169, 'q0': 0.5279577748463967, 'alpha': 0.47226881213046684, 'beta': 1.430973702133798, 'rho': 0.06294574331706608, 'ants': 24}) and found best instance after 237.828125 seconds.
E1: {(105, 107), (58, 59), (132, 164), (27, 59), (43, 107), (116, 244), (228, 244), (23, 31), (97, 105), (186, 250), (48, 176), (56, 58), (30, 158), (249, 251), (209, 213), (59, 63), (58, 186), (164, 228), (29, 31), (221, 253), (142, 158), (48, 56), (34, 42), (236, 238), (187, 251), (97, 113), (213, 221), (213, 215), (144, 176), (36, 164), (249, 253), (56, 60), (2, 34), (158, 190), (107, 111), (204, 236), (42, 58), (38, 39), (43, 59), (228, 236), (38, 54), (154, 186), (2, 3), (34, 38), (36, 38), (30, 31), (31, 63), (250, 251)}
E2: {(119, 127), (105, 107), (162, 226), (243, 251), (216, 218), (176, 240), (202, 234), (97, 105), (123, 127), (147, 179), (186, 250), (48, 176), (253, 255), (56, 58), (249, 251), (6, 14), (10, 42), (58, 186), (125, 127), (226, 234), (202, 218), (221, 253), (14, 15), (127, 255), (97, 101), (48, 56), (14, 30), (10, 14), (234, 250), (144, 176), (249, 253), (56, 57), (13, 141), (162, 166), (111, 127), (107, 111), (42, 58), (179, 243), (13, 15), (250, 251)}
Obj: 24406

