Log for instance aco_tuning_out/inst09.txt.

Used ({'tau0': 9.375317187382458e-06, 'xi': 0.1262899054888864, 'q0': 0.7055217120426633, 'alpha': 1.8010444237149952, 'beta': 1.3070739401200755, 'rho': 0.0819059266997208, 'ants': 15}) and found best instance after 56.421875 seconds.
E1: {(166, 175), (151, 232), (159, 160), (176, 185), (84, 102), (123, 124), (236, 239), (78, 159), (0, 81), (185, 239), (157, 160), (223, 232), (83, 164), (81, 84), (173, 176), (164, 173), (86, 89), (43, 124), (175, 176), (81, 135), (151, 160), (14, 176), (81, 83), (178, 232), (124, 151), (83, 86), (175, 178), (177, 178), (120, 123)}
E2: {(123, 204), (87, 89), (134, 161), (195, 204), (3, 165), (157, 160), (223, 232), (160, 161), (30, 39), (204, 231), (232, 241), (165, 166), (79, 160), (177, 204), (3, 30), (39, 120), (238, 241), (30, 32), (231, 232), (25, 79), (96, 123), (87, 96), (32, 59), (0, 3), (18, 45), (152, 161), (79, 241), (211, 238), (0, 18), (120, 123)}
Obj: 26411

