Log for instance aco_tuning_out/inst03.txt.

Used ({'tau_0': 1.774794369235601e-06, 'xi': 0.05178086251934671, 'q0': 0.765199417754037, 'alpha': 1.7110920267750438, 'beta': 1.3090193389783644, 'rho': 0.2964096563219366, 'ants': 12}) and found best instance after 8.65625 seconds.
E1: {(76, 92), (136, 137), (128, 136), (177, 181), (200, 201), (145, 149), (193, 201), (243, 251), (193, 195), (164, 165), (211, 219), (133, 135), (228, 244), (57, 121), (65, 73), (121, 249), (114, 118), (8, 24), (133, 165), (253, 255), (37, 39), (53, 181), (187, 191), (76, 204), (249, 251), (64, 68), (73, 77), (82, 83), (83, 115), (65, 97), (25, 153), (147, 151), (164, 228), (221, 253), (191, 255), (165, 181), (49, 113), (112, 114), (49, 177), (97, 101), (112, 120), (8, 136), (115, 119), (20, 52), (149, 151), (9, 25), (97, 113), (54, 118), (195, 203), (36, 164), (200, 202), (249, 253), (120, 121), (240, 244), (37, 53), (175, 191), (145, 153), (82, 210), (203, 207), (52, 53), (200, 232), (113, 115), (0, 64), (0, 128), (9, 137), (145, 177), (76, 77), (115, 243), (83, 211), (200, 204)}
E2: {(177, 181), (116, 244), (17, 21), (114, 118), (116, 118), (147, 151), (48, 56), (166, 167), (209, 211), (32, 96), (32, 160), (2, 34), (59, 123), (33, 49), (59, 187), (118, 126), (218, 222), (0, 128), (66, 82), (151, 159), (136, 137), (132, 164), (147, 155), (5, 7), (70, 198), (216, 218), (0, 2), (164, 180), (40, 56), (66, 194), (62, 126), (0, 32), (82, 83), (10, 42), (193, 209), (165, 181), (132, 196), (37, 53), (40, 42), (98, 114), (9, 137), (66, 70), (96, 98), (162, 226), (146, 154), (155, 187), (165, 167), (43, 171), (34, 162), (146, 147), (193, 197), (49, 113), (49, 177), (143, 159), (244, 245), (2, 10), (147, 211), (82, 210), (42, 58), (196, 198), (62, 63), (192, 194), (128, 136), (193, 201), (171, 235), (58, 59), (15, 143), (150, 151), (36, 37), (198, 206), (53, 181), (37, 45), (83, 115), (206, 222), (7, 15), (98, 99), (107, 111), (99, 107), (164, 172), (171, 187), (113, 115), (83, 211), (21, 53)}
Obj: 43273

