Log for instance aco_tuning_out/inst12.txt.

Used ({'tau0': 1.6998009274389792e-06, 'xi': 0.07574288908876978, 'q0': 0.3437997878588728, 'alpha': 0.9960324515524092, 'beta': 0.6033193519507508, 'rho': 0.22849098583736227, 'ants': 30}) and found best instance after 28.546875 seconds.
E1: {(81, 82), (33, 42), (84, 87), (93, 120), (87, 89), (33, 51), (84, 93), (84, 102), (101, 182), (0, 81), (81, 84), (211, 212), (81, 99), (33, 114), (134, 215), (50, 212), (213, 215), (45, 51), (51, 213), (42, 43), (82, 85), (99, 101), (82, 91), (85, 166), (32, 50), (82, 109), (33, 195), (212, 215), (87, 114)}
E2: {(72, 73), (81, 82), (58, 59), (84, 87), (78, 80), (31, 32), (76, 238), (82, 163), (87, 89), (179, 233), (19, 73), (84, 102), (218, 224), (34, 43), (152, 233), (218, 236), (81, 84), (72, 78), (163, 166), (53, 80), (58, 76), (191, 200), (31, 34), (55, 217), (31, 58), (191, 218), (55, 58), (163, 217), (76, 157), (224, 233), (81, 135), (177, 179), (73, 76), (64, 73), (53, 134), (45, 72), (217, 218), (82, 109), (211, 238), (19, 25), (223, 224)}
Obj: 29534

