Log for instance aco_tuning_out/inst30.txt.

Used ({'tau0': 1.909159906569024e-06, 'xi': 0.11956886836355252, 'q0': 0.3752425237189395, 'alpha': 1.7473087080286895, 'beta': 0.3768151318487377, 'rho': 0.3399270042677068, 'ants': 31}) and found best instance after 15.890625 seconds.
E1: {(10, 37), (145, 146), (37, 64), (110, 191), (31, 32), (9, 11), (11, 14), (109, 110), (172, 178), (189, 191), (102, 104), (189, 195), (7, 25), (118, 121), (191, 200), (9, 10), (31, 40), (118, 145), (128, 131), (104, 131), (130, 211), (120, 121), (128, 134), (91, 118), (146, 155), (146, 152), (4, 7), (110, 128), (10, 172), (128, 155), (130, 131), (0, 9), (4, 31), (37, 40), (40, 121), (177, 178), (155, 236)}
E2: {(166, 175), (81, 82), (101, 155), (20, 26), (6, 33), (20, 47), (100, 101), (11, 20), (1, 82), (64, 65), (174, 175), (6, 8), (200, 209), (163, 166), (103, 157), (0, 1), (20, 101), (11, 65), (100, 103), (8, 26), (155, 161), (91, 100), (174, 177), (81, 135), (128, 134), (82, 91), (1, 163), (128, 155), (152, 161), (82, 109), (47, 209), (174, 228), (33, 195), (45, 47), (20, 182), (25, 26), (155, 236)}
Obj: 32857

