Log for instance aco_tuning_out/inst15.txt.

Used ({'tau0': 4.822265207889503e-06, 'xi': 0.13540262306958187, 'q0': 0.6138627392147109, 'alpha': 1.667403283011879, 'beta': 1.0113699636281308, 'rho': 0.16684714562074338, 'ants': 26}) and found best instance after 23.3125 seconds.
E1: {(162, 171), (37, 64), (119, 200), (162, 168), (66, 228), (171, 198), (66, 69), (36, 37), (109, 110), (39, 66), (171, 173), (168, 177), (156, 157), (168, 195), (36, 198), (173, 182), (38, 119), (36, 39), (66, 147), (110, 119), (171, 172), (147, 156), (69, 78), (36, 38), (37, 43), (91, 172)}
E2: {(83, 110), (166, 175), (189, 216), (37, 64), (5, 59), (119, 200), (175, 202), (118, 119), (162, 168), (66, 228), (208, 211), (190, 199), (109, 110), (190, 208), (5, 86), (39, 66), (162, 216), (209, 215), (168, 177), (40, 202), (27, 189), (168, 195), (86, 89), (209, 236), (134, 215), (135, 216), (182, 209), (189, 190), (19, 20), (110, 119), (27, 45), (78, 240), (0, 162), (208, 209), (37, 199), (5, 14), (39, 40), (234, 240), (5, 32), (19, 25), (118, 199), (37, 40), (83, 86), (216, 234), (37, 43), (20, 182)}
Obj: 27379

