Log for instance aco_tuning_out/inst09.txt.

Used ({'tau_0': 6.916816029978271e-06, 'xi': 0.13109583259981678, 'q0': 0.7096508529113955, 'alpha': 0.8294099029859726, 'beta': 1.23731470593669, 'rho': 0.12314043168046776, 'ants': 23}) and found best instance after 76.015625 seconds.
E1: {(166, 175), (175, 202), (84, 102), (0, 81), (227, 236), (223, 232), (83, 164), (81, 84), (157, 238), (232, 241), (173, 176), (164, 173), (120, 201), (78, 79), (238, 241), (175, 176), (174, 177), (81, 135), (14, 176), (81, 83), (202, 205), (205, 232), (173, 227), (174, 201), (79, 241), (83, 89), (43, 205), (174, 176)}
E2: {(166, 175), (81, 82), (175, 202), (32, 113), (116, 134), (167, 176), (195, 204), (152, 233), (0, 81), (167, 221), (120, 201), (7, 25), (36, 198), (113, 116), (86, 104), (86, 113), (175, 176), (157, 158), (59, 221), (36, 45), (201, 204), (174, 177), (224, 233), (81, 83), (82, 88), (202, 211), (7, 88), (104, 158), (174, 201), (86, 167), (83, 89), (83, 86), (221, 224), (174, 176), (198, 201), (223, 224)}
Obj: 25789

