Log for instance aco_tuning_out/inst21.txt.

Used ({'tau0': 3.0001635742109975e-06, 'xi': 0.10185978321027386, 'q0': 0.44627514452798456, 'alpha': 0.42223734675301555, 'beta': 0.774592723916731, 'rho': 0.08073686501278173, 'ants': 8}) and found best instance after 191.3125 seconds.
E1: {(166, 175), (37, 64), (175, 202), (171, 177), (151, 232), (228, 229), (171, 180), (40, 41), (171, 198), (36, 37), (198, 200), (151, 152), (223, 232), (40, 202), (108, 117), (180, 182), (36, 198), (108, 135), (36, 45), (117, 198), (229, 232), (32, 41), (202, 229), (37, 40), (14, 41)}
E2: {(81, 82), (37, 64), (151, 232), (87, 89), (208, 211), (38, 41), (36, 37), (195, 204), (208, 235), (117, 120), (198, 200), (0, 81), (151, 152), (157, 160), (223, 232), (37, 118), (81, 87), (181, 235), (79, 160), (118, 124), (36, 198), (78, 79), (118, 127), (235, 236), (36, 45), (109, 118), (25, 79), (81, 135), (151, 160), (117, 198), (91, 118), (82, 91), (32, 41), (181, 182), (32, 59), (124, 151), (127, 208), (36, 38), (198, 204), (37, 43)}
Obj: 26487

