Log for instance aco_tuning_out/inst18.txt.

Used ({'tau0': 3.462877209278076e-06, 'xi': 0.0658154748162855, 'q0': 0.6970370798529836, 'alpha': 1.3037173239481683, 'beta': 0.3291761938293081, 'rho': 0.413035014315252, 'ants': 16}) and found best instance after 9.5 seconds.
E1: {(55, 63), (128, 136), (136, 137), (197, 205), (99, 103), (58, 59), (86, 87), (150, 151), (0, 2), (39, 103), (3, 19), (128, 160), (87, 95), (2, 66), (1, 3), (54, 55), (62, 126), (197, 213), (45, 61), (6, 14), (201, 205), (238, 254), (26, 90), (147, 151), (31, 95), (0, 1), (57, 59), (31, 159), (46, 62), (10, 14), (1, 5), (2, 10), (29, 61), (85, 87), (213, 215), (10, 26), (110, 238), (47, 63), (81, 83), (107, 111), (213, 245), (99, 107), (46, 110), (87, 215), (80, 81), (66, 70), (0, 128), (70, 86), (9, 137), (57, 61), (19, 83), (252, 254), (39, 55), (62, 63), (45, 47), (31, 63), (151, 159), (209, 213)}
E2: {(177, 181), (148, 150), (18, 19), (105, 109), (31, 95), (112, 114), (1, 17), (120, 124), (24, 28), (32, 160), (55, 63), (136, 137), (243, 251), (108, 109), (70, 198), (121, 249), (115, 123), (132, 148), (168, 232), (62, 126), (249, 251), (82, 83), (29, 31), (165, 181), (97, 101), (40, 168), (1, 5), (132, 196), (249, 253), (18, 146), (76, 108), (52, 53), (112, 113), (66, 70), (9, 137), (70, 86), (30, 31), (146, 154), (165, 167), (168, 184), (86, 87), (40, 44), (87, 95), (97, 105), (91, 95), (12, 76), (245, 253), (221, 253), (12, 140), (80, 82), (49, 113), (49, 177), (172, 174), (28, 29), (76, 78), (120, 121), (110, 238), (82, 210), (46, 110), (196, 198), (115, 243), (19, 83), (62, 63), (12, 44), (136, 140), (168, 172), (163, 167), (72, 76), (32, 40), (112, 240), (252, 253), (142, 174), (53, 181), (83, 115), (51, 55), (52, 54), (70, 78), (89, 91), (46, 62), (60, 124), (113, 115), (17, 19), (49, 51), (31, 63)}
Obj: 40389

