Log for instance aco_tuning_out/inst06.txt.

Used ({'tau0': 4.498936448740942e-06, 'xi': 0.13853729626942535, 'q0': 0.527822666374638, 'alpha': 1.6196713237028468, 'beta': 0.6656100225587412, 'rho': 0.18622598889901743, 'ants': 24}) and found best instance after 225.453125 seconds.
E1: {(192, 194), (7, 23), (132, 164), (3, 7), (133, 135), (206, 238), (164, 180), (210, 214), (130, 194), (82, 114), (89, 217), (83, 91), (212, 214), (132, 133), (206, 207), (174, 175), (23, 55), (166, 174), (174, 190), (82, 83), (25, 89), (206, 222), (105, 109), (173, 237), (89, 91), (129, 133), (234, 238), (83, 87), (172, 174), (85, 87), (232, 234), (214, 222), (6, 7), (53, 55), (24, 25), (174, 238), (45, 173), (109, 237), (217, 249), (241, 249), (240, 241), (82, 210), (164, 166), (194, 210), (173, 175), (23, 87), (46, 174), (78, 206), (7, 39), (217, 221)}
E2: {(90, 91), (193, 195), (193, 201), (132, 164), (188, 190), (164, 180), (193, 225), (2, 66), (1, 3), (156, 188), (187, 191), (132, 133), (91, 95), (68, 69), (174, 175), (166, 174), (197, 213), (96, 97), (174, 190), (193, 197), (163, 227), (188, 189), (245, 247), (89, 91), (129, 133), (31, 95), (170, 174), (97, 101), (31, 159), (40, 168), (1, 5), (212, 213), (1, 17), (36, 164), (226, 227), (119, 247), (168, 170), (175, 191), (2, 34), (164, 166), (213, 245), (195, 227), (5, 133), (69, 197), (129, 193), (2, 3), (97, 225), (227, 231), (2, 18), (159, 191)}
Obj: 29353

