Log for instance aco_tuning_out/inst24.txt.

Used ({'tau_0': 8.93751488559124e-06, 'xi': 0.07498280708831719, 'q0': 0.7003533283222684, 'alpha': 1.84655149702223, 'beta': 0.36999618301213544, 'rho': 0.353807119950786, 'ants': 24}) and found best instance after 11.046875 seconds.
E1: {(76, 92), (15, 79), (26, 30), (32, 40), (243, 251), (108, 109), (171, 235), (156, 158), (99, 103), (43, 171), (0, 2), (12, 28), (97, 99), (97, 105), (28, 30), (2, 130), (156, 188), (252, 253), (249, 251), (45, 61), (0, 32), (9, 41), (10, 42), (138, 170), (105, 109), (26, 90), (128, 144), (162, 170), (12, 76), (188, 189), (41, 57), (221, 253), (98, 106), (78, 79), (14, 30), (138, 139), (9, 13), (10, 14), (2, 10), (28, 29), (29, 61), (76, 78), (225, 241), (235, 251), (138, 154), (240, 241), (249, 253), (130, 162), (13, 141), (98, 99), (2, 34), (41, 105), (76, 108), (158, 190), (158, 159), (71, 103), (42, 58), (0, 128), (97, 225), (28, 156), (189, 253), (160, 162), (250, 251)}
E2: {(55, 63), (105, 107), (162, 226), (132, 164), (146, 154), (108, 109), (156, 158), (228, 229), (229, 237), (4, 12), (152, 154), (164, 180), (178, 179), (146, 178), (89, 217), (97, 105), (187, 191), (186, 250), (156, 188), (34, 162), (253, 255), (53, 181), (158, 222), (85, 213), (249, 251), (146, 147), (105, 109), (206, 222), (26, 90), (4, 5), (164, 228), (12, 76), (181, 183), (221, 253), (191, 255), (165, 181), (144, 152), (112, 114), (178, 242), (112, 120), (179, 183), (114, 242), (225, 229), (106, 107), (198, 199), (2, 10), (132, 196), (76, 78), (213, 221), (10, 26), (199, 231), (249, 253), (55, 183), (162, 166), (175, 191), (180, 181), (2, 34), (76, 108), (162, 178), (60, 188), (217, 221), (78, 206), (154, 186), (195, 199), (196, 198), (97, 225), (250, 251)}
Obj: 36896

