Log for instance aco_tuning_out/inst18.txt.

Used ({'tau_0': 8.753936472387218e-06, 'xi': 0.09720016068128765, 'q0': 0.8231293796694477, 'alpha': 0.5431396504147108, 'beta': 1.6359800101718294, 'rho': 0.1536282766541045, 'ants': 15}) and found best instance after 47.34375 seconds.
E1: {(128, 136), (136, 137), (81, 85), (150, 151), (0, 2), (128, 160), (2, 66), (1, 3), (156, 188), (148, 150), (132, 148), (85, 213), (62, 126), (215, 223), (45, 61), (128, 132), (209, 213), (197, 213), (148, 156), (10, 42), (61, 63), (147, 151), (39, 47), (95, 223), (46, 62), (1, 5), (2, 10), (29, 61), (213, 215), (74, 90), (110, 238), (151, 215), (137, 201), (47, 63), (42, 46), (54, 62), (107, 111), (213, 245), (188, 252), (99, 107), (46, 110), (42, 58), (80, 81), (9, 137), (0, 128), (57, 61), (2, 3), (10, 74), (2, 6), (62, 63), (151, 159), (47, 111)}
E2: {(128, 136), (136, 137), (168, 172), (71, 87), (26, 30), (154, 158), (91, 123), (156, 158), (168, 184), (5, 7), (86, 87), (163, 179), (0, 2), (128, 160), (210, 211), (2, 66), (252, 253), (114, 118), (83, 91), (148, 150), (156, 188), (78, 110), (54, 55), (132, 148), (148, 156), (7, 71), (62, 126), (30, 158), (128, 132), (168, 232), (24, 26), (10, 42), (51, 55), (245, 253), (221, 253), (89, 91), (142, 158), (97, 101), (46, 62), (83, 87), (244, 245), (2, 10), (97, 113), (54, 118), (72, 74), (110, 238), (240, 244), (81, 83), (108, 110), (42, 46), (188, 252), (60, 188), (46, 110), (51, 179), (40, 42), (80, 81), (81, 113), (0, 128), (9, 137), (10, 74), (83, 211), (86, 118), (172, 188), (54, 62)}
Obj: 30987

