Log for instance aco_tuning_out/inst06.txt.

Used ({'tau0': 4.854876741746394e-06, 'xi': 0.1452545140568255, 'q0': 0.42195591018398276, 'alpha': 0.3555439034289861, 'beta': 0.8668501148752592, 'rho': 0.11887721475075397, 'ants': 32}) and found best instance after 161.1875 seconds.
E1: {(156, 188), (166, 174), (199, 207), (38, 46), (29, 61), (24, 28), (38, 39), (208, 212), (157, 221), (121, 249), (82, 83), (3, 131), (6, 38), (53, 61), (249, 253), (194, 210), (172, 188), (188, 190), (192, 224), (129, 131), (135, 199), (130, 194), (174, 175), (45, 61), (156, 157), (192, 208), (180, 188), (221, 253), (28, 29), (194, 198), (82, 210), (46, 174), (78, 206), (224, 232), (192, 194), (206, 238), (237, 253), (82, 114), (198, 206), (174, 190), (206, 222), (21, 85), (105, 121), (198, 199), (208, 240), (174, 238), (89, 121), (21, 23), (130, 131), (28, 156), (21, 53)}
E2: {(156, 188), (87, 119), (96, 97), (162, 170), (188, 189), (31, 95), (31, 159), (1, 17), (32, 96), (162, 163), (2, 34), (213, 245), (68, 70), (97, 225), (98, 226), (70, 198), (193, 225), (1, 3), (197, 213), (97, 101), (1, 5), (132, 196), (66, 98), (66, 70), (129, 193), (159, 191), (96, 98), (90, 91), (193, 195), (162, 226), (188, 190), (87, 95), (187, 191), (34, 98), (91, 95), (174, 175), (193, 197), (32, 36), (180, 188), (212, 213), (199, 231), (162, 166), (2, 3), (196, 198), (193, 201), (32, 40), (174, 190), (89, 91), (170, 174), (198, 199), (175, 191), (2, 18)}
Obj: 30627

