Log for instance aco_tuning_out/inst21.txt.

Used ({'tau_0': 7.35696843598511e-06, 'xi': 0.13099405837312028, 'q0': 0.39430175087041053, 'alpha': 1.838983583452214, 'beta': 0.7213281426644318, 'rho': 0.11968092308615733, 'ants': 31}) and found best instance after 115.734375 seconds.
E1: {(189, 216), (171, 177), (166, 193), (2, 164), (190, 193), (190, 196), (11, 14), (2, 5), (2, 11), (189, 191), (64, 65), (171, 225), (27, 189), (191, 200), (164, 182), (11, 65), (135, 216), (164, 191), (27, 45), (196, 223), (71, 152), (190, 191), (225, 228), (216, 225), (65, 71), (5, 32)}
E2: {(72, 73), (58, 59), (54, 135), (34, 196), (0, 54), (208, 211), (19, 73), (199, 208), (116, 143), (34, 43), (208, 235), (198, 200), (28, 109), (10, 91), (72, 78), (120, 201), (89, 143), (58, 76), (31, 34), (198, 199), (19, 20), (73, 235), (31, 58), (235, 236), (76, 157), (196, 223), (32, 35), (73, 76), (64, 73), (54, 72), (45, 72), (35, 116), (143, 152), (34, 35), (19, 25), (195, 196), (10, 19), (28, 34), (198, 201), (20, 182)}
Obj: 28091

