Log for instance aco_tuning_out/inst09.txt.

Used ({'tau_0': 9.387858024888234e-06, 'xi': 0.14290215705758647, 'q0': 0.4917258290014144, 'alpha': 1.0227666505205433, 'beta': 1.168523363313268, 'rho': 0.2926263236671505, 'ants': 22}) and found best instance after 20.09375 seconds.
E1: {(43, 205), (166, 175), (175, 202), (162, 168), (87, 89), (50, 131), (236, 242), (205, 206), (240, 242), (130, 157), (223, 241), (168, 177), (81, 87), (99, 102), (120, 201), (81, 99), (177, 204), (50, 212), (240, 241), (201, 204), (81, 135), (206, 215), (78, 240), (202, 205), (41, 50), (0, 162), (215, 242), (81, 162), (130, 131), (204, 205), (212, 215), (14, 41)}
E2: {(201, 203), (185, 188), (166, 184), (194, 203), (184, 211), (179, 233), (162, 189), (152, 233), (189, 191), (89, 107), (26, 188), (209, 215), (103, 157), (120, 201), (107, 188), (191, 194), (191, 209), (134, 215), (32, 194), (103, 184), (184, 185), (224, 233), (177, 179), (0, 162), (32, 59), (47, 209), (188, 215), (179, 188), (45, 47), (189, 195), (223, 224), (25, 26)}
Obj: 28384

