Log for instance aco_tuning_out/inst24.txt.

Used ({'tau0': 4.585564497822685e-06, 'xi': 0.058757171197309443, 'q0': 0.34722321487260577, 'alpha': 1.3834921966172709, 'beta': 0.8673616661090202, 'rho': 0.2097770542871472, 'ants': 11}) and found best instance after 8.828125 seconds.
E1: {(76, 92), (160, 168), (15, 143), (188, 190), (146, 154), (12, 13), (13, 45), (0, 2), (176, 240), (128, 160), (141, 157), (242, 243), (57, 185), (2, 130), (122, 250), (11, 139), (240, 242), (58, 122), (128, 144), (188, 189), (12, 76), (157, 189), (78, 79), (144, 146), (234, 235), (40, 168), (143, 159), (106, 122), (76, 78), (144, 176), (13, 141), (153, 185), (71, 79), (145, 153), (2, 34), (139, 143), (11, 43), (76, 108), (188, 252), (141, 143), (144, 145), (153, 157), (0, 128), (90, 122), (242, 250), (106, 234), (157, 221)}
E2: {(47, 175), (182, 183), (151, 183), (44, 60), (130, 194), (2, 130), (221, 223), (133, 165), (253, 255), (53, 181), (120, 122), (231, 239), (88, 90), (44, 108), (180, 182), (226, 234), (181, 183), (21, 85), (147, 151), (221, 253), (176, 178), (88, 120), (165, 181), (234, 235), (194, 226), (106, 110), (235, 239), (239, 255), (2, 10), (187, 251), (106, 122), (235, 251), (144, 176), (88, 89), (194, 195), (226, 230), (166, 182), (47, 63), (2, 34), (237, 239), (228, 230), (108, 110), (222, 223), (5, 133), (176, 180), (106, 234), (114, 122), (166, 230), (21, 53), (175, 239)}
Obj: 29004

