Log for instance aco_tuning_out/inst27.txt.

Used ({'tau_0': 2.693231228771534e-06, 'xi': 0.06741045013783678, 'q0': 0.34341334065428447, 'alpha': 1.6251653731737596, 'beta': 0.8948148014172467, 'rho': 0.1267448319977672, 'ants': 32}) and found best instance after 44.53125 seconds.
E1: {(154, 155), (132, 164), (146, 154), (155, 187), (52, 116), (22, 23), (28, 30), (142, 174), (205, 221), (249, 251), (36, 52), (62, 190), (209, 213), (174, 190), (52, 54), (28, 60), (164, 228), (52, 60), (144, 146), (39, 47), (113, 241), (11, 27), (27, 155), (187, 251), (28, 29), (213, 215), (213, 221), (174, 238), (36, 164), (241, 249), (47, 63), (2, 34), (11, 43), (54, 62), (43, 47), (3, 11), (22, 30), (209, 241), (2, 3), (204, 205), (62, 63), (250, 251), (47, 111)}
E2: {(119, 127), (182, 183), (151, 183), (216, 218), (176, 240), (242, 243), (48, 176), (123, 127), (56, 58), (240, 242), (6, 14), (10, 42), (243, 247), (220, 221), (125, 127), (147, 151), (202, 218), (14, 15), (216, 220), (101, 117), (127, 255), (14, 30), (48, 56), (10, 14), (144, 176), (183, 247), (117, 125), (56, 57), (13, 141), (119, 247), (111, 127), (218, 250), (166, 182), (226, 242), (42, 58), (242, 250), (13, 15)}
Obj: 24939

