Log for instance aco_tuning_out/inst24.txt.

Used ({'tau_0': 6.233831045293282e-06, 'xi': 0.10451661342493951, 'q0': 0.8893124268375978, 'alpha': 1.349306787935924, 'beta': 0.6109712049564031, 'rho': 0.46309129670203547, 'ants': 8}) and found best instance after 3.390625 seconds.
E1: {(185, 249), (105, 107), (244, 246), (156, 188), (96, 97), (105, 109), (147, 151), (31, 159), (240, 244), (226, 227), (32, 96), (32, 160), (153, 185), (2, 34), (0, 128), (151, 159), (136, 137), (243, 251), (108, 109), (156, 158), (147, 155), (12, 13), (0, 2), (92, 94), (40, 56), (158, 222), (249, 251), (10, 42), (142, 143), (99, 227), (78, 79), (129, 145), (249, 253), (56, 57), (145, 153), (188, 252), (76, 108), (71, 103), (98, 114), (30, 31), (96, 98), (42, 106), (99, 103), (146, 154), (155, 187), (43, 171), (129, 131), (97, 105), (187, 191), (174, 175), (146, 147), (12, 76), (221, 253), (176, 184), (143, 159), (114, 242), (2, 10), (76, 78), (45, 109), (144, 176), (139, 143), (42, 58), (78, 206), (26, 58), (242, 250), (128, 136), (15, 79), (171, 235), (252, 253), (30, 94), (56, 58), (137, 141), (174, 190), (206, 222), (26, 90), (142, 158), (184, 185), (13, 141), (226, 230), (175, 191), (230, 246), (99, 107), (171, 187), (130, 131)}
E2: {(177, 181), (146, 178), (244, 246), (156, 188), (96, 97), (105, 109), (147, 151), (31, 95), (179, 183), (31, 159), (166, 167), (2, 34), (0, 128), (122, 126), (151, 159), (55, 63), (90, 94), (243, 251), (108, 109), (156, 158), (147, 155), (12, 13), (0, 2), (121, 249), (158, 222), (62, 126), (249, 251), (128, 144), (142, 143), (165, 181), (95, 223), (106, 122), (213, 215), (249, 253), (188, 252), (76, 108), (14, 78), (98, 114), (166, 230), (215, 223), (96, 98), (200, 201), (193, 195), (155, 187), (5, 13), (228, 244), (202, 234), (97, 105), (187, 191), (91, 95), (253, 255), (244, 252), (146, 147), (12, 76), (221, 253), (49, 113), (49, 177), (143, 159), (10, 14), (2, 10), (76, 78), (232, 234), (55, 183), (120, 121), (147, 211), (180, 181), (200, 232), (78, 206), (62, 63), (94, 95), (193, 201), (167, 231), (252, 253), (53, 181), (85, 213), (202, 206), (83, 115), (206, 222), (89, 91), (142, 158), (226, 230), (175, 191), (230, 246), (237, 239), (60, 188), (113, 115), (179, 243), (83, 211), (175, 239)}
Obj: 44822

