Log for instance aco_tuning_out/inst03.txt.

Used ({'tau0': 8.93751488559124e-06, 'xi': 0.07498280708831719, 'q0': 0.7003533283222684, 'alpha': 1.84655149702223, 'beta': 0.36999618301213544, 'rho': 0.353807119950786, 'ants': 24}) and found best instance after 13.578125 seconds.
E1: {(200, 201), (177, 181), (108, 109), (211, 219), (61, 125), (133, 135), (125, 253), (133, 141), (181, 245), (228, 244), (201, 233), (8, 9), (210, 211), (87, 95), (97, 105), (65, 73), (187, 191), (8, 24), (83, 211), (53, 181), (68, 84), (76, 204), (109, 125), (45, 61), (105, 109), (65, 97), (83, 115), (44, 108), (147, 151), (20, 22), (221, 253), (84, 92), (159, 191), (49, 113), (31, 95), (97, 101), (39, 47), (49, 177), (31, 159), (83, 87), (143, 159), (244, 245), (115, 119), (20, 52), (53, 61), (200, 202), (240, 244), (105, 233), (76, 108), (149, 181), (141, 143), (52, 53), (171, 175), (200, 232), (113, 115), (143, 207), (9, 73), (171, 187), (49, 57), (45, 47), (36, 44), (195, 211), (68, 76), (22, 54), (151, 159)}
E2: {(137, 139), (132, 164), (15, 143), (171, 235), (146, 154), (107, 235), (91, 123), (150, 151), (43, 171), (216, 218), (164, 180), (228, 244), (0, 2), (87, 95), (17, 21), (40, 44), (114, 115), (244, 246), (34, 98), (148, 150), (91, 95), (132, 148), (192, 193), (45, 61), (192, 196), (193, 197), (83, 115), (146, 147), (32, 36), (164, 228), (147, 151), (44, 172), (32, 48), (150, 214), (96, 98), (29, 31), (31, 95), (49, 113), (5, 21), (31, 159), (49, 177), (143, 159), (139, 171), (83, 87), (244, 245), (29, 61), (214, 222), (32, 96), (198, 214), (226, 230), (137, 201), (230, 246), (139, 143), (32, 160), (2, 34), (33, 49), (107, 111), (164, 166), (99, 107), (21, 29), (113, 115), (98, 114), (218, 222), (9, 137), (210, 218), (196, 198), (36, 44), (31, 63), (151, 159)}
Obj: 38334

