Log for instance aco_tuning_out/inst12.txt.

Used ({'tau_0': 4.822265207889503e-06, 'xi': 0.13540262306958187, 'q0': 0.6138627392147109, 'alpha': 1.667403283011879, 'beta': 1.0113699636281308, 'rho': 0.16684714562074338, 'ants': 26}) and found best instance after 25.921875 seconds.
E1: {(162, 168), (166, 193), (31, 32), (84, 102), (107, 134), (34, 43), (89, 107), (83, 164), (162, 164), (30, 39), (31, 193), (36, 198), (168, 195), (31, 34), (3, 30), (164, 182), (36, 39), (198, 199), (39, 120), (36, 45), (109, 118), (91, 118), (0, 162), (193, 211), (0, 3), (3, 84), (83, 89), (118, 199), (30, 31)}
E2: {(136, 137), (3, 4), (4, 58), (58, 59), (6, 24), (84, 87), (55, 136), (87, 89), (24, 51), (31, 32), (217, 223), (210, 211), (84, 102), (34, 43), (186, 213), (130, 157), (200, 209), (209, 215), (177, 186), (6, 87), (135, 137), (209, 236), (210, 213), (31, 34), (55, 217), (134, 215), (31, 58), (213, 215), (45, 51), (4, 166), (24, 25), (130, 211), (55, 58), (137, 146), (109, 136), (55, 64), (146, 152), (24, 186), (3, 84), (51, 78)}
Obj: 30206

