Log for instance aco_tuning_out/inst06.txt.

Used ({'tau_0': 7.35696843598511e-06, 'xi': 0.13099405837312028, 'q0': 0.39430175087041053, 'alpha': 1.838983583452214, 'beta': 0.7213281426644318, 'rho': 0.11968092308615733, 'ants': 31}) and found best instance after 273.40625 seconds.
E1: {(232, 236), (7, 23), (132, 164), (81, 85), (3, 7), (206, 238), (164, 180), (237, 253), (1, 3), (172, 236), (206, 207), (53, 181), (196, 212), (128, 129), (166, 174), (85, 213), (240, 242), (128, 132), (174, 175), (174, 190), (105, 109), (206, 222), (221, 253), (208, 210), (0, 16), (212, 213), (172, 174), (236, 238), (132, 196), (114, 242), (45, 109), (6, 7), (208, 240), (109, 237), (249, 253), (128, 192), (16, 24), (81, 83), (180, 181), (81, 89), (164, 166), (134, 135), (46, 174), (208, 212), (7, 39), (78, 206), (0, 128), (130, 134), (236, 237), (1, 129), (132, 134)}
E2: {(90, 91), (193, 195), (32, 34), (32, 40), (132, 164), (188, 190), (193, 201), (197, 229), (164, 180), (193, 225), (103, 231), (196, 197), (2, 66), (1, 3), (156, 188), (187, 191), (196, 212), (166, 174), (174, 175), (174, 190), (193, 197), (32, 36), (163, 227), (188, 189), (229, 245), (89, 91), (170, 174), (17, 81), (1, 5), (132, 196), (68, 196), (1, 17), (36, 164), (226, 227), (32, 96), (175, 191), (81, 89), (2, 34), (164, 166), (195, 227), (101, 229), (129, 193), (103, 119), (1, 129), (227, 231), (2, 18), (159, 191)}
Obj: 28243

