Log for instance aco_tuning_out/inst15.txt.

Used ({'tau_0': 5.498217034018323e-06, 'xi': 0.07476910638285614, 'q0': 0.4717218972346363, 'alpha': 1.947841791710605, 'beta': 1.831830451033867, 'rho': 0.12093333427234658, 'ants': 15}) and found best instance after 16.15625 seconds.
E1: {(81, 82), (55, 136), (162, 168), (118, 119), (119, 200), (139, 157), (222, 231), (54, 55), (37, 118), (136, 145), (168, 177), (72, 78), (20, 74), (228, 231), (168, 195), (85, 139), (118, 145), (168, 222), (72, 74), (82, 85), (55, 64), (91, 118), (54, 72), (81, 162), (82, 109), (37, 43), (82, 136), (20, 182)}
E2: {(83, 110), (165, 219), (33, 42), (5, 59), (110, 191), (165, 167), (180, 186), (0, 54), (42, 51), (51, 132), (234, 236), (109, 110), (5, 86), (72, 234), (54, 55), (180, 234), (177, 186), (72, 78), (165, 166), (180, 182), (51, 52), (219, 228), (86, 89), (25, 52), (191, 200), (135, 216), (45, 51), (5, 167), (42, 43), (55, 64), (54, 72), (211, 214), (45, 72), (5, 14), (216, 219), (5, 32), (132, 134), (83, 86), (33, 195), (216, 234), (52, 214)}
Obj: 28374

