Log for instance aco_tuning_out/inst09.txt.

Used ({'tau0': 8.990632486830376e-06, 'xi': 0.09595706500151588, 'q0': 0.4417965567940394, 'alpha': 1.6457162341639056, 'beta': 1.8792939670585154, 'rho': 0.14228615039412212, 'ants': 30}) and found best instance after 204.1875 seconds.
E1: {(93, 102), (166, 175), (171, 174), (162, 171), (175, 202), (93, 120), (87, 89), (75, 78), (102, 156), (218, 236), (162, 164), (93, 174), (81, 87), (156, 157), (196, 205), (175, 176), (75, 156), (174, 177), (81, 135), (196, 223), (164, 218), (14, 176), (202, 205), (0, 162), (81, 162), (43, 205), (174, 176)}
E2: {(3, 4), (4, 58), (58, 59), (84, 87), (93, 120), (125, 134), (31, 32), (87, 89), (84, 93), (125, 152), (166, 220), (58, 220), (45, 46), (93, 174), (49, 211), (22, 25), (58, 76), (31, 49), (114, 123), (31, 58), (174, 177), (76, 157), (220, 223), (22, 76), (46, 49), (0, 3), (3, 84), (123, 125), (87, 114), (114, 195)}
Obj: 25337

