Log for instance aco_tuning_out/inst03.txt.

Used ({'tau0': 7.0057149642065636e-06, 'xi': 0.149252803480768, 'q0': 0.4567360890655719, 'alpha': 0.7950975145067807, 'beta': 0.7667552217352966, 'rho': 0.11974195928540937, 'ants': 28}) and found best instance after 297.265625 seconds.
E1: {(219, 223), (155, 187), (211, 219), (147, 155), (20, 84), (210, 211), (39, 167), (49, 53), (36, 37), (221, 223), (54, 55), (68, 84), (224, 228), (65, 97), (83, 115), (194, 202), (224, 240), (84, 92), (21, 149), (49, 113), (97, 101), (167, 175), (207, 223), (115, 119), (97, 113), (9, 25), (53, 55), (24, 25), (200, 202), (135, 167), (37, 53), (194, 195), (147, 211), (20, 21), (200, 232), (113, 115), (25, 57), (49, 57), (39, 55), (83, 211), (21, 53), (195, 211), (224, 232), (200, 204)}
E2: {(177, 181), (32, 34), (132, 164), (32, 40), (154, 158), (98, 226), (107, 235), (181, 245), (216, 218), (9, 11), (210, 214), (196, 197), (1, 9), (34, 98), (158, 222), (160, 164), (32, 33), (192, 196), (1, 33), (32, 48), (150, 214), (15, 47), (0, 1), (49, 177), (1, 5), (132, 196), (214, 222), (1, 17), (36, 164), (198, 214), (32, 160), (137, 201), (180, 181), (47, 63), (164, 166), (33, 49), (43, 47), (107, 111), (99, 107), (164, 172), (98, 114), (107, 123), (218, 222), (9, 137), (196, 198), (11, 15), (45, 47), (158, 159), (47, 111)}
Obj: 29058

