Log for instance aco_tuning_out/inst15.txt.

Used ({'tau0': 4.060261844275314e-06, 'xi': 0.08488866370438058, 'q0': 0.7517708033130077, 'alpha': 0.7568921075953849, 'beta': 1.442677676309637, 'rho': 0.31238065733584786, 'ants': 26}) and found best instance after 29.515625 seconds.
E1: {(33, 42), (39, 201), (28, 55), (55, 136), (66, 228), (39, 42), (75, 78), (66, 75), (34, 43), (44, 206), (39, 66), (200, 206), (28, 109), (136, 145), (42, 44), (180, 182), (18, 180), (174, 177), (76, 157), (33, 34), (21, 75), (18, 21), (55, 64), (174, 201), (75, 76), (91, 145), (33, 195), (28, 34)}
E2: {(4, 58), (3, 4), (18, 20), (39, 201), (58, 59), (84, 87), (166, 184), (21, 22), (66, 228), (87, 89), (31, 32), (184, 211), (75, 78), (20, 47), (66, 75), (135, 153), (34, 43), (13, 14), (39, 66), (22, 184), (72, 75), (28, 109), (200, 209), (209, 215), (22, 25), (209, 236), (31, 34), (134, 215), (31, 58), (55, 58), (174, 177), (13, 22), (21, 75), (18, 21), (55, 64), (33, 34), (72, 153), (174, 201), (4, 22), (0, 3), (3, 84), (47, 209), (33, 195), (45, 47), (28, 34), (20, 182)}
Obj: 27362

