Log for instance aco_tuning_out/inst30.txt.

Used ({'tau_0': 1.6998009274389792e-06, 'xi': 0.07574288908876978, 'q0': 0.3437997878588728, 'alpha': 0.9960324515524092, 'beta': 0.6033193519507508, 'rho': 0.22849098583736227, 'ants': 30}) and found best instance after 32.65625 seconds.
E1: {(123, 204), (38, 200), (208, 211), (29, 32), (29, 38), (10, 64), (11, 14), (195, 204), (1, 82), (96, 97), (200, 209), (11, 38), (209, 215), (16, 25), (177, 204), (209, 236), (0, 1), (10, 11), (134, 215), (91, 97), (123, 150), (96, 105), (16, 97), (150, 152), (208, 209), (96, 123), (82, 109), (10, 16), (1, 10), (102, 105), (120, 123)}
E2: {(166, 175), (37, 64), (128, 209), (162, 168), (228, 229), (25, 187), (135, 153), (175, 229), (208, 235), (45, 46), (98, 152), (97, 178), (37, 118), (154, 157), (200, 209), (168, 177), (168, 195), (209, 236), (97, 98), (178, 187), (182, 209), (91, 97), (109, 118), (177, 178), (46, 208), (128, 134), (91, 118), (0, 162), (154, 235), (208, 209), (153, 154), (175, 178), (37, 46)}
Obj: 29715

