Log for instance aco_tuning_out/inst30.txt.

Used ({'tau0': 2.2570844960363238e-06, 'xi': 0.1499824051273781, 'q0': 0.6397024715024884, 'alpha': 1.3177960201993473, 'beta': 1.7274258641979925, 'rho': 0.06839890232135862, 'ants': 10}) and found best instance after 276.15625 seconds.
E1: {(145, 146), (162, 171), (128, 209), (171, 177), (64, 145), (207, 209), (29, 32), (120, 147), (210, 211), (162, 189), (102, 156), (189, 191), (65, 146), (145, 148), (200, 209), (16, 25), (147, 148), (209, 236), (191, 209), (118, 145), (109, 118), (128, 134), (146, 155), (0, 162), (146, 152), (128, 155), (147, 156), (17, 71), (14, 17), (207, 210), (91, 145), (65, 71), (189, 195), (29, 191), (16, 17)}
E2: {(166, 175), (171, 174), (171, 177), (2, 164), (64, 145), (0, 2), (171, 198), (152, 233), (218, 236), (174, 175), (200, 206), (171, 173), (136, 145), (154, 160), (195, 222), (136, 154), (79, 160), (164, 173), (36, 198), (216, 217), (164, 182), (134, 215), (135, 216), (173, 200), (36, 45), (25, 79), (206, 215), (164, 218), (109, 136), (206, 233), (136, 217), (217, 218), (216, 222), (91, 145), (174, 228), (157, 160)}
Obj: 31432

