Log for instance aco_tuning_out/inst09.txt.

Used ({'tau_0': 5.432541354150304e-06, 'xi': 0.1098768506848867, 'q0': 0.588663995987506, 'alpha': 1.0903417143977059, 'beta': 1.0292353817624138, 'rho': 0.37868431591672963, 'ants': 31}) and found best instance after 17.359375 seconds.
E1: {(106, 133), (219, 220), (54, 135), (57, 219), (93, 120), (0, 54), (105, 186), (87, 89), (43, 52), (103, 106), (75, 78), (166, 220), (57, 75), (105, 106), (72, 75), (177, 186), (103, 157), (12, 21), (52, 133), (102, 103), (72, 74), (21, 75), (220, 223), (54, 72), (12, 14), (74, 236), (12, 93), (21, 102), (87, 105)}
E2: {(166, 175), (58, 59), (2, 164), (179, 233), (0, 2), (133, 214), (178, 179), (76, 79), (152, 233), (143, 224), (30, 33), (30, 39), (223, 241), (30, 48), (214, 241), (133, 134), (164, 173), (89, 143), (173, 179), (58, 76), (39, 120), (30, 32), (45, 48), (25, 79), (49, 76), (76, 157), (224, 233), (177, 178), (211, 214), (48, 49), (79, 241), (33, 195), (175, 178), (223, 224)}
Obj: 28004

