Log for instance aco_tuning_out/inst24.txt.

Used ({'tau_0': 8.839185575249679e-06, 'xi': 0.14550623661925266, 'q0': 0.34798186644897255, 'alpha': 1.259708246474134, 'beta': 0.9832315705511097, 'rho': 0.4534262478421148, 'ants': 24}) and found best instance after 13.5 seconds.
E1: {(76, 92), (42, 106), (15, 79), (41, 43), (15, 143), (154, 158), (243, 251), (44, 45), (0, 2), (40, 44), (128, 160), (40, 41), (220, 252), (2, 130), (122, 250), (240, 248), (220, 221), (44, 108), (128, 144), (12, 76), (41, 57), (248, 252), (143, 159), (34, 42), (106, 122), (235, 251), (45, 173), (71, 79), (139, 143), (2, 34), (76, 108), (158, 190), (141, 143), (42, 58), (40, 42), (0, 128), (90, 122), (141, 173), (92, 220), (158, 159), (250, 251)}
E2: {(183, 191), (90, 91), (237, 253), (146, 178), (187, 191), (53, 117), (133, 165), (253, 255), (53, 181), (120, 122), (146, 147), (61, 63), (60, 61), (181, 183), (221, 253), (191, 255), (165, 181), (144, 146), (89, 91), (114, 242), (2, 10), (106, 122), (222, 254), (166, 167), (230, 231), (63, 191), (226, 227), (226, 230), (175, 191), (180, 181), (50, 114), (228, 230), (2, 34), (85, 117), (195, 227), (226, 242), (50, 178), (254, 255), (5, 133), (90, 122), (167, 183), (114, 122), (166, 230), (34, 50)}
Obj: 25799

