Log for instance aco_tuning_out/inst18.txt.

Used ({'tau0': 7.905277958202082e-06, 'xi': 0.07780203477312476, 'q0': 0.5400401332579152, 'alpha': 1.238650111364569, 'beta': 1.1701509091931812, 'rho': 0.3657463607855648, 'ants': 16}) and found best instance after 15.328125 seconds.
E1: {(55, 63), (128, 136), (136, 137), (193, 201), (99, 103), (4, 6), (70, 198), (39, 103), (29, 157), (128, 160), (87, 95), (2, 66), (252, 253), (157, 159), (148, 150), (5, 37), (37, 39), (37, 45), (54, 55), (132, 148), (85, 213), (24, 26), (128, 132), (110, 126), (193, 197), (4, 5), (26, 90), (147, 151), (21, 85), (193, 209), (221, 253), (103, 111), (28, 29), (132, 196), (213, 215), (85, 87), (213, 221), (54, 118), (53, 55), (24, 25), (151, 215), (24, 28), (110, 238), (37, 53), (84, 85), (213, 245), (46, 110), (118, 126), (21, 29), (4, 132), (80, 84), (25, 57), (9, 137), (66, 70), (26, 58), (2, 3), (196, 198), (21, 53), (209, 213)}
E2: {(128, 136), (136, 137), (24, 88), (154, 158), (156, 158), (232, 248), (163, 179), (70, 198), (86, 87), (72, 88), (40, 44), (128, 160), (44, 60), (87, 95), (210, 211), (252, 253), (156, 188), (148, 150), (5, 37), (244, 252), (132, 148), (148, 156), (102, 110), (128, 132), (221, 253), (70, 78), (31, 95), (49, 113), (142, 158), (121, 123), (80, 88), (83, 87), (244, 245), (132, 196), (70, 102), (54, 118), (184, 188), (240, 244), (110, 238), (33, 37), (81, 83), (81, 89), (108, 110), (66, 98), (33, 49), (188, 252), (60, 188), (51, 179), (118, 126), (98, 114), (80, 81), (9, 137), (66, 70), (70, 86), (81, 113), (49, 51), (196, 198), (113, 121), (37, 101), (83, 211), (30, 31), (86, 118), (172, 188), (184, 248)}
Obj: 34354

