Log for instance aco_tuning_out/inst24.txt.

Used ({'tau_0': 7.271888129177242e-06, 'xi': 0.05984220487362216, 'q0': 0.5127813632941683, 'alpha': 0.28049908432308224, 'beta': 1.9767044196304102, 'rho': 0.05712818954691315, 'ants': 28}) and found best instance after 284.90625 seconds.
E1: {(76, 92), (15, 79), (42, 106), (41, 43), (15, 143), (171, 235), (243, 251), (146, 154), (12, 13), (13, 45), (43, 171), (0, 2), (176, 240), (40, 41), (252, 253), (187, 191), (2, 130), (122, 250), (249, 251), (10, 42), (160, 176), (12, 76), (41, 57), (221, 253), (144, 146), (143, 159), (187, 251), (2, 10), (106, 122), (144, 176), (249, 253), (13, 141), (71, 79), (139, 143), (2, 34), (76, 108), (141, 143), (42, 58), (190, 191), (171, 187), (90, 122), (130, 146), (159, 191), (250, 251)}
E2: {(146, 178), (120, 122), (94, 222), (147, 151), (181, 183), (120, 124), (63, 191), (2, 34), (114, 122), (151, 159), (90, 94), (10, 42), (191, 255), (165, 181), (106, 122), (230, 231), (162, 178), (195, 211), (159, 191), (90, 91), (42, 106), (162, 226), (5, 13), (187, 191), (34, 162), (253, 255), (146, 147), (221, 253), (143, 159), (2, 10), (162, 166), (147, 211), (180, 181), (228, 230), (85, 117), (151, 183), (237, 253), (53, 117), (53, 181), (143, 175), (89, 91), (144, 146), (13, 141), (226, 230), (60, 124), (141, 143), (90, 122)}
Obj: 25452

