Log for instance aco_tuning_out/inst18.txt.

Used ({'tau0': 3.151708497185101e-06, 'xi': 0.05632693656731169, 'q0': 0.5279577748463967, 'alpha': 0.47226881213046684, 'beta': 1.430973702133798, 'rho': 0.06294574331706608, 'ants': 24}) and found best instance after 261.234375 seconds.
E1: {(193, 201), (81, 85), (58, 62), (5, 13), (150, 151), (1, 3), (252, 253), (62, 126), (85, 213), (45, 61), (209, 213), (197, 213), (14, 46), (13, 29), (193, 197), (26, 90), (6, 14), (61, 63), (147, 151), (245, 253), (96, 98), (31, 95), (31, 159), (39, 47), (9, 13), (46, 62), (1, 5), (29, 61), (213, 215), (110, 238), (151, 215), (32, 96), (32, 160), (47, 63), (98, 99), (66, 98), (107, 111), (54, 62), (213, 245), (99, 107), (46, 110), (80, 81), (57, 61), (26, 58), (62, 63), (31, 63), (151, 159), (47, 111)}
E2: {(96, 104), (154, 158), (108, 109), (156, 158), (91, 123), (12, 13), (60, 62), (5, 13), (35, 51), (101, 109), (104, 108), (112, 240), (156, 188), (252, 253), (115, 123), (30, 158), (62, 126), (82, 86), (35, 163), (12, 76), (28, 60), (245, 253), (221, 253), (80, 82), (89, 91), (40, 104), (112, 114), (104, 232), (9, 13), (142, 158), (46, 62), (76, 78), (184, 188), (110, 238), (32, 96), (24, 28), (32, 160), (108, 110), (82, 210), (66, 98), (76, 108), (51, 115), (188, 252), (46, 110), (98, 114), (112, 113), (113, 115), (150, 158), (72, 104), (66, 82), (28, 156), (172, 188), (96, 98), (54, 62)}
Obj: 28783

