Log for instance aco_tuning_out/inst18.txt.

Used ({'tau0': 7.199516623553175e-06, 'xi': 0.11757684122784635, 'q0': 0.8950304976400971, 'alpha': 1.7862372914817117, 'beta': 1.3396042945590478, 'rho': 0.08070539620138223, 'ants': 25}) and found best instance after 60.96875 seconds.
E1: {(128, 136), (136, 137), (81, 85), (99, 103), (90, 94), (58, 62), (3, 7), (5, 7), (70, 198), (128, 160), (196, 197), (156, 188), (148, 150), (132, 148), (85, 213), (62, 126), (197, 213), (45, 61), (128, 132), (7, 71), (148, 156), (110, 111), (61, 63), (147, 151), (31, 95), (31, 159), (46, 62), (132, 196), (29, 61), (213, 215), (6, 7), (110, 238), (151, 215), (137, 201), (54, 62), (213, 245), (188, 252), (70, 71), (46, 110), (71, 103), (94, 126), (7, 39), (80, 81), (57, 61), (66, 70), (9, 137), (196, 198), (62, 63), (31, 63), (151, 159), (209, 213)}
E2: {(128, 136), (136, 137), (154, 158), (156, 158), (5, 7), (70, 198), (163, 179), (104, 108), (128, 160), (210, 211), (114, 115), (252, 253), (156, 188), (114, 118), (148, 150), (8, 24), (78, 110), (115, 123), (244, 252), (132, 148), (30, 158), (148, 156), (62, 126), (7, 71), (128, 132), (83, 115), (221, 253), (70, 78), (40, 104), (49, 113), (142, 158), (97, 101), (8, 72), (104, 232), (46, 62), (244, 245), (132, 196), (97, 113), (54, 118), (184, 188), (240, 244), (110, 238), (108, 110), (81, 83), (81, 89), (188, 252), (60, 188), (46, 110), (70, 71), (51, 179), (113, 115), (80, 81), (66, 70), (9, 137), (70, 86), (49, 51), (196, 198), (83, 211), (172, 188), (54, 62), (8, 40)}
Obj: 29793

