Log for instance aco_tuning_out/inst24.txt.

Used ({'tau0': 2.693231228771534e-06, 'xi': 0.06741045013783678, 'q0': 0.34341334065428447, 'alpha': 1.6251653731737596, 'beta': 0.8948148014172467, 'rho': 0.1267448319977672, 'ants': 32}) and found best instance after 146.921875 seconds.
E1: {(76, 92), (15, 79), (41, 43), (32, 40), (32, 34), (243, 251), (146, 154), (154, 158), (15, 143), (0, 2), (104, 108), (40, 41), (2, 130), (122, 250), (249, 251), (240, 248), (58, 122), (41, 45), (12, 76), (41, 57), (248, 249), (144, 146), (248, 252), (40, 104), (143, 159), (106, 122), (235, 251), (217, 249), (32, 160), (71, 79), (2, 34), (139, 143), (76, 108), (158, 190), (141, 143), (104, 106), (217, 221), (90, 122), (130, 146), (158, 159), (250, 251)}
E2: {(55, 63), (162, 226), (98, 226), (165, 167), (164, 165), (237, 253), (164, 180), (146, 178), (187, 191), (34, 98), (133, 165), (253, 255), (198, 206), (120, 122), (146, 147), (206, 222), (198, 230), (180, 188), (221, 253), (191, 255), (144, 146), (2, 10), (106, 122), (166, 167), (230, 231), (53, 55), (63, 191), (55, 183), (226, 227), (85, 93), (226, 230), (175, 191), (2, 34), (228, 230), (195, 227), (162, 178), (60, 188), (98, 114), (5, 133), (90, 122), (167, 183), (89, 93), (114, 122), (166, 230), (93, 221)}
Obj: 25970

