Log for instance aco_tuning_out/inst18.txt.

Used ({'tau0': 5.432541354150304e-06, 'xi': 0.1098768506848867, 'q0': 0.588663995987506, 'alpha': 1.0903417143977059, 'beta': 1.0292353817624138, 'rho': 0.37868431591672963, 'ants': 31}) and found best instance after 37.453125 seconds.
E1: {(136, 137), (128, 136), (193, 201), (81, 85), (90, 94), (58, 62), (150, 151), (29, 93), (128, 160), (252, 253), (1, 9), (1, 3), (78, 110), (93, 95), (85, 213), (62, 126), (197, 213), (45, 61), (209, 213), (110, 126), (193, 197), (61, 63), (147, 151), (245, 253), (221, 253), (70, 78), (78, 94), (39, 47), (46, 62), (1, 5), (29, 61), (213, 215), (110, 238), (151, 215), (137, 201), (47, 63), (54, 62), (107, 111), (213, 245), (99, 107), (80, 81), (66, 70), (57, 61), (9, 137), (62, 63), (93, 221), (6, 70), (151, 159), (47, 111)}
E2: {(64, 66), (64, 72), (210, 242), (136, 137), (128, 136), (163, 179), (40, 44), (113, 117), (44, 60), (128, 160), (114, 115), (252, 253), (114, 118), (156, 188), (28, 30), (148, 150), (78, 110), (1, 9), (115, 123), (148, 156), (240, 242), (136, 200), (110, 126), (72, 200), (44, 108), (64, 80), (28, 60), (245, 253), (221, 253), (70, 78), (101, 117), (114, 242), (138, 142), (1, 5), (54, 118), (138, 154), (184, 188), (136, 138), (110, 238), (24, 28), (108, 110), (188, 252), (51, 115), (51, 179), (118, 126), (200, 232), (113, 115), (66, 70), (9, 137), (70, 86), (89, 93), (28, 156), (93, 221), (172, 188)}
Obj: 28824

