Log for instance aco_tuning_out/inst15.txt.

Used ({'tau0': 3.023061298280671e-06, 'xi': 0.05271286661722294, 'q0': 0.5077385132207571, 'alpha': 0.4440555976676415, 'beta': 1.176945645340894, 'rho': 0.3517258170055353, 'ants': 22}) and found best instance after 25.9375 seconds.
E1: {(228, 229), (64, 145), (153, 159), (172, 178), (78, 159), (154, 157), (145, 154), (173, 182), (173, 200), (118, 145), (196, 205), (109, 118), (178, 205), (91, 118), (202, 205), (153, 154), (202, 229), (172, 173), (195, 196), (43, 205), (177, 178), (91, 172)}
E2: {(54, 135), (18, 20), (37, 64), (166, 193), (20, 26), (33, 60), (40, 41), (14, 41), (57, 60), (75, 78), (57, 75), (201, 202), (21, 183), (200, 203), (85, 112), (202, 203), (86, 89), (57, 59), (26, 53), (41, 203), (112, 193), (54, 57), (109, 112), (174, 177), (174, 183), (21, 75), (18, 21), (53, 134), (193, 202), (32, 41), (182, 236), (193, 211), (174, 201), (18, 45), (85, 86), (174, 228), (37, 40), (33, 195), (0, 18), (37, 43), (20, 182), (25, 26)}
Obj: 27186

