Log for instance aco_tuning_out/inst12.txt.

Used ({'tau_0': 6.895901444357542e-06, 'xi': 0.11930677293557751, 'q0': 0.7766820476791325, 'alpha': 1.762448247826621, 'beta': 0.8740652131662537, 'rho': 0.21713520092331218, 'ants': 13}) and found best instance after 9.0625 seconds.
E1: {(166, 175), (43, 205), (226, 232), (226, 229), (175, 202), (176, 179), (176, 185), (133, 214), (9, 11), (11, 17), (195, 213), (121, 148), (102, 104), (83, 164), (82, 83), (148, 229), (51, 52), (173, 176), (164, 173), (17, 179), (133, 134), (86, 89), (173, 182), (50, 212), (205, 214), (175, 176), (213, 215), (45, 51), (120, 121), (82, 91), (211, 214), (205, 232), (32, 50), (82, 109), (0, 9), (202, 229), (83, 86), (214, 215), (212, 215), (104, 185), (52, 214)}
E2: {(43, 205), (166, 175), (28, 46), (226, 232), (226, 229), (147, 149), (175, 202), (29, 32), (217, 223), (83, 137), (171, 198), (190, 217), (198, 200), (45, 46), (83, 164), (171, 173), (28, 109), (67, 70), (16, 25), (214, 241), (70, 232), (90, 99), (173, 176), (164, 173), (58, 67), (99, 102), (86, 89), (58, 76), (135, 137), (66, 68), (64, 226), (28, 29), (238, 241), (205, 214), (175, 176), (240, 241), (16, 70), (66, 147), (76, 157), (128, 134), (164, 218), (146, 149), (146, 155), (137, 146), (78, 240), (205, 232), (146, 152), (59, 68), (128, 155), (217, 218), (28, 190), (90, 171), (202, 229), (211, 238), (83, 86), (175, 178), (177, 178), (155, 236)}
Obj: 36786

