Log for instance aco_tuning_out/inst15.txt.

Used ({'tau_0': 8.613914963906393e-06, 'xi': 0.14574697859969848, 'q0': 0.4568549694035073, 'alpha': 1.0997466880204505, 'beta': 1.26467494952901, 'rho': 0.20648622793681415, 'ants': 10}) and found best instance after 9.703125 seconds.
E1: {(43, 205), (139, 157), (179, 233), (10, 64), (171, 198), (195, 204), (1, 82), (240, 242), (10, 91), (171, 173), (136, 139), (230, 233), (173, 179), (173, 182), (233, 242), (173, 200), (177, 179), (78, 240), (171, 172), (228, 230), (10, 172), (82, 109), (204, 205), (1, 10), (198, 204), (82, 136)}
E2: {(166, 175), (33, 42), (226, 229), (228, 229), (78, 80), (0, 2), (127, 128), (89, 98), (46, 127), (175, 229), (45, 46), (74, 155), (2, 20), (62, 80), (42, 44), (20, 74), (35, 44), (173, 176), (173, 179), (127, 130), (135, 137), (173, 182), (98, 179), (64, 226), (35, 62), (173, 200), (175, 176), (79, 80), (25, 79), (130, 211), (109, 127), (32, 35), (128, 134), (42, 43), (14, 176), (137, 146), (146, 155), (59, 62), (177, 179), (128, 155), (74, 80), (33, 195), (20, 182), (155, 236)}
Obj: 28076

