Log for instance aco_tuning_out/inst21.txt.

Used ({'tau_0': 7.905277958202082e-06, 'xi': 0.07780203477312476, 'q0': 0.5400401332579152, 'alpha': 1.238650111364569, 'beta': 1.1701509091931812, 'rho': 0.3657463607855648, 'ants': 16}) and found best instance after 7.84375 seconds.
E1: {(162, 171), (162, 168), (170, 224), (222, 231), (5, 86), (152, 233), (83, 164), (171, 173), (171, 225), (81, 84), (219, 222), (168, 177), (228, 231), (164, 173), (225, 226), (45, 207), (164, 182), (64, 226), (173, 200), (168, 222), (81, 135), (168, 170), (224, 233), (81, 83), (85, 166), (84, 85), (192, 210), (192, 219), (5, 14), (207, 210), (5, 32), (83, 86), (223, 224)}
E2: {(226, 232), (147, 149), (2, 164), (47, 74), (0, 2), (144, 150), (59, 140), (144, 147), (171, 198), (69, 150), (135, 144), (2, 8), (199, 226), (198, 200), (45, 46), (121, 148), (140, 149), (2, 20), (223, 232), (140, 158), (171, 173), (147, 148), (20, 74), (49, 211), (164, 173), (46, 47), (86, 89), (40, 43), (40, 49), (164, 182), (64, 226), (198, 199), (19, 20), (196, 205), (157, 158), (8, 35), (109, 118), (120, 121), (32, 35), (146, 149), (91, 118), (205, 232), (146, 152), (74, 236), (86, 140), (46, 49), (69, 78), (19, 25), (195, 196), (118, 199), (40, 121)}
Obj: 32775

