Log for instance aco_tuning_out/inst12.txt.

Used ({'tau0': 2.924453704862743e-06, 'xi': 0.10102715591656777, 'q0': 0.8483785554218048, 'alpha': 1.0515532863745962, 'beta': 0.39867352753450425, 'rho': 0.28727195311451986, 'ants': 26}) and found best instance after 21.828125 seconds.
E1: {(166, 175), (28, 46), (162, 171), (84, 87), (162, 168), (118, 119), (175, 202), (87, 89), (199, 202), (190, 199), (29, 32), (176, 185), (84, 102), (171, 198), (87, 168), (34, 43), (45, 46), (28, 109), (120, 201), (182, 185), (168, 195), (198, 199), (28, 29), (175, 176), (128, 134), (119, 128), (91, 118), (0, 162), (202, 211), (28, 190), (118, 199), (28, 34), (198, 201)}
E2: {(166, 175), (81, 82), (115, 142), (101, 155), (3, 4), (226, 229), (4, 58), (128, 209), (175, 202), (20, 23), (88, 115), (23, 77), (78, 80), (31, 32), (179, 233), (84, 102), (100, 101), (142, 223), (135, 153), (34, 43), (152, 233), (81, 84), (83, 164), (82, 83), (28, 109), (103, 157), (164, 173), (77, 80), (173, 179), (153, 155), (209, 236), (31, 34), (20, 101), (64, 226), (100, 103), (173, 200), (31, 58), (4, 166), (26, 80), (128, 134), (177, 179), (202, 211), (82, 88), (45, 72), (72, 153), (128, 155), (59, 77), (202, 229), (3, 84), (83, 89), (28, 34), (83, 101), (25, 26)}
Obj: 32898

