Log for instance aco_tuning_out/inst09.txt.

Used ({'tau0': 8.524494344253886e-06, 'xi': 0.09819260408139344, 'q0': 0.8088391626043536, 'alpha': 1.5978494389623978, 'beta': 0.3615392099783453, 'rho': 0.32122496368584613, 'ants': 32}) and found best instance after 15.6875 seconds.
E1: {(166, 175), (226, 232), (4, 58), (226, 229), (171, 174), (162, 171), (39, 201), (171, 177), (175, 202), (3, 4), (14, 68), (84, 102), (234, 236), (75, 78), (66, 75), (135, 153), (34, 43), (39, 66), (174, 175), (223, 232), (83, 164), (171, 173), (72, 75), (120, 201), (164, 173), (86, 89), (58, 76), (31, 34), (66, 68), (31, 58), (153, 234), (76, 157), (0, 162), (72, 153), (174, 201), (202, 229), (3, 84), (75, 76), (83, 86)}
E2: {(166, 175), (226, 232), (58, 59), (226, 229), (162, 171), (175, 202), (52, 214), (151, 232), (171, 177), (33, 51), (29, 32), (134, 161), (67, 229), (97, 178), (223, 232), (160, 161), (96, 97), (83, 164), (171, 173), (51, 52), (164, 173), (58, 67), (86, 89), (25, 52), (58, 76), (28, 29), (205, 214), (45, 51), (31, 58), (76, 157), (151, 160), (211, 214), (205, 232), (0, 162), (96, 123), (152, 161), (202, 229), (28, 31), (33, 195), (83, 86), (175, 178), (177, 178), (120, 123)}
Obj: 30874

