Log for instance aco_tuning_out/inst03.txt.

Used ({'tau_0': 7.405500650510694e-06, 'xi': 0.0538011928337849, 'q0': 0.7808066118135257, 'alpha': 1.9053416179409846, 'beta': 1.1675645378953803, 'rho': 0.23263286946707473, 'ants': 25}) and found best instance after 23.09375 seconds.
E1: {(76, 92), (192, 194), (128, 136), (136, 137), (55, 63), (132, 164), (200, 201), (243, 251), (108, 109), (145, 149), (211, 219), (68, 100), (151, 183), (101, 109), (210, 211), (112, 240), (114, 115), (187, 191), (65, 73), (198, 206), (83, 211), (54, 55), (207, 239), (76, 204), (249, 251), (202, 206), (83, 115), (59, 63), (194, 202), (61, 63), (147, 151), (164, 228), (221, 253), (20, 28), (57, 59), (179, 183), (112, 114), (132, 196), (187, 251), (76, 78), (29, 61), (36, 100), (28, 29), (53, 55), (200, 202), (55, 183), (249, 253), (24, 28), (128, 192), (55, 119), (175, 191), (73, 201), (145, 147), (76, 108), (194, 210), (200, 232), (113, 115), (78, 206), (9, 137), (179, 243), (196, 198), (115, 243), (135, 151), (39, 55), (100, 108), (195, 211), (175, 239)}
E2: {(105, 107), (146, 178), (146, 150), (1, 33), (105, 109), (112, 114), (179, 183), (48, 56), (123, 251), (2, 34), (33, 49), (48, 49), (0, 128), (55, 63), (136, 137), (132, 164), (243, 251), (108, 109), (0, 2), (128, 160), (210, 211), (40, 56), (178, 182), (180, 182), (1, 5), (187, 251), (132, 196), (36, 164), (128, 192), (73, 201), (76, 108), (9, 73), (9, 137), (47, 175), (196, 228), (146, 154), (155, 187), (43, 171), (228, 244), (178, 179), (155, 159), (73, 105), (187, 191), (1, 9), (174, 175), (193, 197), (15, 47), (49, 177), (172, 174), (244, 245), (76, 78), (55, 183), (166, 182), (228, 230), (78, 206), (196, 198), (45, 47), (128, 136), (193, 201), (171, 235), (48, 112), (192, 196), (206, 222), (201, 217), (216, 217), (17, 81), (226, 230), (146, 210), (175, 191), (81, 83), (107, 111), (99, 107), (164, 172), (171, 187), (179, 243), (83, 211)}
Obj: 39432

