Log for instance aco_tuning_out/inst03.txt.

Used ({'tau_0': 6.1953877645287985e-06, 'xi': 0.12592428493863295, 'q0': 0.5371346552036473, 'alpha': 0.6164150020009103, 'beta': 1.0047990339648631, 'rho': 0.10018538445968772, 'ants': 21}) and found best instance after 294.6875 seconds.
E1: {(76, 92), (136, 137), (210, 242), (155, 187), (147, 155), (211, 219), (68, 100), (141, 157), (210, 211), (100, 101), (54, 55), (76, 204), (240, 242), (36, 52), (136, 200), (137, 141), (143, 175), (65, 97), (147, 151), (135, 143), (97, 101), (20, 52), (149, 151), (9, 25), (97, 113), (36, 100), (24, 25), (100, 228), (200, 202), (53, 55), (55, 119), (147, 211), (141, 143), (52, 53), (200, 232), (143, 207), (25, 57), (9, 137), (135, 151), (39, 55), (157, 221), (195, 211), (68, 76), (200, 204)}
E2: {(136, 137), (128, 136), (177, 181), (15, 143), (132, 164), (210, 242), (107, 235), (43, 107), (181, 245), (164, 180), (216, 218), (40, 41), (196, 197), (34, 50), (148, 150), (132, 148), (160, 164), (137, 141), (128, 132), (41, 45), (33, 41), (154, 218), (15, 47), (0, 1), (48, 50), (49, 177), (143, 159), (114, 242), (1, 5), (132, 196), (36, 164), (137, 201), (128, 192), (47, 63), (180, 181), (50, 114), (164, 166), (107, 111), (141, 143), (99, 107), (226, 242), (164, 172), (107, 123), (48, 49), (218, 222), (9, 137), (0, 128), (210, 218), (196, 198), (45, 47), (47, 111), (17, 49)}
Obj: 28951

