Log for instance aco_tuning_out/inst21.txt.

Used ({'tau0': 1.3920749967998762e-06, 'xi': 0.08397237700240848, 'q0': 0.6682959638256109, 'alpha': 1.2969464614531203, 'beta': 1.130493567371472, 'rho': 0.47674134103904503, 'ants': 21}) and found best instance after 7.640625 seconds.
E1: {(162, 165), (162, 171), (171, 174), (63, 144), (171, 177), (66, 228), (29, 32), (144, 147), (135, 144), (171, 198), (218, 224), (152, 233), (63, 64), (39, 66), (12, 174), (240, 242), (200, 206), (171, 173), (165, 166), (36, 198), (191, 197), (173, 182), (63, 225), (233, 242), (36, 39), (191, 218), (36, 45), (197, 206), (66, 147), (224, 233), (12, 14), (216, 225), (234, 240), (216, 234), (29, 191), (223, 224)}
E2: {(81, 82), (38, 200), (3, 4), (4, 58), (162, 171), (58, 59), (162, 168), (159, 160), (73, 154), (29, 32), (29, 38), (38, 47), (199, 205), (170, 224), (19, 73), (120, 147), (171, 198), (135, 138), (76, 79), (152, 233), (45, 46), (6, 8), (83, 164), (171, 173), (82, 83), (81, 84), (154, 160), (84, 138), (79, 160), (214, 241), (164, 173), (46, 47), (36, 198), (164, 170), (168, 195), (164, 182), (198, 199), (238, 241), (205, 214), (168, 222), (76, 157), (224, 233), (78, 240), (64, 73), (91, 118), (182, 236), (222, 223), (0, 3), (82, 109), (79, 241), (211, 238), (3, 84), (159, 240), (6, 168), (19, 25), (118, 199), (8, 89), (36, 38), (138, 147), (43, 205)}
Obj: 35590

