Log for instance aco_tuning_out/inst18.txt.

Used ({'tau_0': 9.84719681858141e-06, 'xi': 0.07010842379960239, 'q0': 0.6134461647846249, 'alpha': 1.8618032848172066, 'beta': 0.8495777604552623, 'rho': 0.35523900559656113, 'ants': 21}) and found best instance after 10.375 seconds.
E1: {(136, 137), (193, 201), (58, 59), (50, 58), (150, 151), (216, 218), (252, 253), (1, 3), (148, 150), (132, 148), (85, 213), (192, 193), (209, 213), (45, 61), (193, 197), (10, 42), (50, 54), (220, 221), (26, 90), (192, 208), (147, 151), (90, 218), (61, 63), (221, 253), (96, 98), (216, 220), (80, 82), (208, 216), (57, 59), (39, 47), (46, 62), (1, 5), (2, 10), (95, 127), (213, 215), (29, 61), (47, 111), (151, 215), (32, 96), (110, 238), (32, 160), (111, 127), (98, 99), (50, 114), (54, 62), (213, 245), (107, 111), (99, 107), (46, 110), (208, 209), (42, 58), (126, 127), (98, 114), (9, 137), (26, 58), (66, 70), (2, 3), (2, 6), (66, 82), (62, 63), (132, 140), (6, 70), (151, 159), (136, 140)}
E2: {(137, 139), (136, 137), (162, 226), (136, 152), (146, 154), (40, 44), (172, 188), (112, 240), (17, 21), (114, 115), (146, 178), (28, 30), (114, 118), (123, 127), (252, 253), (136, 140), (244, 252), (30, 94), (50, 51), (96, 97), (146, 150), (152, 184), (50, 54), (83, 115), (96, 112), (154, 218), (90, 218), (44, 172), (28, 60), (142, 143), (221, 253), (70, 78), (112, 114), (97, 101), (17, 81), (5, 21), (46, 62), (244, 245), (76, 78), (74, 90), (72, 74), (110, 238), (32, 96), (24, 28), (240, 244), (146, 210), (96, 224), (81, 83), (32, 160), (50, 114), (162, 163), (81, 89), (50, 178), (188, 252), (140, 172), (76, 108), (46, 110), (139, 143), (118, 126), (126, 127), (113, 115), (86, 94), (80, 81), (66, 70), (9, 137), (70, 86), (86, 118), (224, 226), (224, 232), (54, 62)}
Obj: 38011

