Log for instance aco_tuning_out/inst21.txt.

Used ({'tau0': 9.24915798617957e-06, 'xi': 0.05399113180694906, 'q0': 0.5348646852525689, 'alpha': 0.8177192610685395, 'beta': 1.9504865720120417, 'rho': 0.35361961105123524, 'ants': 16}) and found best instance after 21.0 seconds.
E1: {(185, 188), (166, 184), (39, 201), (54, 135), (175, 202), (176, 185), (198, 200), (201, 202), (223, 232), (30, 39), (182, 188), (27, 30), (30, 32), (175, 176), (184, 185), (27, 45), (64, 70), (14, 176), (27, 54), (71, 152), (70, 71), (201, 228), (178, 232), (175, 178), (198, 201), (177, 178), (70, 232)}
E2: {(4, 58), (3, 4), (58, 59), (120, 147), (179, 233), (124, 205), (144, 147), (135, 144), (218, 221), (5, 86), (152, 233), (195, 213), (218, 236), (223, 232), (200, 206), (157, 238), (67, 70), (4, 5), (214, 241), (70, 232), (51, 52), (58, 67), (182, 188), (118, 124), (86, 89), (25, 52), (238, 241), (205, 214), (91, 97), (45, 51), (59, 221), (109, 118), (66, 147), (64, 70), (205, 232), (206, 233), (0, 3), (211, 238), (66, 67), (179, 188), (51, 78), (213, 214), (5, 32), (43, 205), (97, 124), (232, 233), (52, 214)}
Obj: 29475

