Log for instance aco_tuning_out/inst27.txt.

Used ({'tau_0': 6.895901444357542e-06, 'xi': 0.11930677293557751, 'q0': 0.7766820476791325, 'alpha': 1.762448247826621, 'beta': 0.8740652131662537, 'rho': 0.21713520092331218, 'ants': 13}) and found best instance after 9.171875 seconds.
E1: {(7, 23), (146, 154), (155, 187), (156, 158), (147, 155), (60, 62), (43, 171), (5, 7), (146, 178), (252, 253), (186, 250), (156, 188), (1, 3), (158, 222), (110, 111), (76, 204), (215, 223), (209, 213), (62, 190), (146, 147), (10, 42), (206, 222), (58, 186), (147, 151), (29, 31), (159, 223), (221, 253), (176, 178), (134, 142), (36, 44), (112, 114), (31, 159), (142, 158), (46, 62), (1, 5), (27, 155), (2, 10), (76, 78), (213, 215), (144, 176), (110, 238), (249, 253), (50, 114), (2, 34), (50, 178), (188, 252), (44, 46), (222, 223), (46, 110), (42, 58), (30, 62), (228, 236), (171, 187), (23, 151), (78, 206), (112, 113), (186, 187), (112, 116), (7, 39), (132, 134), (62, 63), (31, 63), (236, 252), (151, 159), (54, 62)}
E2: {(105, 107), (58, 59), (243, 251), (108, 109), (12, 13), (216, 218), (0, 2), (176, 240), (101, 109), (242, 243), (251, 255), (121, 249), (147, 179), (56, 58), (249, 251), (6, 14), (128, 132), (202, 206), (105, 109), (10, 42), (128, 144), (147, 151), (12, 76), (202, 218), (221, 253), (14, 30), (179, 183), (31, 159), (48, 56), (10, 14), (2, 10), (76, 78), (134, 166), (144, 176), (249, 253), (55, 183), (13, 141), (56, 57), (55, 119), (218, 250), (59, 123), (15, 31), (76, 108), (107, 111), (226, 242), (42, 58), (78, 206), (121, 125), (0, 128), (179, 243), (132, 134), (242, 250), (30, 31), (151, 159)}
Obj: 34123

