Log for instance aco_tuning_out/inst03.txt.

Used ({'tau0': 7.814861621349648e-06, 'xi': 0.138307434456488, 'q0': 0.43841983460807055, 'alpha': 1.339632899369741, 'beta': 1.2581696145841696, 'rho': 0.4518495513690369, 'ants': 15}) and found best instance after 12.375 seconds.
E1: {(76, 92), (136, 137), (128, 136), (210, 242), (47, 175), (132, 164), (211, 219), (68, 100), (113, 117), (210, 211), (57, 121), (28, 30), (100, 101), (121, 249), (233, 249), (115, 123), (53, 117), (206, 207), (76, 204), (249, 251), (240, 242), (128, 132), (202, 206), (83, 115), (164, 228), (147, 151), (20, 22), (221, 253), (46, 47), (101, 117), (121, 123), (39, 47), (204, 206), (46, 62), (115, 119), (187, 251), (149, 151), (36, 100), (65, 81), (100, 228), (249, 253), (24, 28), (81, 83), (147, 211), (113, 115), (22, 30), (9, 137), (135, 151), (28, 92), (83, 211), (195, 211), (68, 76), (22, 54), (232, 233), (54, 62)}
E2: {(128, 136), (136, 137), (177, 181), (132, 164), (136, 152), (146, 154), (107, 235), (43, 107), (99, 115), (181, 245), (152, 154), (0, 2), (40, 44), (226, 230), (196, 197), (114, 115), (115, 123), (160, 164), (94, 222), (128, 132), (166, 230), (1, 33), (44, 172), (46, 47), (159, 223), (15, 47), (0, 1), (22, 86), (22, 150), (49, 177), (95, 223), (46, 62), (1, 5), (132, 196), (1, 17), (36, 164), (128, 192), (137, 201), (146, 210), (180, 181), (2, 34), (164, 166), (33, 49), (43, 47), (107, 111), (44, 46), (99, 107), (164, 172), (152, 216), (86, 94), (48, 49), (9, 137), (0, 128), (134, 150), (132, 134), (196, 198), (45, 47), (62, 63), (94, 95)}
Obj: 33840

