Log for instance aco_tuning_out/inst15.txt.

Used ({'tau0': 5.572049615801917e-06, 'xi': 0.06325004225542018, 'q0': 0.8461092587771804, 'alpha': 1.389681207393384, 'beta': 0.3366413033928038, 'rho': 0.4612946765120627, 'ants': 22}) and found best instance after 8.125 seconds.
E1: {(81, 82), (226, 232), (33, 42), (3, 4), (226, 229), (4, 58), (171, 174), (55, 136), (119, 200), (118, 119), (228, 229), (153, 159), (78, 159), (54, 55), (83, 164), (136, 145), (82, 83), (81, 84), (171, 173), (180, 182), (164, 173), (81, 99), (58, 76), (64, 226), (118, 145), (38, 119), (36, 42), (109, 118), (174, 177), (76, 157), (54, 72), (205, 232), (72, 153), (145, 226), (99, 180), (82, 109), (3, 84), (91, 145), (33, 195), (36, 38), (43, 205)}
E2: {(81, 82), (226, 232), (3, 4), (4, 58), (162, 171), (226, 229), (55, 136), (84, 87), (118, 119), (6, 24), (171, 177), (171, 180), (228, 229), (217, 220), (171, 198), (46, 127), (5, 86), (166, 220), (13, 14), (67, 229), (198, 200), (45, 46), (39, 66), (24, 78), (83, 164), (136, 145), (171, 173), (82, 83), (81, 84), (209, 215), (6, 87), (180, 182), (164, 173), (58, 67), (36, 198), (86, 89), (118, 127), (209, 236), (66, 68), (55, 217), (118, 145), (38, 119), (36, 39), (205, 214), (196, 205), (109, 118), (24, 25), (110, 119), (40, 67), (128, 134), (55, 64), (205, 232), (13, 40), (110, 128), (0, 162), (59, 68), (202, 211), (135, 136), (3, 84), (202, 229), (5, 32), (195, 196), (83, 86), (36, 38), (214, 215), (43, 205)}
Obj: 36695

