Log for instance aco_tuning_out/inst03.txt.

Used ({'tau0': 6.544509853368331e-06, 'xi': 0.05105112966369988, 'q0': 0.3218040775925436, 'alpha': 1.317829237345747, 'beta': 0.4388545186115663, 'rho': 0.34888292737798793, 'ants': 30}) and found best instance after 29.921875 seconds.
E1: {(137, 139), (177, 181), (24, 88), (88, 216), (196, 228), (200, 216), (211, 219), (67, 83), (65, 67), (36, 37), (37, 39), (53, 181), (205, 221), (143, 175), (82, 83), (83, 115), (52, 54), (208, 210), (208, 216), (135, 143), (49, 113), (139, 171), (49, 177), (115, 119), (20, 52), (68, 196), (208, 240), (200, 202), (88, 92), (37, 53), (82, 210), (147, 211), (171, 175), (149, 181), (52, 53), (200, 232), (171, 187), (143, 207), (113, 115), (9, 137), (49, 57), (205, 207), (204, 205), (196, 204), (37, 101), (83, 211), (195, 211), (200, 204)}
E2: {(177, 181), (111, 239), (32, 34), (145, 149), (132, 164), (32, 40), (98, 226), (13, 45), (99, 115), (181, 245), (5, 13), (216, 218), (114, 115), (34, 98), (148, 150), (115, 123), (207, 239), (132, 148), (160, 164), (128, 132), (32, 33), (9, 41), (82, 83), (32, 36), (41, 45), (59, 63), (33, 41), (83, 115), (154, 218), (32, 48), (159, 223), (199, 207), (207, 223), (235, 239), (17, 145), (198, 199), (148, 149), (128, 192), (32, 160), (137, 201), (180, 181), (59, 123), (164, 166), (82, 210), (149, 181), (222, 223), (164, 172), (98, 114), (43, 59), (218, 222), (0, 128), (9, 137), (210, 218), (197, 199), (13, 15)}
Obj: 31026

