Log for instance aco_tuning_out/inst12.txt.

Used ({'tau_0': 5.420704371762057e-06, 'xi': 0.09688583805471983, 'q0': 0.31023948946680013, 'alpha': 0.7611440380801126, 'beta': 1.2418611307887504, 'rho': 0.4656758616586811, 'ants': 22}) and found best instance after 22.953125 seconds.
E1: {(10, 37), (45, 126), (128, 209), (31, 32), (84, 102), (27, 28), (117, 120), (3, 165), (117, 126), (28, 109), (10, 91), (165, 166), (49, 211), (126, 128), (89, 143), (168, 195), (31, 49), (182, 209), (168, 222), (27, 45), (128, 134), (141, 143), (165, 168), (0, 3), (3, 84), (141, 222), (28, 31), (28, 37), (37, 43), (0, 27)}
E2: {(10, 37), (55, 136), (119, 200), (118, 119), (125, 134), (217, 223), (217, 220), (61, 79), (76, 79), (172, 178), (166, 220), (125, 152), (45, 46), (218, 236), (37, 118), (99, 102), (49, 211), (89, 143), (78, 79), (20, 101), (55, 217), (35, 62), (19, 20), (109, 118), (49, 76), (76, 157), (55, 61), (32, 35), (119, 125), (177, 178), (99, 101), (55, 64), (59, 62), (10, 172), (62, 143), (61, 62), (46, 49), (217, 218), (135, 136), (19, 25), (10, 19), (37, 43), (37, 46)}
Obj: 31290

