Log for instance aco_tuning_out/inst21.txt.

Used ({'tau0': 6.916816029978271e-06, 'xi': 0.13109583259981678, 'q0': 0.7096508529113955, 'alpha': 0.8294099029859726, 'beta': 1.23731470593669, 'rho': 0.12314043168046776, 'ants': 23}) and found best instance after 197.984375 seconds.
E1: {(166, 175), (37, 64), (175, 202), (228, 229), (171, 177), (199, 202), (190, 199), (171, 198), (152, 233), (190, 217), (198, 200), (45, 46), (223, 232), (171, 173), (202, 203), (232, 233), (173, 182), (41, 203), (198, 199), (229, 232), (32, 41), (136, 217), (135, 136), (37, 199), (202, 229), (14, 41), (37, 46)}
E2: {(162, 171), (5, 59), (64, 145), (199, 205), (171, 198), (5, 86), (152, 233), (198, 200), (121, 148), (223, 232), (83, 164), (171, 173), (136, 145), (145, 148), (189, 195), (51, 52), (164, 173), (86, 89), (25, 52), (173, 182), (118, 145), (198, 199), (205, 214), (45, 51), (109, 118), (120, 121), (91, 118), (211, 214), (205, 232), (182, 236), (0, 162), (135, 136), (51, 78), (5, 32), (118, 199), (83, 86), (43, 205), (148, 157), (189, 198), (232, 233), (52, 214)}
Obj: 27464

