Log for instance aco_tuning_out/inst21.txt.

Used ({'tau0': 3.462877209278076e-06, 'xi': 0.0658154748162855, 'q0': 0.6970370798529836, 'alpha': 1.3037173239481683, 'beta': 0.3291761938293081, 'rho': 0.413035014315252, 'ants': 16}) and found best instance after 7.375 seconds.
E1: {(39, 201), (66, 228), (64, 145), (217, 223), (144, 147), (135, 144), (166, 220), (45, 46), (39, 66), (200, 209), (209, 215), (46, 47), (39, 41), (55, 217), (50, 212), (182, 209), (63, 66), (66, 147), (174, 177), (55, 64), (220, 223), (41, 50), (32, 41), (71, 152), (174, 201), (144, 145), (47, 209), (65, 71), (212, 215), (14, 41), (63, 65)}
E2: {(81, 82), (212, 215), (55, 136), (146, 227), (29, 32), (10, 64), (144, 147), (135, 144), (218, 227), (142, 223), (149, 152), (34, 43), (189, 191), (0, 81), (39, 66), (218, 236), (200, 206), (83, 164), (28, 109), (82, 83), (10, 91), (204, 231), (209, 215), (189, 195), (136, 142), (211, 212), (51, 52), (25, 52), (58, 76), (31, 34), (66, 68), (55, 217), (204, 206), (164, 191), (182, 209), (28, 29), (39, 120), (45, 51), (31, 58), (69, 231), (66, 147), (81, 135), (76, 157), (206, 215), (164, 218), (146, 149), (82, 91), (59, 68), (190, 191), (217, 218), (28, 190), (60, 69), (60, 78), (83, 89), (28, 31), (214, 215), (198, 204), (189, 198), (52, 214)}
Obj: 34310

