Log for instance aco_tuning_out/inst27.txt.

Used ({'tau0': 3.151708497185101e-06, 'xi': 0.05632693656731169, 'q0': 0.5279577748463967, 'alpha': 0.47226881213046684, 'beta': 1.430973702133798, 'rho': 0.06294574331706608, 'ants': 24}) and found best instance after 238.109375 seconds.
E1: {(204, 220), (154, 155), (155, 187), (27, 59), (60, 62), (116, 244), (228, 244), (0, 2), (23, 31), (110, 111), (249, 251), (209, 213), (128, 132), (62, 190), (59, 63), (220, 221), (128, 144), (116, 124), (29, 31), (14, 30), (113, 241), (46, 62), (10, 14), (27, 155), (187, 251), (2, 10), (213, 215), (213, 221), (110, 238), (241, 249), (2, 34), (60, 124), (46, 110), (38, 39), (43, 59), (14, 142), (0, 128), (209, 241), (2, 3), (34, 38), (36, 38), (62, 63), (30, 31), (31, 63), (250, 251), (54, 62)}
E2: {(119, 127), (58, 59), (243, 251), (125, 253), (0, 2), (176, 240), (38, 166), (141, 157), (202, 234), (101, 109), (123, 127), (147, 179), (251, 255), (48, 176), (253, 255), (56, 58), (109, 125), (6, 14), (220, 221), (125, 127), (226, 234), (128, 144), (221, 253), (216, 220), (14, 15), (14, 30), (48, 56), (10, 14), (2, 10), (234, 250), (144, 176), (56, 57), (59, 123), (111, 127), (2, 34), (0, 128), (179, 243), (34, 38), (157, 221), (250, 251)}
Obj: 24703

