Log for instance aco_tuning_out/inst15.txt.

Used ({'tau0': 3.5413625395276035e-06, 'xi': 0.13677021617214064, 'q0': 0.40454797157881806, 'alpha': 1.9054287973649844, 'beta': 1.2761266989533575, 'rho': 0.43117638553854254, 'ants': 24}) and found best instance after 10.4375 seconds.
E1: {(175, 202), (195, 204), (172, 175), (172, 181), (94, 97), (97, 178), (200, 203), (145, 148), (204, 231), (202, 203), (228, 231), (177, 204), (94, 148), (118, 145), (91, 97), (109, 118), (69, 231), (76, 157), (178, 205), (73, 76), (64, 73), (202, 205), (181, 182), (60, 69), (60, 78), (204, 205), (43, 205), (148, 157)}
E2: {(72, 73), (123, 204), (188, 242), (33, 42), (39, 201), (21, 22), (125, 134), (0, 2), (236, 242), (2, 8), (13, 14), (198, 200), (24, 78), (72, 75), (136, 145), (8, 170), (49, 211), (7, 25), (21, 24), (42, 123), (7, 34), (177, 204), (39, 41), (182, 188), (31, 34), (31, 49), (118, 145), (198, 199), (4, 166), (109, 118), (201, 204), (33, 34), (18, 21), (21, 75), (64, 73), (4, 7), (32, 41), (59, 62), (201, 228), (135, 136), (4, 13), (8, 62), (4, 22), (18, 45), (123, 125), (204, 205), (118, 199), (33, 195), (8, 89), (170, 188), (43, 205), (198, 201), (7, 8)}
Obj: 30696

