Log for instance aco_tuning_out/inst21.txt.

Used ({'tau0': 3.0123184321619356e-06, 'xi': 0.12162366348291398, 'q0': 0.6525057095214953, 'alpha': 0.3418731697773203, 'beta': 1.7855031617760102, 'rho': 0.2482497904794193, 'ants': 32}) and found best instance after 186.25 seconds.
E1: {(226, 232), (30, 39), (64, 226), (182, 209), (205, 232), (174, 201), (174, 228), (217, 226), (175, 229), (175, 176), (145, 226), (214, 215), (226, 229), (39, 201), (217, 223), (125, 152), (136, 145), (209, 215), (174, 177), (14, 176), (47, 209), (45, 47), (166, 175), (200, 209), (125, 206), (205, 214), (30, 32), (206, 215), (135, 136), (174, 176)}
E2: {(199, 205), (217, 220), (171, 198), (30, 39), (67, 70), (25, 52), (90, 117), (139, 220), (85, 139), (81, 135), (55, 61), (205, 232), (85, 86), (61, 223), (81, 82), (28, 46), (28, 55), (151, 152), (45, 46), (55, 56), (51, 52), (164, 173), (58, 67), (235, 236), (82, 85), (0, 162), (70, 232), (56, 59), (90, 91), (162, 171), (151, 232), (139, 157), (43, 70), (198, 200), (39, 66), (28, 109), (86, 89), (164, 182), (117, 198), (211, 214), (58, 139), (216, 222), (117, 120), (162, 216), (171, 173), (232, 241), (195, 222), (55, 217), (198, 199), (205, 214), (30, 32), (55, 64), (66, 67), (235, 241), (51, 78), (52, 214)}
Obj: 32554

