Log for instance aco_tuning_out/inst30.txt.

Used ({'tau_0': 2.760703391532889e-06, 'xi': 0.11284095755067615, 'q0': 0.39431429333058177, 'alpha': 1.2851296972235255, 'beta': 1.3966465894197229, 'rho': 0.20591685095973755, 'ants': 13}) and found best instance after 14.328125 seconds.
E1: {(123, 204), (162, 171), (226, 235), (171, 177), (118, 119), (29, 35), (29, 32), (199, 205), (171, 198), (109, 110), (14, 95), (195, 204), (198, 200), (94, 103), (145, 148), (25, 52), (35, 53), (64, 226), (35, 62), (94, 148), (118, 145), (198, 199), (29, 110), (235, 236), (205, 214), (102, 103), (110, 119), (53, 134), (91, 118), (211, 214), (0, 162), (62, 143), (145, 226), (120, 123), (143, 152), (204, 205), (118, 199), (94, 95), (52, 214)}
E2: {(1, 28), (54, 135), (75, 237), (139, 157), (179, 233), (4, 85), (33, 60), (10, 64), (134, 161), (161, 242), (152, 233), (10, 91), (72, 75), (28, 109), (20, 74), (228, 237), (173, 179), (173, 182), (0, 1), (233, 242), (85, 139), (173, 200), (19, 20), (4, 166), (72, 74), (54, 60), (177, 179), (54, 72), (74, 236), (45, 72), (1, 4), (19, 25), (33, 195), (10, 19), (1, 19), (20, 182)}
Obj: 33672

