Log for instance aco_tuning_out/inst06.txt.

Used ({'tau_0': 5.886189817315941e-06, 'xi': 0.08222368157872886, 'q0': 0.5177131034654385, 'alpha': 1.8715621976373542, 'beta': 1.496250370264296, 'rho': 0.33920762188241993, 'ants': 22}) and found best instance after 15.46875 seconds.
E1: {(128, 136), (136, 137), (192, 200), (105, 107), (132, 164), (220, 222), (164, 180), (0, 2), (39, 103), (80, 208), (210, 214), (57, 121), (121, 249), (212, 214), (8, 24), (53, 117), (78, 110), (238, 239), (142, 174), (196, 212), (166, 174), (174, 175), (102, 110), (128, 132), (9, 41), (174, 190), (82, 83), (136, 200), (220, 221), (25, 153), (41, 45), (142, 143), (41, 57), (80, 82), (135, 143), (80, 88), (8, 136), (172, 174), (129, 145), (132, 196), (138, 142), (130, 138), (9, 25), (134, 166), (102, 103), (214, 222), (208, 240), (88, 89), (85, 93), (110, 238), (145, 153), (98, 99), (237, 239), (85, 117), (98, 102), (99, 107), (46, 110), (200, 232), (46, 174), (98, 114), (208, 212), (143, 207), (23, 151), (9, 137), (0, 128), (2, 3), (132, 134), (135, 151), (93, 221), (6, 134)}
E2: {(193, 195), (193, 201), (99, 103), (105, 107), (101, 103), (163, 179), (70, 198), (40, 44), (103, 231), (17, 21), (8, 12), (97, 105), (1, 3), (156, 188), (66, 194), (187, 191), (8, 24), (53, 117), (142, 174), (53, 181), (117, 245), (196, 212), (174, 175), (166, 174), (24, 26), (174, 190), (193, 197), (25, 89), (26, 90), (25, 153), (188, 189), (180, 188), (181, 183), (3, 67), (67, 195), (12, 76), (44, 172), (142, 143), (179, 183), (194, 226), (170, 174), (143, 159), (1, 5), (172, 174), (132, 196), (129, 145), (1, 17), (24, 25), (175, 191), (180, 181), (2, 34), (98, 99), (66, 98), (145, 153), (99, 107), (12, 44), (66, 70), (103, 119), (2, 3), (67, 99), (68, 70), (196, 198), (97, 225), (2, 18), (36, 44), (21, 53), (68, 76), (96, 98)}
Obj: 39329

