Log for instance aco_tuning_out/inst03.txt.

Used ({'tau0': 5.072339472437726e-06, 'xi': 0.06750660483788565, 'q0': 0.39673942663117334, 'alpha': 1.3764884196051321, 'beta': 0.7955077619397278, 'rho': 0.4521931615046479, 'ants': 17}) and found best instance after 10.046875 seconds.
E1: {(76, 92), (136, 137), (201, 203), (210, 242), (177, 181), (196, 228), (219, 223), (4, 6), (211, 219), (201, 233), (100, 101), (4, 36), (221, 223), (57, 185), (206, 207), (83, 211), (53, 181), (54, 55), (240, 242), (185, 187), (143, 175), (82, 83), (83, 115), (206, 222), (202, 203), (25, 153), (65, 97), (137, 153), (108, 236), (147, 151), (142, 143), (20, 22), (204, 206), (132, 196), (115, 119), (97, 113), (149, 151), (68, 76), (24, 25), (177, 185), (153, 185), (203, 207), (147, 211), (82, 210), (6, 22), (204, 236), (76, 108), (222, 223), (228, 236), (4, 132), (142, 206), (113, 115), (9, 137), (135, 151), (39, 55), (100, 108), (195, 211), (132, 140), (22, 54), (232, 233), (136, 140)}
E2: {(128, 136), (136, 137), (41, 43), (132, 164), (105, 107), (171, 235), (146, 154), (32, 34), (32, 40), (4, 6), (43, 107), (13, 45), (5, 7), (43, 171), (228, 229), (164, 180), (216, 218), (128, 160), (201, 233), (197, 229), (226, 230), (4, 36), (128, 132), (9, 41), (146, 150), (32, 36), (33, 41), (137, 153), (32, 48), (229, 245), (31, 159), (9, 13), (0, 4), (17, 145), (132, 196), (134, 166), (63, 127), (6, 7), (196, 228), (128, 192), (105, 233), (111, 127), (98, 99), (145, 153), (164, 166), (15, 31), (107, 111), (146, 210), (228, 230), (99, 107), (164, 172), (98, 114), (107, 123), (218, 222), (0, 128), (9, 137), (134, 150), (210, 218), (145, 177), (196, 198), (13, 15)}
Obj: 36437

