Log for instance aco_tuning_out/inst27.txt.

Used ({'tau0': 6.651155935593466e-06, 'xi': 0.0698190378741818, 'q0': 0.8638669115585977, 'alpha': 1.1622049190539232, 'beta': 1.595958584283492, 'rho': 0.31540247478897615, 'ants': 9}) and found best instance after 5.296875 seconds.
E1: {(7, 23), (196, 228), (243, 251), (146, 154), (155, 187), (108, 109), (147, 155), (220, 222), (3, 7), (86, 87), (206, 238), (87, 95), (146, 178), (114, 118), (158, 222), (76, 204), (215, 223), (36, 52), (249, 251), (146, 147), (10, 42), (206, 222), (220, 221), (14, 30), (61, 63), (147, 151), (142, 143), (60, 61), (20, 22), (221, 253), (116, 118), (176, 178), (31, 95), (22, 86), (142, 158), (31, 159), (178, 242), (143, 159), (114, 242), (95, 223), (46, 62), (39, 47), (27, 155), (20, 52), (76, 78), (213, 215), (54, 118), (132, 196), (29, 61), (144, 176), (47, 111), (10, 14), (110, 238), (249, 253), (42, 43), (2, 34), (2, 10), (76, 108), (158, 190), (46, 110), (23, 87), (14, 78), (113, 115), (78, 206), (242, 250), (196, 204), (115, 243), (109, 111), (62, 63), (151, 159), (209, 213)}
E2: {(119, 127), (58, 59), (90, 94), (243, 251), (108, 109), (156, 158), (4, 6), (12, 13), (4, 12), (125, 253), (216, 218), (101, 109), (176, 240), (244, 246), (252, 253), (48, 176), (156, 188), (253, 255), (198, 206), (158, 222), (30, 94), (56, 58), (94, 222), (249, 251), (6, 14), (10, 42), (206, 222), (198, 230), (12, 76), (142, 143), (147, 151), (221, 253), (90, 218), (202, 218), (14, 15), (142, 158), (143, 159), (10, 14), (76, 78), (144, 176), (240, 244), (13, 141), (249, 253), (56, 57), (226, 230), (230, 246), (111, 127), (59, 123), (250, 251), (76, 108), (188, 252), (42, 58), (78, 206), (109, 111), (166, 230), (151, 159)}
Obj: 35004

