Log for instance aco_tuning_out/inst30.txt.

Used ({'tau0': 5.7232384546733595e-06, 'xi': 0.1429672685027304, 'q0': 0.57445047410033, 'alpha': 1.4195433954167913, 'beta': 1.4047255855017542, 'rho': 0.4106053256096564, 'ants': 31}) and found best instance after 22.09375 seconds.
E1: {(1, 28), (99, 100), (119, 200), (125, 134), (29, 32), (10, 64), (124, 205), (123, 124), (16, 178), (236, 242), (240, 242), (28, 109), (10, 91), (16, 25), (99, 102), (150, 159), (0, 1), (28, 29), (196, 205), (205, 214), (175, 176), (91, 100), (123, 150), (119, 125), (178, 205), (14, 176), (211, 214), (150, 152), (159, 240), (123, 125), (10, 16), (195, 196), (1, 10), (175, 178), (177, 178), (120, 123)}
E2: {(166, 175), (226, 229), (66, 228), (135, 138), (179, 233), (217, 226), (178, 179), (175, 229), (152, 233), (198, 200), (39, 66), (218, 236), (97, 178), (30, 39), (148, 229), (209, 215), (147, 148), (36, 198), (22, 25), (0, 1), (64, 226), (134, 215), (27, 30), (36, 39), (182, 209), (27, 33), (91, 97), (205, 214), (4, 166), (109, 112), (66, 147), (27, 45), (178, 205), (217, 218), (4, 22), (1, 4), (31, 112), (33, 195), (138, 147), (214, 215), (175, 178), (148, 157), (30, 31), (177, 178)}
Obj: 33747

