Log for instance aco_tuning_out/inst21.txt.

Used ({'tau0': 4.854876741746394e-06, 'xi': 0.1452545140568255, 'q0': 0.42195591018398276, 'alpha': 0.3555439034289861, 'beta': 0.8668501148752592, 'rho': 0.11887721475075397, 'ants': 32}) and found best instance after 224.359375 seconds.
E1: {(162, 171), (171, 198), (14, 95), (152, 233), (162, 164), (173, 179), (164, 182), (166, 167), (177, 231), (5, 167), (162, 163), (95, 176), (5, 32), (55, 136), (179, 233), (167, 176), (231, 233), (171, 173), (228, 231), (173, 176), (45, 207), (55, 217), (173, 200), (163, 217), (224, 233), (55, 64), (135, 136), (198, 207), (223, 224)}
E2: {(162, 168), (207, 209), (29, 32), (38, 44), (171, 198), (9, 90), (158, 161), (89, 143), (31, 49), (182, 209), (31, 58), (27, 36), (27, 45), (27, 54), (108, 189), (27, 29), (189, 216), (108, 109), (156, 158), (151, 152), (108, 111), (36, 198), (209, 236), (55, 58), (59, 77), (36, 38), (216, 234), (189, 195), (198, 207), (0, 27), (27, 108), (90, 91), (54, 135), (162, 171), (54, 55), (7, 25), (153, 234), (143, 161), (9, 36), (111, 120), (38, 200), (153, 156), (160, 161), (77, 239), (72, 78), (49, 211), (88, 169), (151, 160), (55, 64), (43, 44), (158, 239), (7, 88), (72, 153), (169, 223), (157, 160), (168, 169)}
Obj: 32219

