Log for instance aco_tuning_out/inst03.txt.

Used ({'tau0': 1.6998009274389792e-06, 'xi': 0.07574288908876978, 'q0': 0.3437997878588728, 'alpha': 0.9960324515524092, 'beta': 0.6033193519507508, 'rho': 0.22849098583736227, 'ants': 30}) and found best instance after 174.53125 seconds.
E1: {(201, 203), (200, 201), (193, 195), (193, 201), (132, 164), (155, 187), (101, 103), (147, 155), (133, 135), (39, 103), (39, 167), (49, 53), (132, 133), (192, 193), (36, 52), (192, 196), (52, 54), (164, 228), (201, 217), (192, 208), (20, 28), (217, 219), (208, 210), (49, 113), (133, 149), (167, 175), (155, 219), (132, 196), (20, 52), (68, 196), (36, 164), (135, 167), (200, 202), (208, 240), (24, 28), (137, 201), (203, 207), (52, 53), (200, 232), (217, 221), (9, 137), (103, 119), (49, 57), (65, 193), (196, 204), (28, 92)}
E2: {(32, 34), (32, 40), (132, 164), (154, 158), (44, 45), (98, 226), (146, 154), (193, 201), (197, 229), (40, 44), (201, 233), (48, 176), (34, 98), (1, 9), (123, 127), (158, 222), (192, 193), (192, 196), (0, 32), (193, 197), (32, 36), (1, 33), (160, 176), (192, 208), (15, 47), (208, 210), (208, 216), (0, 1), (229, 245), (1, 5), (132, 196), (1, 17), (36, 164), (32, 160), (146, 210), (111, 127), (47, 63), (98, 99), (164, 166), (43, 47), (164, 172), (98, 114), (176, 177), (150, 158), (233, 235), (176, 180), (196, 198), (45, 47), (158, 159), (47, 111)}
Obj: 28387

