Log for instance aco_tuning_out/inst03.txt.

Used ({'tau0': 6.651390889237055e-06, 'xi': 0.11158156951036152, 'q0': 0.3891327832249725, 'alpha': 0.5704086329673803, 'beta': 0.45022269695520334, 'rho': 0.05657845121910911, 'ants': 23}) and found best instance after 119.546875 seconds.
E1: {(20, 84), (68, 84), (147, 151), (97, 113), (68, 196), (149, 151), (53, 55), (24, 28), (49, 57), (92, 220), (136, 137), (147, 155), (210, 211), (39, 167), (206, 207), (36, 52), (64, 68), (65, 97), (224, 240), (97, 101), (155, 219), (135, 167), (128, 192), (52, 53), (194, 210), (9, 137), (135, 151), (196, 228), (155, 187), (211, 219), (54, 55), (64, 65), (224, 228), (84, 92), (49, 113), (143, 207), (224, 232), (192, 194), (128, 136), (192, 196), (143, 175), (202, 206), (194, 202), (220, 221), (20, 52), (194, 195), (55, 119), (196, 204), (28, 92)}
E2: {(196, 197), (1, 33), (150, 214), (1, 17), (32, 96), (33, 49), (218, 222), (0, 128), (136, 137), (98, 226), (180, 244), (216, 218), (164, 180), (128, 160), (158, 222), (160, 164), (33, 35), (32, 48), (1, 5), (132, 196), (214, 222), (128, 192), (47, 63), (164, 166), (194, 210), (98, 114), (9, 137), (132, 134), (96, 98), (47, 111), (32, 34), (154, 158), (43, 171), (128, 132), (32, 36), (15, 47), (49, 177), (244, 245), (137, 201), (43, 47), (35, 43), (107, 123), (134, 150), (196, 198), (45, 47), (128, 136), (192, 194), (32, 40), (171, 235), (32, 33), (0, 1), (107, 111), (99, 107), (164, 172), (158, 159)}
Obj: 31111

