Log for instance aco_tuning_out/inst12.txt.

Used ({'tau_0': 2.0274933728523487e-06, 'xi': 0.13405703789383258, 'q0': 0.526091823657158, 'alpha': 1.6793374858698646, 'beta': 0.6970800710605479, 'rho': 0.13613590490376215, 'ants': 11}) and found best instance after 8.171875 seconds.
E1: {(3, 4), (166, 193), (31, 32), (208, 211), (127, 128), (190, 196), (84, 102), (101, 182), (46, 127), (190, 208), (117, 120), (31, 193), (51, 52), (84, 86), (86, 89), (118, 127), (196, 205), (45, 51), (109, 118), (193, 196), (46, 208), (128, 134), (91, 118), (46, 52), (0, 3), (3, 84), (4, 31), (195, 196), (101, 128), (117, 118), (43, 205)}
E2: {(226, 232), (108, 109), (119, 200), (118, 119), (139, 157), (59, 140), (84, 102), (236, 242), (152, 233), (223, 232), (81, 84), (51, 52), (133, 134), (84, 86), (118, 124), (25, 52), (86, 89), (81, 108), (52, 133), (108, 135), (85, 139), (64, 226), (45, 51), (205, 214), (109, 118), (177, 178), (178, 205), (85, 166), (205, 232), (211, 214), (215, 242), (124, 133), (86, 140), (32, 59), (51, 78), (85, 86), (214, 215), (43, 205), (232, 233), (52, 214)}
Obj: 30039

