Log for instance aco_tuning_out/inst06.txt.

Used ({'tau_0': 9.387858024888234e-06, 'xi': 0.14290215705758647, 'q0': 0.4917258290014144, 'alpha': 1.0227666505205433, 'beta': 1.168523363313268, 'rho': 0.2926263236671505, 'ants': 22}) and found best instance after 25.90625 seconds.
E1: {(168, 172), (210, 242), (164, 180), (0, 2), (87, 95), (210, 214), (0, 8), (2, 130), (121, 249), (221, 223), (212, 214), (91, 95), (8, 24), (37, 39), (37, 45), (174, 175), (168, 232), (14, 46), (128, 129), (143, 175), (6, 14), (174, 190), (240, 242), (173, 237), (105, 121), (89, 91), (135, 143), (95, 223), (207, 223), (114, 242), (83, 87), (172, 174), (85, 87), (214, 222), (174, 238), (45, 173), (37, 53), (128, 192), (89, 121), (164, 166), (222, 223), (173, 175), (164, 172), (46, 174), (14, 78), (23, 87), (143, 207), (0, 128), (2, 3), (2, 6)}
E2: {(90, 91), (193, 195), (32, 34), (132, 164), (188, 190), (193, 201), (32, 40), (101, 103), (164, 180), (103, 231), (193, 225), (225, 227), (196, 197), (2, 66), (187, 191), (156, 188), (36, 37), (5, 37), (196, 212), (174, 175), (174, 190), (193, 197), (32, 36), (163, 227), (188, 189), (180, 188), (89, 91), (229, 245), (170, 174), (17, 81), (225, 229), (132, 196), (68, 196), (65, 81), (36, 164), (226, 227), (32, 96), (175, 191), (81, 89), (2, 34), (164, 166), (129, 193), (103, 119), (65, 193), (2, 3), (37, 101), (2, 18), (159, 191)}
Obj: 29329

