Log for instance aco_tuning_out/inst18.txt.

Used ({'tau_0': 9.563421643378381e-06, 'xi': 0.09724359984230846, 'q0': 0.3832373282206037, 'alpha': 0.33412689971093434, 'beta': 0.5388896399688413, 'rho': 0.11521783790776492, 'ants': 25}) and found best instance after 272.109375 seconds.
E1: {(2, 66), (1, 33), (35, 99), (147, 151), (31, 95), (31, 159), (213, 245), (118, 126), (3, 35), (66, 82), (151, 159), (209, 213), (25, 29), (33, 161), (1, 3), (197, 213), (73, 89), (29, 31), (1, 5), (213, 215), (47, 63), (73, 201), (2, 6), (54, 62), (47, 111), (90, 91), (58, 62), (1, 9), (91, 95), (110, 126), (245, 253), (80, 82), (9, 25), (110, 238), (2, 3), (45, 47), (62, 63), (150, 151), (252, 253), (85, 213), (160, 161), (89, 91), (39, 47), (46, 62), (54, 118), (151, 215), (25, 57), (31, 63)}
E2: {(24, 88), (1, 33), (82, 86), (25, 89), (80, 88), (138, 142), (118, 126), (101, 229), (22, 30), (210, 218), (66, 82), (184, 248), (33, 161), (114, 115), (115, 123), (168, 232), (240, 248), (154, 218), (248, 252), (40, 168), (1, 5), (80, 112), (161, 225), (72, 88), (161, 163), (1, 9), (110, 126), (245, 253), (221, 253), (80, 82), (76, 78), (9, 25), (110, 238), (108, 110), (82, 210), (51, 115), (22, 54), (168, 172), (160, 168), (72, 76), (232, 248), (108, 124), (112, 240), (82, 114), (252, 253), (160, 161), (22, 86), (225, 229), (22, 150), (54, 118), (138, 154), (60, 124), (113, 115)}
Obj: 28726

