Log for instance aco_tuning_out/inst27.txt.

Used ({'tau0': 7.199516623553175e-06, 'xi': 0.11757684122784635, 'q0': 0.8950304976400971, 'alpha': 1.7862372914817117, 'beta': 1.3396042945590478, 'rho': 0.08070539620138223, 'ants': 25}) and found best instance after 43.0 seconds.
E1: {(55, 63), (196, 228), (243, 251), (146, 154), (155, 187), (156, 158), (147, 155), (43, 107), (151, 183), (206, 238), (114, 115), (114, 118), (34, 98), (30, 158), (110, 111), (249, 251), (146, 147), (32, 36), (116, 118), (147, 151), (151, 159), (142, 143), (28, 60), (221, 253), (144, 146), (142, 158), (179, 183), (143, 159), (204, 206), (27, 155), (28, 29), (213, 215), (132, 196), (54, 118), (55, 183), (32, 96), (249, 253), (151, 215), (110, 238), (2, 34), (250, 251), (158, 190), (107, 111), (142, 206), (98, 114), (113, 115), (23, 151), (179, 243), (2, 3), (115, 243), (196, 204), (39, 55), (28, 156), (96, 98), (209, 213)}
E2: {(105, 107), (243, 251), (156, 158), (151, 183), (125, 253), (97, 105), (253, 255), (56, 58), (30, 158), (249, 251), (240, 242), (6, 14), (109, 125), (10, 42), (105, 109), (194, 202), (147, 151), (142, 143), (221, 253), (14, 15), (144, 152), (142, 158), (179, 183), (194, 226), (143, 159), (152, 156), (14, 30), (10, 14), (48, 56), (97, 101), (166, 167), (123, 251), (249, 253), (55, 183), (56, 57), (55, 119), (250, 251), (107, 111), (226, 242), (141, 143), (42, 58), (152, 216), (167, 183), (179, 243), (242, 250), (151, 159)}
Obj: 27639

