Log for instance aco_tuning_out/inst27.txt.

Used ({'tau0': 3.462877209278076e-06, 'xi': 0.0658154748162855, 'q0': 0.6970370798529836, 'alpha': 1.3037173239481683, 'beta': 0.3291761938293081, 'rho': 0.413035014315252, 'ants': 16}) and found best instance after 8.90625 seconds.
E1: {(105, 107), (154, 158), (196, 228), (108, 109), (155, 187), (237, 253), (27, 155), (44, 60), (87, 95), (210, 211), (97, 105), (210, 214), (114, 118), (11, 139), (78, 110), (198, 206), (158, 222), (76, 204), (187, 251), (249, 251), (10, 42), (206, 222), (105, 109), (116, 118), (142, 143), (29, 31), (221, 253), (31, 95), (142, 158), (39, 47), (46, 62), (114, 242), (2, 10), (132, 196), (76, 78), (97, 113), (54, 118), (161, 177), (214, 222), (109, 237), (144, 176), (209, 211), (110, 238), (42, 43), (47, 63), (139, 143), (2, 34), (42, 46), (62, 63), (76, 108), (44, 46), (107, 111), (46, 110), (3, 11), (158, 190), (23, 87), (78, 206), (176, 177), (161, 225), (196, 198), (97, 225), (242, 250), (214, 215), (36, 44), (30, 31), (31, 63), (11, 27), (54, 62)}
E2: {(128, 130), (128, 136), (105, 107), (99, 103), (200, 216), (108, 109), (91, 123), (4, 6), (4, 12), (12, 13), (97, 105), (242, 243), (244, 246), (2, 130), (34, 98), (91, 95), (253, 255), (56, 58), (93, 95), (136, 200), (10, 42), (105, 109), (220, 221), (128, 144), (147, 151), (12, 76), (221, 253), (93, 125), (216, 220), (14, 15), (31, 95), (14, 30), (31, 159), (48, 56), (97, 101), (114, 242), (10, 14), (2, 10), (134, 166), (200, 202), (56, 57), (13, 141), (240, 244), (226, 230), (230, 246), (2, 34), (12, 14), (76, 108), (107, 111), (226, 242), (99, 107), (42, 58), (98, 114), (130, 134), (103, 119), (242, 250), (30, 31), (151, 159)}
Obj: 35863

