Log for instance aco_tuning_out/inst09.txt.

Used ({'tau_0': 9.84719681858141e-06, 'xi': 0.07010842379960239, 'q0': 0.6134461647846249, 'alpha': 1.8618032848172066, 'beta': 0.8495777604552623, 'rho': 0.35523900559656113, 'ants': 21}) and found best instance after 6.96875 seconds.
E1: {(136, 137), (3, 4), (4, 58), (166, 184), (55, 136), (84, 87), (171, 177), (87, 89), (120, 147), (217, 223), (34, 43), (102, 156), (0, 81), (13, 14), (218, 236), (81, 84), (72, 75), (22, 184), (171, 173), (72, 78), (164, 173), (58, 76), (135, 137), (31, 34), (55, 217), (31, 58), (75, 156), (55, 58), (13, 22), (76, 157), (164, 218), (147, 156), (217, 218), (4, 22), (3, 84), (75, 76)}
E2: {(81, 82), (163, 164), (4, 58), (3, 4), (84, 87), (87, 89), (29, 32), (127, 128), (184, 211), (103, 106), (59, 140), (89, 98), (190, 208), (0, 81), (120, 122), (98, 152), (81, 84), (83, 164), (82, 83), (22, 184), (168, 177), (6, 87), (163, 166), (3, 6), (207, 208), (58, 76), (163, 190), (31, 34), (113, 122), (45, 207), (100, 103), (28, 29), (31, 58), (86, 113), (76, 157), (128, 134), (33, 34), (25, 106), (86, 140), (169, 223), (82, 100), (6, 168), (22, 103), (127, 208), (33, 195), (83, 86), (28, 34), (168, 169)}
Obj: 31815

