Log for instance aco_tuning_out/inst30.txt.

Used ({'tau0': 4.020220899909005e-06, 'xi': 0.13174644598316573, 'q0': 0.6110235189733683, 'alpha': 1.6598844502421457, 'beta': 1.4439786122174993, 'rho': 0.18623233223962188, 'ants': 32}) and found best instance after 38.5 seconds.
E1: {(120, 129), (203, 206), (128, 209), (102, 129), (64, 145), (207, 209), (210, 211), (195, 204), (3, 165), (129, 210), (176, 203), (98, 152), (200, 206), (95, 98), (177, 204), (209, 236), (20, 101), (204, 206), (118, 145), (198, 199), (41, 203), (19, 20), (109, 118), (128, 134), (14, 176), (91, 118), (32, 41), (165, 174), (207, 210), (0, 3), (95, 176), (19, 25), (118, 199), (101, 128), (198, 204), (174, 176), (198, 207)}
E2: {(123, 204), (4, 58), (3, 4), (226, 229), (226, 235), (55, 136), (228, 229), (97, 151), (76, 79), (52, 79), (195, 204), (151, 152), (200, 206), (96, 97), (79, 160), (51, 52), (177, 204), (58, 76), (64, 226), (204, 206), (235, 236), (91, 97), (45, 51), (4, 166), (25, 79), (55, 58), (76, 157), (151, 160), (53, 134), (55, 64), (109, 136), (182, 236), (52, 53), (135, 136), (96, 123), (0, 3)}
Obj: 32202

