Log for instance aco_tuning_out/inst03.txt.

Used ({'tau_0': 4.822265207889503e-06, 'xi': 0.13540262306958187, 'q0': 0.6138627392147109, 'alpha': 1.667403283011879, 'beta': 1.0113699636281308, 'rho': 0.16684714562074338, 'ants': 26}) and found best instance after 74.046875 seconds.
E1: {(76, 92), (210, 242), (196, 228), (219, 223), (101, 103), (211, 219), (39, 103), (65, 67), (135, 199), (103, 231), (210, 211), (202, 234), (49, 53), (187, 191), (221, 223), (54, 55), (76, 204), (240, 242), (231, 239), (13, 29), (164, 228), (67, 195), (20, 28), (21, 149), (199, 207), (49, 113), (9, 13), (207, 223), (74, 78), (28, 29), (76, 78), (68, 196), (232, 234), (53, 55), (199, 231), (36, 164), (24, 28), (175, 191), (147, 211), (21, 29), (103, 119), (195, 199), (49, 57), (196, 204), (28, 92), (39, 55), (74, 202), (21, 53), (175, 239)}
E2: {(177, 181), (210, 242), (32, 34), (32, 40), (154, 158), (193, 201), (44, 45), (107, 235), (43, 107), (13, 45), (181, 245), (5, 13), (216, 218), (40, 44), (114, 115), (123, 127), (115, 123), (158, 222), (192, 193), (32, 33), (0, 32), (192, 196), (193, 197), (32, 36), (44, 172), (32, 48), (49, 113), (49, 177), (9, 13), (114, 242), (132, 196), (134, 166), (63, 127), (32, 160), (111, 127), (180, 181), (33, 49), (107, 111), (226, 242), (99, 107), (158, 159), (113, 115), (150, 158), (218, 222), (210, 218), (134, 150), (132, 134), (196, 198), (13, 15), (17, 49)}
Obj: 30295

