Log for instance aco_tuning_out/inst21.txt.

Used ({'tau_0': 5.888779735025123e-06, 'xi': 0.14210673593322504, 'q0': 0.5532221197439141, 'alpha': 1.4492226579119356, 'beta': 1.732090480737235, 'rho': 0.42744550361996797, 'ants': 10}) and found best instance after 4.875 seconds.
E1: {(136, 137), (179, 206), (55, 136), (171, 177), (2, 164), (66, 228), (29, 32), (1, 55), (171, 198), (9, 11), (11, 17), (125, 152), (172, 181), (39, 66), (200, 206), (136, 145), (2, 29), (171, 173), (30, 39), (181, 235), (223, 241), (164, 173), (36, 198), (173, 179), (135, 137), (1, 2), (125, 206), (64, 226), (164, 182), (27, 30), (4, 166), (27, 36), (36, 45), (9, 171), (145, 226), (14, 17), (1, 4), (172, 173), (235, 241)}
E2: {(72, 73), (33, 42), (48, 210), (109, 190), (55, 136), (0, 54), (29, 35), (139, 157), (190, 199), (29, 38), (179, 233), (29, 32), (38, 44), (19, 73), (171, 198), (10, 64), (210, 211), (152, 233), (227, 236), (35, 197), (93, 95), (200, 206), (72, 75), (171, 173), (136, 145), (83, 164), (42, 44), (72, 78), (93, 96), (164, 173), (36, 198), (173, 179), (86, 89), (16, 43), (139, 220), (66, 68), (86, 95), (85, 139), (118, 145), (21, 48), (19, 20), (63, 66), (54, 63), (197, 206), (45, 48), (21, 75), (36, 63), (91, 118), (54, 72), (220, 223), (59, 68), (55, 73), (173, 227), (135, 136), (96, 123), (10, 16), (85, 86), (118, 199), (83, 86), (36, 38), (10, 19), (33, 195), (19, 25), (20, 182), (120, 123)}
Obj: 37519

