Log for instance aco_tuning_out/inst18.txt.

Used ({'tau0': 9.84719681858141e-06, 'xi': 0.07010842379960239, 'q0': 0.6134461647846249, 'alpha': 1.8618032848172066, 'beta': 0.8495777604552623, 'rho': 0.35523900559656113, 'ants': 21}) and found best instance after 14.546875 seconds.
E1: {(128, 136), (136, 137), (193, 201), (26, 30), (81, 85), (150, 151), (70, 198), (228, 244), (0, 2), (128, 160), (196, 197), (2, 66), (28, 30), (1, 3), (114, 118), (148, 150), (252, 253), (132, 148), (85, 213), (197, 213), (45, 61), (6, 70), (110, 126), (193, 197), (26, 90), (147, 151), (29, 31), (46, 47), (221, 253), (31, 95), (0, 1), (31, 159), (39, 47), (46, 62), (1, 5), (236, 238), (244, 245), (28, 29), (29, 61), (132, 196), (213, 215), (54, 118), (213, 221), (47, 111), (110, 238), (98, 99), (66, 98), (46, 110), (228, 236), (98, 114), (80, 81), (66, 70), (26, 58), (0, 128), (9, 137), (57, 61), (196, 198), (62, 63), (31, 63), (151, 159), (209, 213)}
E2: {(232, 236), (128, 136), (136, 137), (160, 168), (168, 172), (146, 154), (91, 123), (168, 184), (72, 88), (86, 87), (163, 179), (228, 244), (70, 198), (128, 160), (40, 44), (44, 60), (87, 95), (112, 240), (28, 30), (114, 118), (252, 253), (148, 150), (91, 95), (78, 110), (198, 206), (132, 148), (168, 232), (146, 150), (110, 126), (44, 108), (142, 143), (245, 253), (221, 253), (88, 120), (89, 91), (31, 95), (0, 1), (121, 123), (31, 159), (112, 114), (143, 159), (97, 101), (1, 5), (236, 238), (244, 245), (132, 196), (97, 113), (76, 78), (54, 118), (80, 112), (120, 121), (24, 28), (240, 244), (110, 238), (146, 210), (51, 115), (76, 108), (51, 179), (228, 236), (113, 115), (112, 113), (78, 206), (0, 128), (9, 137), (66, 70), (113, 121), (196, 198), (30, 31)}
Obj: 34319

