Log for instance aco_tuning_out/inst30.txt.

Used ({'tau_0': 1.774794369235601e-06, 'xi': 0.05178086251934671, 'q0': 0.765199417754037, 'alpha': 1.7110920267750438, 'beta': 1.3090193389783644, 'rho': 0.2964096563219366, 'ants': 12}) and found best instance after 4.578125 seconds.
E1: {(4, 58), (3, 4), (226, 229), (55, 136), (175, 202), (118, 119), (34, 196), (29, 32), (84, 102), (25, 187), (218, 236), (97, 178), (96, 97), (28, 109), (136, 145), (177, 186), (31, 34), (55, 217), (178, 187), (64, 226), (29, 110), (118, 145), (28, 29), (31, 58), (175, 176), (110, 119), (123, 150), (128, 134), (14, 176), (146, 155), (137, 146), (91, 118), (202, 211), (150, 152), (145, 226), (110, 137), (217, 218), (128, 155), (199, 200), (96, 123), (0, 3), (186, 187), (3, 84), (202, 229), (195, 196), (118, 199), (175, 178), (28, 34), (120, 123)}
E2: {(166, 175), (90, 91), (81, 82), (185, 188), (226, 232), (3, 4), (4, 58), (226, 229), (128, 209), (175, 202), (228, 229), (160, 241), (159, 160), (84, 93), (135, 141), (176, 185), (236, 239), (20, 47), (100, 101), (125, 152), (185, 239), (45, 46), (97, 178), (96, 97), (81, 84), (154, 157), (200, 209), (209, 215), (232, 241), (154, 160), (90, 93), (46, 47), (141, 159), (20, 101), (31, 34), (64, 226), (182, 209), (19, 20), (31, 58), (175, 176), (205, 214), (175, 178), (128, 134), (177, 179), (33, 34), (205, 232), (82, 100), (96, 123), (0, 3), (82, 109), (3, 84), (202, 229), (19, 25), (123, 125), (179, 188), (33, 195), (214, 215), (93, 96)}
Obj: 39980

