Log for instance aco_tuning_out/inst15.txt.

Used ({'tau0': 1.3920749967998762e-06, 'xi': 0.08397237700240848, 'q0': 0.6682959638256109, 'alpha': 1.2969464614531203, 'beta': 1.130493567371472, 'rho': 0.47674134103904503, 'ants': 21}) and found best instance after 7.328125 seconds.
E1: {(179, 206), (33, 42), (226, 229), (175, 202), (228, 229), (66, 228), (139, 157), (39, 42), (178, 179), (24, 78), (39, 66), (200, 206), (24, 26), (17, 179), (182, 188), (139, 220), (64, 226), (17, 26), (118, 145), (109, 118), (177, 179), (42, 43), (91, 118), (145, 226), (220, 229), (202, 229), (179, 188), (33, 195), (175, 178)}
E2: {(81, 82), (33, 42), (4, 58), (3, 4), (99, 100), (14, 68), (166, 193), (118, 119), (66, 228), (15, 42), (29, 32), (112, 115), (199, 205), (39, 42), (75, 78), (20, 47), (100, 101), (0, 81), (45, 46), (65, 146), (39, 66), (64, 65), (81, 84), (83, 164), (82, 83), (200, 209), (99, 102), (180, 182), (47, 128), (164, 173), (46, 47), (86, 89), (209, 236), (31, 34), (20, 101), (66, 68), (173, 200), (28, 29), (112, 193), (109, 115), (31, 58), (19, 20), (34, 115), (81, 135), (128, 134), (21, 75), (146, 155), (59, 68), (193, 211), (128, 155), (119, 146), (82, 100), (99, 180), (3, 84), (65, 68), (15, 177), (21, 102), (19, 25), (118, 199), (83, 86), (33, 195), (43, 205), (28, 34)}
Obj: 33892

