Log for instance aco_tuning_out/inst03.txt.

Used ({'tau_0': 8.037069826251222e-06, 'xi': 0.09645020294268639, 'q0': 0.6378636958577493, 'alpha': 1.5874523603304216, 'beta': 1.117749324798499, 'rho': 0.3122873583242921, 'ants': 22}) and found best instance after 19.921875 seconds.
E1: {(76, 92), (177, 181), (219, 223), (101, 103), (211, 219), (133, 135), (228, 244), (0, 2), (12, 28), (39, 103), (210, 211), (202, 234), (57, 185), (221, 223), (238, 239), (53, 181), (207, 239), (64, 65), (185, 187), (64, 68), (83, 115), (10, 42), (25, 153), (137, 153), (147, 151), (12, 76), (20, 22), (20, 28), (49, 113), (38, 46), (133, 149), (49, 177), (234, 238), (207, 223), (236, 238), (115, 119), (2, 10), (149, 151), (232, 234), (24, 25), (110, 238), (240, 244), (177, 185), (108, 110), (145, 153), (42, 46), (145, 147), (204, 236), (76, 108), (46, 110), (228, 236), (38, 39), (113, 115), (0, 64), (145, 177), (9, 137), (36, 38), (83, 211), (195, 211), (22, 54), (175, 239)}
E2: {(177, 181), (193, 201), (15, 143), (107, 235), (206, 238), (216, 218), (0, 2), (128, 160), (228, 244), (210, 211), (114, 115), (36, 37), (1, 9), (115, 123), (172, 236), (198, 206), (37, 45), (158, 222), (192, 193), (230, 238), (128, 132), (166, 230), (193, 197), (1, 33), (83, 115), (10, 42), (154, 218), (206, 222), (15, 47), (49, 113), (49, 177), (17, 81), (143, 159), (1, 5), (236, 238), (244, 245), (2, 10), (33, 37), (42, 43), (128, 192), (47, 63), (180, 181), (2, 34), (81, 83), (226, 230), (43, 47), (107, 111), (99, 107), (228, 236), (107, 123), (113, 115), (40, 42), (48, 49), (218, 222), (0, 128), (150, 158), (210, 218), (45, 47), (83, 211), (47, 111)}
Obj: 34891

