Log for instance aco_tuning_out/inst24.txt.

Used ({'tau_0': 5.888779735025123e-06, 'xi': 0.14210673593322504, 'q0': 0.5532221197439141, 'alpha': 1.4492226579119356, 'beta': 1.732090480737235, 'rho': 0.42744550361996797, 'ants': 10}) and found best instance after 4.9375 seconds.
E1: {(128, 130), (128, 136), (76, 92), (90, 91), (71, 87), (32, 40), (15, 143), (171, 235), (146, 154), (50, 58), (61, 125), (125, 253), (29, 93), (43, 171), (0, 2), (87, 95), (178, 179), (146, 178), (252, 253), (34, 98), (122, 250), (91, 95), (56, 58), (93, 95), (45, 61), (174, 190), (160, 176), (224, 240), (12, 76), (12, 140), (221, 253), (31, 95), (31, 159), (139, 171), (143, 159), (172, 174), (92, 93), (29, 61), (106, 122), (144, 176), (56, 57), (32, 96), (32, 160), (96, 224), (139, 143), (50, 114), (2, 34), (50, 178), (76, 108), (140, 172), (98, 114), (0, 128), (179, 243), (114, 122), (140, 141), (96, 98), (136, 140)}
E2: {(177, 181), (55, 63), (72, 76), (90, 94), (220, 222), (4, 6), (4, 12), (165, 167), (72, 88), (69, 77), (151, 183), (237, 253), (228, 244), (167, 231), (52, 180), (252, 253), (179, 187), (78, 110), (253, 255), (91, 95), (30, 94), (244, 252), (53, 181), (231, 239), (6, 14), (50, 51), (206, 222), (220, 221), (51, 55), (147, 151), (12, 76), (221, 253), (176, 178), (52, 60), (88, 120), (89, 91), (31, 95), (69, 85), (106, 110), (78, 94), (179, 183), (10, 14), (2, 10), (76, 78), (230, 231), (166, 167), (53, 55), (199, 231), (144, 176), (177, 179), (226, 230), (2, 34), (237, 239), (50, 114), (5, 69), (78, 206), (176, 177), (176, 180), (167, 183), (195, 199), (76, 77), (30, 31), (175, 239)}
Obj: 35415

