Log for instance aco_tuning_out/inst15.txt.

Used ({'tau0': 7.405500650510694e-06, 'xi': 0.0538011928337849, 'q0': 0.7808066118135257, 'alpha': 1.9053416179409846, 'beta': 1.1675645378953803, 'rho': 0.23263286946707473, 'ants': 25}) and found best instance after 17.625 seconds.
E1: {(43, 205), (38, 200), (171, 174), (34, 196), (118, 119), (171, 180), (159, 160), (171, 198), (78, 159), (83, 164), (171, 173), (82, 83), (28, 109), (180, 182), (164, 173), (36, 198), (118, 124), (64, 226), (118, 145), (38, 119), (196, 205), (174, 177), (151, 160), (82, 91), (145, 226), (82, 109), (124, 151), (174, 228), (195, 196), (36, 38), (157, 160), (28, 34)}
E2: {(43, 205), (166, 175), (3, 4), (171, 174), (198, 225), (99, 100), (4, 58), (175, 202), (58, 59), (171, 180), (29, 32), (171, 198), (107, 134), (153, 159), (11, 14), (100, 101), (135, 153), (78, 159), (198, 200), (89, 107), (201, 202), (81, 84), (11, 38), (28, 109), (209, 215), (67, 70), (211, 212), (180, 182), (58, 67), (81, 99), (36, 198), (209, 236), (20, 101), (31, 34), (19, 20), (28, 29), (205, 214), (31, 58), (174, 177), (99, 153), (64, 70), (33, 34), (202, 205), (45, 72), (72, 153), (101, 107), (99, 180), (0, 3), (225, 228), (3, 84), (19, 25), (33, 195), (36, 38), (214, 215), (212, 215), (28, 34), (198, 201)}
Obj: 32306

