Log for instance aco_tuning_out/inst30.txt.

Used ({'tau_0': 4.060261844275314e-06, 'xi': 0.08488866370438058, 'q0': 0.7517708033130077, 'alpha': 0.7568921075953849, 'beta': 1.442677676309637, 'rho': 0.31238065733584786, 'ants': 26}) and found best instance after 25.625 seconds.
E1: {(37, 64), (171, 177), (29, 32), (176, 185), (171, 198), (236, 239), (36, 37), (27, 28), (172, 178), (238, 239), (198, 200), (185, 239), (106, 187), (105, 106), (28, 109), (36, 198), (178, 187), (36, 39), (102, 105), (28, 29), (39, 120), (27, 33), (175, 176), (27, 36), (128, 134), (91, 172), (146, 155), (171, 172), (14, 176), (146, 152), (25, 106), (128, 155), (211, 238), (33, 195), (175, 178), (0, 27), (155, 236)}
E2: {(154, 155), (162, 171), (55, 136), (171, 177), (1, 55), (217, 220), (171, 198), (195, 204), (166, 220), (198, 200), (154, 157), (136, 145), (162, 164), (136, 154), (36, 198), (164, 182), (55, 217), (36, 45), (201, 204), (128, 134), (164, 218), (146, 155), (55, 64), (109, 136), (0, 162), (146, 152), (128, 155), (217, 218), (1, 19), (201, 228), (135, 136), (91, 145), (19, 25), (198, 201), (155, 236)}
Obj: 31436

