Log for instance aco_tuning_out/inst18.txt.

Used ({'tau0': 6.937615535889433e-06, 'xi': 0.07000322226687372, 'q0': 0.8259328344322499, 'alpha': 1.4144702071977722, 'beta': 1.897582215362626, 'rho': 0.08176475094706645, 'ants': 18}) and found best instance after 85.40625 seconds.
E1: {(136, 137), (128, 136), (55, 63), (58, 62), (5, 7), (150, 151), (128, 160), (2, 66), (1, 3), (1, 9), (114, 118), (252, 253), (85, 213), (62, 126), (197, 213), (45, 61), (110, 111), (26, 90), (61, 63), (147, 151), (245, 253), (31, 95), (112, 114), (31, 159), (46, 62), (1, 5), (29, 61), (213, 215), (54, 118), (6, 7), (80, 112), (110, 238), (151, 215), (137, 201), (213, 245), (107, 111), (99, 107), (46, 110), (118, 126), (7, 39), (9, 137), (26, 58), (57, 61), (2, 3), (39, 55), (62, 63), (31, 63), (151, 159), (209, 213)}
E2: {(55, 63), (232, 236), (154, 155), (71, 87), (185, 249), (72, 76), (136, 137), (128, 136), (91, 123), (147, 155), (60, 62), (86, 87), (163, 179), (5, 7), (150, 151), (128, 160), (210, 211), (87, 95), (112, 240), (252, 253), (147, 179), (114, 118), (172, 236), (91, 95), (8, 24), (62, 126), (7, 71), (249, 251), (51, 55), (142, 143), (147, 151), (245, 253), (221, 253), (70, 78), (89, 91), (31, 95), (112, 114), (31, 159), (97, 101), (143, 159), (46, 62), (8, 72), (236, 238), (8, 136), (76, 78), (97, 113), (54, 118), (123, 251), (80, 112), (110, 238), (249, 253), (184, 185), (147, 211), (76, 108), (46, 110), (118, 126), (112, 113), (66, 70), (9, 137), (70, 86), (62, 63), (30, 31), (31, 63), (151, 159), (8, 40)}
Obj: 30246

