Log for instance aco_tuning_out/inst15.txt.

Used ({'tau0': 7.151935564269642e-06, 'xi': 0.10184361707760894, 'q0': 0.5077701235510973, 'alpha': 0.5847895154504361, 'beta': 0.6413829753178264, 'rho': 0.2990121644546394, 'ants': 8}) and found best instance after 9.296875 seconds.
E1: {(33, 42), (39, 201), (175, 202), (15, 42), (199, 202), (39, 42), (176, 185), (217, 220), (217, 226), (199, 226), (15, 69), (201, 202), (157, 238), (182, 185), (64, 226), (175, 176), (109, 118), (42, 43), (91, 118), (201, 228), (199, 200), (69, 78), (220, 238), (15, 177), (118, 199), (33, 195)}
E2: {(106, 133), (3, 4), (4, 58), (58, 59), (171, 177), (66, 228), (29, 32), (133, 214), (171, 198), (75, 78), (66, 75), (189, 198), (13, 14), (189, 191), (83, 164), (81, 84), (28, 109), (198, 207), (133, 134), (58, 76), (191, 200), (45, 207), (172, 226), (164, 182), (64, 226), (40, 43), (164, 191), (28, 29), (4, 166), (81, 135), (81, 83), (171, 172), (211, 214), (13, 40), (182, 236), (25, 106), (4, 13), (207, 213), (0, 3), (3, 84), (75, 76), (83, 89), (213, 214), (189, 195), (29, 191)}
Obj: 28791

