Log for instance aco_tuning_out/inst12.txt.

Used ({'tau_0': 1.4630188820263259e-06, 'xi': 0.0776783694791692, 'q0': 0.7839075030693623, 'alpha': 0.5603503117369445, 'beta': 0.5204984007438819, 'rho': 0.4796233950660777, 'ants': 12}) and found best instance after 6.234375 seconds.
E1: {(81, 82), (3, 4), (4, 58), (39, 201), (84, 87), (6, 33), (87, 89), (31, 32), (84, 102), (171, 198), (34, 43), (0, 81), (39, 66), (81, 84), (83, 164), (82, 83), (171, 173), (6, 87), (49, 211), (120, 201), (164, 173), (36, 198), (68, 230), (31, 34), (66, 68), (164, 182), (31, 49), (31, 58), (4, 166), (36, 45), (91, 100), (128, 134), (146, 149), (146, 155), (149, 230), (128, 155), (82, 100), (82, 109), (3, 84), (33, 195), (198, 201)}
E2: {(81, 82), (3, 4), (4, 58), (58, 59), (52, 214), (21, 22), (29, 32), (29, 38), (184, 211), (171, 198), (43, 70), (236, 239), (75, 78), (198, 200), (102, 104), (223, 232), (83, 164), (171, 173), (82, 83), (81, 84), (22, 184), (67, 70), (164, 173), (58, 67), (36, 198), (86, 89), (25, 52), (58, 76), (86, 104), (155, 158), (205, 214), (4, 166), (36, 45), (174, 177), (81, 135), (76, 157), (128, 134), (21, 75), (64, 67), (146, 155), (158, 239), (205, 232), (146, 152), (104, 158), (174, 201), (128, 155), (4, 22), (82, 109), (3, 84), (83, 86), (36, 38), (198, 201), (70, 232)}
Obj: 35115

