Log for instance aco_tuning_out/inst21.txt.

Used ({'tau_0': 9.767241690470751e-06, 'xi': 0.11665997591227979, 'q0': 0.8943962543294219, 'alpha': 1.1523918797969719, 'beta': 1.0104719425759585, 'rho': 0.28187790444783706, 'ants': 10}) and found best instance after 5.296875 seconds.
E1: {(166, 175), (226, 229), (39, 201), (54, 135), (55, 136), (175, 202), (118, 119), (228, 229), (29, 32), (217, 223), (176, 185), (171, 198), (217, 226), (151, 152), (54, 55), (136, 145), (171, 173), (30, 39), (145, 151), (182, 185), (36, 198), (55, 217), (64, 226), (118, 145), (38, 119), (27, 30), (173, 200), (175, 176), (27, 36), (174, 177), (27, 45), (14, 176), (174, 201), (202, 229), (36, 38), (27, 29)}
E2: {(226, 232), (33, 42), (39, 201), (162, 171), (118, 119), (69, 71), (171, 180), (76, 238), (190, 199), (29, 32), (39, 42), (199, 205), (171, 198), (135, 153), (152, 233), (38, 65), (45, 46), (39, 66), (200, 206), (83, 164), (171, 173), (82, 83), (223, 241), (214, 241), (180, 182), (120, 201), (164, 173), (7, 25), (36, 198), (191, 197), (66, 68), (64, 226), (38, 119), (164, 191), (28, 29), (238, 241), (205, 214), (197, 206), (88, 89), (72, 74), (76, 157), (91, 118), (82, 88), (205, 232), (0, 162), (7, 88), (206, 233), (59, 68), (72, 153), (74, 236), (37, 199), (69, 78), (28, 190), (82, 109), (211, 238), (65, 71), (118, 199), (33, 195), (65, 74), (36, 38), (43, 205), (198, 201), (37, 46)}
Obj: 35626

