Log for instance aco_tuning_out/inst18.txt.

Used ({'tau_0': 7.814861621349648e-06, 'xi': 0.138307434456488, 'q0': 0.43841983460807055, 'alpha': 1.339632899369741, 'beta': 1.2581696145841696, 'rho': 0.4518495513690369, 'ants': 15}) and found best instance after 9.046875 seconds.
E1: {(136, 137), (128, 136), (193, 201), (188, 190), (58, 62), (4, 6), (150, 151), (0, 2), (128, 160), (87, 95), (39, 167), (2, 66), (1, 3), (85, 213), (62, 126), (197, 213), (174, 175), (45, 61), (110, 111), (193, 197), (81, 209), (4, 5), (58, 186), (61, 63), (147, 151), (31, 95), (0, 1), (31, 159), (167, 175), (46, 62), (66, 74), (29, 61), (85, 87), (74, 90), (174, 238), (151, 215), (110, 238), (137, 201), (54, 62), (213, 245), (107, 111), (188, 252), (99, 107), (46, 110), (87, 215), (80, 81), (9, 137), (0, 128), (57, 61), (186, 190), (2, 6), (62, 63), (31, 63), (209, 213)}
E2: {(128, 136), (24, 88), (136, 137), (72, 76), (154, 158), (32, 40), (101, 103), (232, 248), (86, 87), (40, 44), (210, 211), (87, 95), (112, 240), (44, 60), (114, 115), (210, 214), (161, 163), (252, 253), (114, 118), (142, 174), (93, 95), (102, 110), (240, 248), (160, 161), (110, 126), (83, 115), (129, 161), (44, 172), (245, 253), (150, 214), (221, 253), (248, 252), (0, 1), (142, 158), (112, 114), (14, 30), (83, 87), (172, 174), (1, 5), (76, 78), (102, 103), (54, 118), (174, 238), (80, 112), (88, 89), (110, 238), (32, 160), (108, 110), (66, 98), (51, 115), (76, 108), (118, 126), (14, 78), (98, 114), (113, 115), (0, 128), (9, 137), (122, 126), (89, 93), (1, 129), (122, 123), (83, 211), (184, 248)}
Obj: 34712

