Log for instance aco_tuning_out/inst09.txt.

Used ({'tau_0': 2.2570844960363238e-06, 'xi': 0.1499824051273781, 'q0': 0.6397024715024884, 'alpha': 1.3177960201993473, 'beta': 1.7274258641979925, 'rho': 0.06839890232135862, 'ants': 10}) and found best instance after 33.0 seconds.
E1: {(162, 165), (162, 171), (87, 141), (165, 167), (84, 87), (151, 232), (171, 177), (87, 89), (159, 160), (135, 141), (176, 185), (167, 176), (84, 102), (123, 124), (236, 239), (78, 159), (185, 239), (223, 232), (165, 166), (43, 124), (141, 159), (84, 165), (151, 160), (14, 176), (0, 162), (124, 151), (157, 160), (120, 123)}
E2: {(123, 204), (162, 165), (162, 171), (5, 59), (84, 87), (171, 177), (151, 232), (87, 89), (171, 198), (134, 161), (195, 204), (157, 160), (223, 232), (160, 161), (165, 166), (79, 160), (36, 198), (84, 165), (205, 214), (36, 45), (25, 79), (151, 160), (211, 214), (205, 232), (0, 162), (3, 5), (152, 161), (3, 84), (5, 32), (204, 205), (198, 204), (120, 123)}
Obj: 24394

