Log for instance aco_tuning_out/inst12.txt.

Used ({'tau0': 8.753936472387218e-06, 'xi': 0.09720016068128765, 'q0': 0.8231293796694477, 'alpha': 0.5431396504147108, 'beta': 1.6359800101718294, 'rho': 0.1536282766541045, 'ants': 15}) and found best instance after 89.40625 seconds.
E1: {(166, 175), (3, 4), (4, 58), (18, 20), (175, 202), (84, 87), (93, 120), (87, 89), (31, 32), (84, 93), (84, 102), (34, 43), (97, 178), (28, 109), (3, 21), (31, 34), (20, 101), (31, 58), (91, 97), (4, 166), (128, 134), (33, 34), (18, 21), (202, 211), (0, 3), (18, 45), (3, 84), (101, 128), (33, 195), (175, 178), (28, 34), (20, 182)}
E2: {(226, 232), (3, 4), (58, 59), (4, 58), (84, 87), (87, 89), (31, 32), (199, 205), (84, 102), (75, 78), (34, 43), (152, 233), (34, 52), (223, 232), (81, 84), (28, 109), (72, 75), (133, 134), (25, 52), (58, 76), (3, 21), (31, 34), (52, 133), (64, 226), (31, 58), (205, 214), (4, 166), (72, 74), (81, 135), (76, 157), (177, 178), (21, 75), (18, 21), (211, 214), (205, 232), (74, 236), (178, 232), (199, 200), (18, 45), (3, 84), (28, 34), (232, 233), (52, 214)}
Obj: 29727

