Log for instance aco_tuning_out/inst21.txt.

Used ({'tau_0': 8.93751488559124e-06, 'xi': 0.07498280708831719, 'q0': 0.7003533283222684, 'alpha': 1.84655149702223, 'beta': 0.36999618301213544, 'rho': 0.353807119950786, 'ants': 24}) and found best instance after 9.109375 seconds.
E1: {(166, 175), (39, 201), (226, 229), (14, 68), (175, 202), (118, 119), (66, 228), (199, 202), (29, 32), (66, 75), (135, 153), (152, 233), (198, 200), (39, 66), (201, 202), (240, 242), (72, 75), (180, 234), (180, 182), (66, 68), (64, 226), (233, 242), (29, 110), (153, 234), (174, 177), (110, 119), (224, 242), (45, 72), (72, 153), (174, 201), (234, 240), (202, 229), (118, 199), (198, 201), (223, 224)}
E2: {(33, 42), (139, 142), (20, 23), (21, 22), (159, 160), (184, 211), (171, 198), (234, 236), (75, 78), (27, 28), (135, 153), (142, 223), (151, 152), (96, 97), (83, 164), (171, 173), (72, 75), (28, 109), (22, 184), (42, 44), (145, 151), (142, 143), (164, 173), (89, 143), (36, 198), (20, 101), (57, 59), (64, 226), (85, 139), (173, 200), (27, 30), (118, 145), (36, 42), (30, 32), (153, 234), (54, 57), (27, 36), (91, 97), (27, 45), (151, 160), (21, 75), (91, 118), (43, 44), (54, 72), (72, 153), (145, 226), (23, 26), (96, 123), (142, 160), (234, 240), (159, 240), (85, 86), (33, 195), (83, 86), (157, 160), (83, 101), (20, 182), (0, 27), (25, 26), (120, 123)}
Obj: 35192

