Log for instance aco_tuning_out/inst12.txt.

Used ({'tau0': 1.3887935962446564e-06, 'xi': 0.06336511258122715, 'q0': 0.5149941610044446, 'alpha': 1.5531450358806447, 'beta': 0.41875271579630713, 'rho': 0.16981098283759344, 'ants': 13}) and found best instance after 7.703125 seconds.
E1: {(166, 175), (175, 202), (118, 119), (0, 54), (32, 113), (176, 185), (171, 198), (36, 37), (131, 134), (195, 204), (172, 175), (185, 239), (201, 202), (10, 91), (171, 173), (72, 75), (131, 158), (120, 201), (164, 173), (36, 198), (164, 170), (173, 182), (117, 119), (175, 176), (113, 131), (89, 170), (27, 36), (36, 45), (201, 204), (109, 118), (21, 75), (117, 198), (27, 54), (171, 172), (158, 239), (202, 211), (54, 72), (10, 172), (21, 102), (37, 43)}
E2: {(93, 102), (81, 82), (58, 59), (175, 202), (118, 119), (171, 177), (139, 148), (116, 125), (29, 32), (29, 38), (116, 134), (176, 185), (42, 69), (10, 64), (171, 198), (236, 239), (125, 152), (166, 220), (172, 175), (58, 220), (185, 239), (198, 200), (1, 82), (93, 95), (121, 148), (89, 116), (36, 198), (139, 220), (29, 110), (121, 202), (95, 122), (175, 176), (36, 42), (109, 118), (36, 45), (119, 122), (110, 119), (81, 135), (119, 125), (42, 43), (171, 172), (202, 211), (10, 172), (169, 223), (69, 78), (19, 25), (36, 38), (1, 10), (166, 169), (148, 157), (1, 19)}
Obj: 35354

