Log for instance aco_tuning_out/inst18.txt.

Used ({'tau0': 3.0123184321619356e-06, 'xi': 0.12162366348291398, 'q0': 0.6525057095214953, 'alpha': 0.3418731697773203, 'beta': 1.7855031617760102, 'rho': 0.2482497904794193, 'ants': 32}) and found best instance after 281.625 seconds.
E1: {(90, 91), (136, 137), (128, 136), (193, 201), (26, 30), (3, 7), (156, 158), (5, 7), (150, 151), (128, 160), (156, 188), (91, 95), (30, 158), (62, 126), (45, 61), (209, 213), (85, 213), (197, 213), (193, 197), (81, 209), (26, 90), (61, 63), (147, 151), (39, 47), (46, 62), (29, 61), (213, 215), (6, 7), (110, 238), (151, 215), (137, 201), (47, 63), (98, 99), (66, 98), (54, 62), (188, 252), (107, 111), (213, 245), (99, 107), (46, 110), (30, 62), (150, 158), (7, 39), (26, 58), (80, 81), (57, 61), (9, 137), (62, 63), (151, 159), (47, 111)}
E2: {(168, 172), (160, 168), (96, 104), (154, 158), (71, 87), (146, 154), (91, 123), (156, 158), (168, 184), (5, 7), (86, 87), (8, 9), (104, 108), (112, 240), (87, 95), (114, 115), (252, 253), (156, 188), (8, 24), (78, 110), (115, 123), (91, 95), (30, 158), (168, 232), (62, 126), (7, 71), (96, 97), (245, 253), (221, 253), (89, 91), (40, 104), (142, 158), (40, 168), (8, 72), (112, 114), (97, 101), (46, 62), (80, 112), (110, 238), (146, 210), (162, 163), (66, 98), (188, 252), (51, 115), (160, 162), (60, 188), (46, 110), (30, 62), (98, 114), (112, 113), (150, 158), (172, 188), (96, 98), (54, 62), (8, 40)}
Obj: 29582

