Log for instance aco_tuning_out/inst24.txt.

Used ({'tau_0': 5.072339472437726e-06, 'xi': 0.06750660483788565, 'q0': 0.39673942663117334, 'alpha': 1.3764884196051321, 'beta': 0.7955077619397278, 'rho': 0.4521931615046479, 'ants': 17}) and found best instance after 6.625 seconds.
E1: {(128, 130), (76, 92), (42, 106), (111, 239), (15, 143), (58, 59), (44, 45), (0, 2), (128, 160), (40, 44), (141, 157), (242, 243), (252, 253), (186, 250), (157, 159), (240, 242), (6, 14), (10, 42), (160, 176), (44, 108), (58, 186), (26, 90), (12, 76), (221, 253), (14, 15), (57, 59), (103, 111), (143, 159), (235, 239), (10, 14), (2, 10), (144, 176), (139, 143), (2, 34), (76, 108), (70, 71), (71, 103), (42, 58), (40, 42), (43, 59), (0, 128), (154, 186), (26, 58), (186, 190), (242, 250), (157, 221), (6, 70)}
E2: {(90, 94), (98, 226), (165, 167), (182, 183), (229, 231), (151, 183), (197, 229), (237, 253), (126, 254), (165, 173), (0, 2), (1, 3), (178, 182), (34, 98), (187, 191), (53, 181), (85, 213), (197, 213), (19, 147), (25, 89), (128, 144), (147, 151), (180, 188), (173, 237), (221, 253), (191, 255), (165, 181), (167, 175), (106, 107), (1, 5), (2, 10), (166, 167), (214, 222), (199, 231), (120, 124), (63, 191), (226, 230), (230, 246), (166, 182), (180, 181), (228, 230), (2, 34), (98, 99), (60, 124), (175, 191), (214, 246), (165, 229), (60, 188), (246, 254), (94, 126), (99, 107), (98, 114), (17, 19), (0, 128), (195, 199), (2, 3), (17, 25), (166, 230)}
Obj: 31595

