Log for instance aco_tuning_out/inst27.txt.

Used ({'tau_0': 9.563421643378381e-06, 'xi': 0.09724359984230846, 'q0': 0.3832373282206037, 'alpha': 0.33412689971093434, 'beta': 0.5388896399688413, 'rho': 0.11521783790776492, 'ants': 25}) and found best instance after 123.796875 seconds.
E1: {(154, 158), (146, 154), (27, 59), (35, 39), (52, 116), (60, 62), (190, 254), (125, 253), (3, 19), (113, 117), (28, 30), (186, 250), (30, 158), (204, 236), (62, 190), (36, 52), (238, 254), (146, 147), (59, 63), (83, 115), (211, 215), (221, 253), (14, 15), (15, 47), (144, 146), (52, 60), (134, 142), (14, 30), (142, 158), (39, 47), (19, 23), (236, 238), (28, 29), (117, 125), (209, 211), (249, 253), (147, 211), (54, 62), (158, 190), (62, 63), (35, 43), (59, 187), (113, 115), (228, 236), (154, 186), (34, 35), (132, 134), (19, 83), (83, 211), (47, 111)}
E2: {(119, 127), (162, 226), (125, 253), (216, 218), (141, 157), (242, 243), (123, 127), (122, 250), (211, 243), (253, 255), (56, 58), (240, 242), (6, 14), (146, 147), (58, 122), (202, 218), (221, 253), (14, 15), (15, 47), (101, 117), (127, 255), (144, 146), (14, 30), (48, 56), (10, 14), (117, 125), (56, 57), (162, 166), (111, 127), (218, 250), (147, 211), (226, 242), (122, 123), (242, 250), (157, 221), (47, 111)}
Obj: 24707

