Log for instance aco_tuning_out/inst27.txt.

Used ({'tau_0': 9.375317187382458e-06, 'xi': 0.1262899054888864, 'q0': 0.7055217120426633, 'alpha': 1.8010444237149952, 'beta': 1.3070739401200755, 'rho': 0.0819059266997208, 'ants': 15}) and found best instance after 16.53125 seconds.
E1: {(154, 155), (25, 29), (155, 187), (52, 116), (206, 238), (0, 2), (23, 31), (252, 253), (122, 250), (27, 31), (62, 126), (36, 52), (128, 132), (62, 190), (209, 213), (128, 144), (52, 54), (221, 253), (52, 60), (49, 113), (14, 30), (39, 47), (204, 206), (10, 14), (236, 238), (2, 10), (27, 155), (213, 215), (213, 221), (47, 111), (249, 253), (25, 27), (47, 63), (2, 34), (43, 47), (228, 236), (142, 206), (14, 142), (0, 128), (2, 3), (122, 126), (17, 25), (62, 63), (30, 31), (31, 63), (236, 252), (54, 62), (17, 49)}
E2: {(119, 127), (250, 254), (15, 143), (243, 251), (108, 109), (61, 125), (101, 109), (112, 240), (48, 112), (244, 246), (123, 127), (251, 255), (253, 255), (109, 125), (6, 14), (166, 230), (146, 147), (10, 42), (220, 221), (125, 127), (147, 151), (12, 76), (221, 253), (14, 15), (216, 220), (144, 146), (127, 255), (14, 30), (143, 159), (10, 14), (240, 244), (226, 230), (111, 127), (230, 246), (250, 251), (12, 14), (76, 108), (141, 143), (42, 58), (246, 254), (138, 202), (57, 61), (10, 138), (151, 159)}
Obj: 27953

