Log for instance aco_tuning_out/inst18.txt.

Used ({'tau0': 9.546586330686151e-06, 'xi': 0.07432857356120594, 'q0': 0.39855006298732903, 'alpha': 1.1362553523500754, 'beta': 1.13375631131127, 'rho': 0.39805176799684205, 'ants': 18}) and found best instance after 20.21875 seconds.
E1: {(197, 205), (148, 212), (99, 103), (82, 90), (58, 62), (0, 2), (128, 160), (39, 103), (87, 95), (2, 66), (1, 3), (1, 9), (252, 253), (221, 223), (148, 150), (244, 252), (205, 221), (110, 111), (62, 126), (45, 61), (201, 205), (110, 126), (82, 83), (212, 244), (29, 31), (221, 253), (80, 82), (31, 95), (95, 223), (31, 159), (103, 111), (46, 62), (83, 87), (1, 5), (244, 245), (29, 61), (85, 87), (209, 211), (110, 238), (147, 211), (62, 63), (0, 128), (57, 61), (2, 3), (2, 6), (66, 82), (83, 211), (31, 63), (215, 223), (54, 62)}
E2: {(154, 158), (72, 76), (232, 248), (163, 179), (125, 253), (0, 2), (128, 160), (40, 44), (44, 60), (2, 66), (82, 114), (252, 253), (123, 127), (114, 118), (244, 252), (30, 158), (62, 126), (110, 126), (25, 89), (44, 108), (125, 127), (44, 172), (221, 253), (80, 82), (248, 252), (49, 113), (0, 1), (142, 158), (229, 245), (1, 5), (244, 245), (184, 248), (76, 78), (9, 25), (54, 118), (24, 25), (110, 238), (240, 244), (89, 121), (108, 110), (82, 210), (76, 108), (51, 179), (126, 127), (30, 62), (101, 229), (150, 158), (121, 125), (0, 128), (49, 51), (113, 121), (66, 82), (86, 118), (54, 62)}
Obj: 29296

