Log for instance aco_tuning_out/inst24.txt.

Used ({'tau0': 3.870488509745335e-06, 'xi': 0.14375219093339509, 'q0': 0.31937330810318404, 'alpha': 1.2524356087799853, 'beta': 0.8404615317597104, 'rho': 0.2941319030093275, 'ants': 31}) and found best instance after 183.390625 seconds.
E1: {(76, 92), (15, 143), (171, 235), (44, 45), (43, 171), (0, 2), (40, 44), (128, 160), (40, 56), (186, 250), (220, 252), (2, 130), (179, 187), (56, 58), (240, 248), (74, 106), (220, 221), (44, 108), (58, 186), (128, 144), (12, 76), (70, 78), (248, 252), (139, 171), (143, 159), (74, 78), (2, 10), (76, 78), (74, 90), (56, 57), (139, 143), (2, 34), (76, 108), (141, 143), (70, 71), (171, 187), (186, 187), (154, 186), (0, 128), (186, 190), (179, 243), (10, 74), (92, 220)}
E2: {(90, 94), (98, 226), (237, 253), (146, 178), (187, 191), (147, 179), (179, 187), (5, 37), (53, 117), (53, 181), (253, 255), (94, 222), (88, 90), (231, 239), (146, 147), (74, 106), (98, 106), (181, 183), (221, 253), (191, 255), (88, 120), (165, 181), (144, 146), (179, 183), (2, 10), (230, 231), (74, 90), (120, 124), (88, 89), (63, 191), (226, 227), (37, 53), (226, 230), (175, 191), (180, 181), (2, 34), (228, 230), (60, 124), (85, 117), (195, 227), (98, 114), (10, 74), (166, 230), (175, 239)}
Obj: 25726

