Log for instance aco_tuning_out/inst06.txt.

Used ({'tau_0': 1.944733890460195e-06, 'xi': 0.10406489729971813, 'q0': 0.5015133780289627, 'alpha': 0.48372224880231074, 'beta': 1.7691019222478264, 'rho': 0.4010581607160818, 'ants': 21}) and found best instance after 173.765625 seconds.
E1: {(128, 130), (7, 23), (188, 190), (3, 7), (206, 238), (192, 224), (210, 211), (39, 167), (233, 237), (17, 21), (210, 214), (82, 114), (1, 3), (233, 249), (212, 214), (206, 207), (174, 175), (128, 129), (174, 190), (82, 83), (25, 89), (206, 222), (224, 240), (173, 237), (21, 85), (180, 188), (167, 175), (166, 167), (1, 17), (135, 167), (6, 7), (45, 173), (174, 238), (214, 222), (24, 25), (217, 249), (105, 233), (128, 192), (173, 175), (46, 174), (78, 206), (7, 39), (217, 221), (1, 129), (17, 25), (83, 211), (21, 53), (172, 188), (224, 232)}
E2: {(193, 195), (32, 34), (32, 40), (193, 201), (162, 226), (82, 90), (163, 167), (101, 103), (188, 190), (193, 225), (103, 231), (196, 197), (2, 66), (1, 3), (187, 191), (156, 188), (34, 162), (189, 191), (196, 212), (193, 197), (32, 36), (25, 89), (162, 170), (188, 189), (180, 188), (229, 245), (225, 229), (167, 175), (1, 5), (132, 196), (166, 167), (68, 196), (1, 17), (32, 96), (175, 191), (162, 163), (2, 34), (101, 229), (129, 193), (103, 119), (2, 3), (1, 129), (17, 25), (66, 82), (2, 18), (159, 191)}
Obj: 27786

