Log for instance aco_tuning_out/inst27.txt.

Used ({'tau0': 4.585564497822685e-06, 'xi': 0.058757171197309443, 'q0': 0.34722321487260577, 'alpha': 1.3834921966172709, 'beta': 0.8673616661090202, 'rho': 0.2097770542871472, 'ants': 11}) and found best instance after 7.9375 seconds.
E1: {(154, 155), (155, 187), (6, 134), (147, 155), (60, 62), (23, 31), (121, 249), (27, 31), (102, 110), (14, 46), (249, 251), (100, 116), (62, 190), (6, 14), (209, 213), (145, 209), (211, 215), (29, 31), (134, 142), (39, 47), (46, 62), (10, 14), (236, 238), (27, 155), (2, 10), (187, 251), (213, 221), (36, 100), (47, 111), (209, 211), (110, 238), (47, 63), (2, 34), (147, 211), (43, 47), (204, 236), (46, 110), (144, 145), (30, 62), (228, 236), (2, 3), (113, 121), (132, 134), (100, 102), (62, 63), (30, 31), (250, 251), (54, 62)}
E2: {(119, 127), (250, 254), (162, 226), (243, 251), (200, 216), (58, 62), (50, 58), (125, 253), (248, 250), (48, 176), (57, 185), (253, 255), (14, 46), (240, 242), (216, 248), (6, 14), (137, 141), (125, 127), (137, 153), (221, 253), (14, 15), (101, 117), (48, 50), (114, 242), (46, 62), (10, 14), (117, 119), (123, 251), (144, 176), (200, 202), (162, 166), (153, 185), (111, 127), (145, 147), (50, 114), (145, 153), (226, 242), (254, 255), (30, 62), (144, 145), (242, 250), (250, 251)}
Obj: 26735

