Log for instance aco_tuning_out/inst15.txt.

Used ({'tau0': 5.886189817315941e-06, 'xi': 0.08222368157872886, 'q0': 0.5177131034654385, 'alpha': 1.8715621976373542, 'beta': 1.496250370264296, 'rho': 0.33920762188241993, 'ants': 22}) and found best instance after 10.921875 seconds.
E1: {(33, 42), (28, 55), (99, 100), (171, 177), (66, 228), (171, 180), (61, 70), (18, 99), (42, 69), (171, 198), (43, 70), (66, 69), (35, 197), (200, 206), (33, 35), (28, 109), (180, 182), (69, 70), (103, 157), (36, 198), (100, 103), (18, 180), (36, 42), (197, 206), (91, 100), (55, 61), (64, 70), (69, 78), (33, 195)}
E2: {(166, 175), (4, 58), (3, 4), (171, 174), (175, 202), (171, 177), (171, 180), (6, 33), (194, 212), (43, 52), (116, 134), (59, 140), (75, 78), (66, 75), (135, 153), (52, 79), (48, 75), (140, 158), (72, 75), (81, 84), (180, 234), (171, 173), (154, 160), (79, 160), (180, 182), (3, 6), (58, 67), (77, 80), (113, 116), (75, 77), (48, 50), (50, 212), (32, 194), (173, 200), (175, 176), (153, 234), (26, 80), (109, 127), (64, 67), (100, 127), (81, 83), (14, 176), (202, 211), (182, 236), (45, 72), (72, 153), (153, 154), (3, 84), (0, 6), (100, 154), (77, 158), (66, 67), (83, 89), (174, 228), (33, 195), (113, 194), (174, 176), (25, 26)}
Obj: 32167

