Log for instance aco_tuning_out/inst30.txt.

Used ({'tau0': 5.886189817315941e-06, 'xi': 0.08222368157872886, 'q0': 0.5177131034654385, 'alpha': 1.8715621976373542, 'beta': 1.496250370264296, 'rho': 0.33920762188241993, 'ants': 22}) and found best instance after 8.96875 seconds.
E1: {(93, 102), (226, 229), (55, 136), (175, 202), (118, 119), (119, 200), (194, 203), (93, 120), (0, 54), (179, 233), (178, 179), (236, 242), (14, 95), (152, 233), (54, 55), (93, 95), (97, 178), (96, 97), (136, 145), (202, 203), (233, 242), (118, 145), (32, 194), (114, 123), (95, 122), (122, 203), (128, 134), (119, 128), (91, 118), (55, 64), (202, 211), (25, 106), (145, 226), (96, 123), (82, 109), (202, 229), (97, 106), (175, 178), (82, 136), (114, 195), (177, 178)}
E2: {(166, 175), (185, 188), (179, 206), (3, 4), (39, 201), (4, 58), (118, 119), (66, 228), (116, 134), (135, 141), (176, 185), (33, 60), (57, 60), (57, 66), (63, 64), (39, 66), (174, 175), (200, 206), (16, 25), (182, 188), (33, 114), (141, 150), (58, 76), (38, 119), (13, 16), (175, 176), (63, 66), (109, 118), (36, 45), (174, 177), (13, 22), (76, 157), (114, 141), (3, 57), (36, 63), (91, 118), (182, 236), (150, 152), (174, 201), (4, 22), (0, 3), (179, 188), (114, 116), (33, 195), (36, 38)}
Obj: 36076

