Log for instance aco_tuning_out/inst09.txt.

Used ({'tau0': 8.839185575249679e-06, 'xi': 0.14550623661925266, 'q0': 0.34798186644897255, 'alpha': 1.259708246474134, 'beta': 0.9832315705511097, 'rho': 0.4534262478421148, 'ants': 24}) and found best instance after 14.046875 seconds.
E1: {(93, 102), (54, 135), (162, 171), (93, 120), (171, 177), (0, 54), (39, 42), (75, 78), (14, 95), (102, 156), (57, 75), (58, 220), (166, 220), (93, 95), (72, 75), (156, 157), (42, 44), (86, 89), (86, 95), (39, 120), (75, 156), (72, 74), (43, 44), (220, 223), (54, 72), (0, 162), (74, 236), (57, 58)}
E2: {(123, 204), (162, 165), (162, 171), (171, 177), (75, 237), (87, 89), (29, 191), (207, 209), (29, 32), (210, 211), (171, 198), (66, 75), (223, 241), (209, 215), (156, 157), (165, 166), (45, 207), (66, 68), (191, 209), (134, 215), (196, 205), (25, 79), (210, 237), (75, 156), (123, 150), (196, 223), (0, 162), (59, 68), (150, 152), (96, 123), (87, 96), (207, 210), (79, 241), (204, 205), (195, 196), (198, 204), (198, 207), (120, 123)}
Obj: 28334

