Log for instance aco_tuning_out/inst12.txt.

Used ({'tau0': 9.493726088905091e-06, 'xi': 0.11484843759454823, 'q0': 0.6111218433796399, 'alpha': 1.5748339874818995, 'beta': 1.6004495863491173, 'rho': 0.40117280761880736, 'ants': 26}) and found best instance after 15.140625 seconds.
E1: {(120, 129), (163, 164), (102, 129), (162, 180), (32, 113), (207, 209), (199, 205), (210, 211), (180, 207), (162, 189), (129, 210), (209, 215), (189, 195), (163, 166), (180, 182), (164, 167), (86, 89), (45, 207), (134, 215), (118, 145), (205, 214), (86, 113), (109, 118), (162, 163), (0, 162), (207, 210), (91, 145), (86, 167), (118, 199), (214, 215), (43, 205)}
E2: {(4, 58), (58, 59), (55, 136), (162, 168), (190, 199), (217, 223), (210, 211), (84, 102), (234, 236), (135, 153), (76, 79), (5, 86), (151, 152), (54, 55), (28, 109), (136, 145), (145, 151), (72, 78), (4, 5), (58, 67), (84, 86), (86, 89), (58, 76), (153, 155), (163, 190), (200, 227), (40, 43), (45, 207), (55, 217), (169, 178), (118, 145), (153, 234), (25, 79), (55, 58), (40, 67), (226, 227), (76, 157), (128, 134), (177, 178), (64, 67), (162, 163), (54, 72), (145, 226), (72, 153), (128, 155), (28, 190), (207, 210), (5, 32), (118, 199), (207, 234), (166, 169), (168, 169)}
Obj: 32280

