Log for instance aco_tuning_out/inst18.txt.

Used ({'tau0': 8.753936472387218e-06, 'xi': 0.09720016068128765, 'q0': 0.8231293796694477, 'alpha': 0.5431396504147108, 'beta': 1.6359800101718294, 'rho': 0.1536282766541045, 'ants': 15}) and found best instance after 49.46875 seconds.
E1: {(128, 136), (136, 137), (81, 85), (58, 62), (86, 87), (70, 198), (206, 238), (128, 160), (87, 95), (1, 3), (156, 188), (1, 9), (148, 150), (198, 206), (132, 148), (85, 213), (62, 126), (197, 213), (45, 61), (209, 213), (128, 132), (148, 156), (6, 70), (26, 90), (61, 63), (147, 151), (39, 47), (46, 62), (83, 87), (1, 5), (132, 196), (29, 61), (213, 215), (54, 118), (151, 215), (137, 201), (47, 63), (81, 83), (107, 111), (213, 245), (188, 252), (99, 107), (118, 126), (80, 81), (26, 58), (66, 70), (70, 86), (57, 61), (9, 137), (196, 198), (62, 63), (86, 118), (151, 159), (47, 111)}
E2: {(128, 136), (136, 137), (168, 172), (71, 87), (72, 76), (146, 154), (168, 184), (101, 103), (5, 7), (86, 87), (70, 198), (163, 179), (206, 238), (128, 160), (252, 253), (114, 118), (156, 188), (148, 150), (28, 30), (115, 123), (198, 206), (132, 148), (148, 156), (7, 71), (168, 232), (128, 132), (146, 150), (83, 115), (28, 60), (245, 253), (221, 253), (40, 168), (113, 241), (83, 87), (132, 196), (76, 78), (54, 118), (240, 241), (24, 28), (146, 210), (81, 83), (81, 89), (51, 115), (76, 108), (188, 252), (51, 179), (71, 103), (118, 126), (142, 206), (113, 115), (78, 206), (80, 81), (66, 70), (9, 137), (70, 86), (196, 198), (28, 156), (86, 118), (172, 188)}
Obj: 29890

