Log for instance aco_tuning_out/inst18.txt.

Used ({'tau_0': 7.812894719628246e-06, 'xi': 0.0766649900567211, 'q0': 0.3937027431240757, 'alpha': 1.3517471324904988, 'beta': 1.9563494025351882, 'rho': 0.17338412974172868, 'ants': 20}) and found best instance after 26.921875 seconds.
E1: {(90, 91), (193, 201), (99, 103), (81, 85), (58, 62), (150, 151), (0, 2), (39, 103), (128, 160), (87, 95), (2, 66), (252, 253), (1, 3), (1, 9), (91, 95), (110, 111), (85, 213), (197, 213), (45, 61), (209, 213), (110, 126), (193, 197), (61, 63), (147, 151), (245, 253), (103, 111), (22, 150), (46, 62), (1, 5), (29, 61), (213, 215), (85, 87), (110, 238), (151, 215), (6, 22), (213, 245), (46, 110), (80, 81), (57, 61), (0, 128), (2, 3), (2, 6), (62, 63), (22, 54), (151, 159), (54, 62)}
E2: {(168, 172), (160, 168), (72, 76), (154, 158), (7, 23), (91, 123), (168, 184), (163, 179), (86, 87), (5, 7), (8, 9), (87, 95), (112, 240), (82, 114), (28, 30), (252, 253), (8, 24), (91, 95), (54, 55), (30, 158), (23, 55), (168, 232), (110, 126), (82, 86), (51, 55), (28, 60), (245, 253), (221, 253), (70, 78), (89, 91), (80, 82), (142, 158), (40, 168), (8, 72), (112, 114), (97, 101), (244, 245), (76, 78), (97, 113), (110, 238), (24, 28), (240, 244), (108, 110), (82, 210), (76, 108), (51, 179), (23, 87), (150, 158), (112, 113), (66, 70), (70, 86), (8, 40)}
Obj: 29165

