Log for instance aco_tuning_out/inst12.txt.

Used ({'tau_0': 5.888779735025123e-06, 'xi': 0.14210673593322504, 'q0': 0.5532221197439141, 'alpha': 1.4492226579119356, 'beta': 1.732090480737235, 'rho': 0.42744550361996797, 'ants': 10}) and found best instance after 4.609375 seconds.
E1: {(111, 120), (92, 119), (41, 122), (38, 41), (112, 115), (176, 185), (83, 137), (43, 70), (91, 92), (122, 131), (166, 220), (112, 130), (102, 104), (67, 70), (182, 185), (58, 67), (86, 89), (139, 220), (31, 34), (95, 104), (38, 119), (95, 122), (175, 176), (31, 58), (34, 115), (27, 36), (111, 112), (128, 131), (109, 115), (130, 211), (27, 45), (128, 134), (33, 34), (94, 175), (32, 41), (137, 155), (128, 155), (58, 139), (130, 131), (83, 86), (36, 38), (33, 195), (94, 95), (0, 27)}
E2: {(81, 82), (3, 4), (39, 201), (4, 58), (55, 136), (118, 119), (42, 51), (216, 218), (184, 211), (39, 42), (217, 223), (50, 212), (84, 102), (169, 170), (234, 236), (100, 101), (135, 153), (149, 152), (189, 191), (39, 66), (83, 164), (81, 84), (82, 83), (209, 215), (164, 173), (58, 67), (36, 198), (164, 170), (166, 169), (58, 76), (20, 101), (66, 68), (191, 209), (55, 217), (173, 200), (164, 191), (198, 199), (100, 103), (19, 20), (36, 42), (148, 149), (89, 170), (191, 218), (27, 36), (153, 234), (174, 177), (103, 184), (27, 45), (76, 157), (128, 134), (42, 43), (64, 67), (119, 128), (109, 136), (59, 68), (32, 50), (174, 201), (217, 218), (82, 100), (67, 148), (3, 84), (19, 25), (51, 78), (118, 199), (216, 234), (212, 215), (189, 198)}
Obj: 41071

