Log for instance aco_tuning_out/inst27.txt.

Used ({'tau0': 6.2578016549988135e-06, 'xi': 0.07695855038194482, 'q0': 0.6338595363337294, 'alpha': 1.3781099098119947, 'beta': 1.0918136498914073, 'rho': 0.20985761634934252, 'ants': 15}) and found best instance after 11.015625 seconds.
E1: {(154, 155), (155, 187), (4, 12), (35, 39), (60, 62), (116, 244), (43, 107), (228, 244), (87, 95), (155, 159), (114, 118), (4, 36), (221, 223), (132, 148), (76, 204), (110, 111), (62, 190), (116, 118), (142, 143), (12, 76), (29, 31), (221, 253), (31, 95), (14, 30), (31, 159), (95, 223), (143, 159), (112, 114), (10, 14), (114, 242), (2, 10), (27, 155), (213, 215), (54, 118), (249, 253), (110, 238), (2, 34), (12, 14), (54, 62), (107, 111), (35, 43), (4, 132), (30, 62), (23, 87), (144, 148), (112, 113), (2, 3), (3, 35), (242, 250), (62, 63), (30, 31), (215, 223), (209, 213)}
E2: {(119, 127), (136, 137), (128, 136), (105, 107), (200, 216), (125, 253), (206, 238), (101, 109), (248, 250), (123, 127), (253, 255), (56, 58), (230, 238), (109, 125), (6, 14), (136, 200), (137, 141), (216, 248), (105, 109), (10, 42), (240, 248), (125, 127), (147, 151), (128, 144), (221, 253), (14, 15), (31, 95), (14, 30), (31, 159), (48, 56), (204, 206), (10, 14), (240, 241), (200, 202), (56, 57), (241, 243), (226, 230), (107, 111), (42, 58), (14, 78), (78, 206), (166, 230), (30, 31), (95, 127), (151, 159), (200, 204)}
Obj: 29306

