Log for instance aco_tuning_out/inst18.txt.

Used ({'tau_0': 5.498217034018323e-06, 'xi': 0.07476910638285614, 'q0': 0.4717218972346363, 'alpha': 1.947841791710605, 'beta': 1.831830451033867, 'rho': 0.12093333427234658, 'ants': 15}) and found best instance after 17.921875 seconds.
E1: {(105, 107), (81, 85), (193, 201), (58, 62), (5, 7), (150, 151), (97, 105), (1, 3), (1, 9), (252, 253), (85, 213), (62, 126), (197, 213), (45, 61), (6, 70), (96, 97), (110, 126), (209, 213), (193, 197), (61, 63), (147, 151), (245, 253), (31, 95), (39, 47), (31, 159), (1, 5), (66, 74), (29, 61), (213, 215), (74, 90), (6, 7), (110, 238), (32, 96), (151, 215), (32, 160), (47, 63), (54, 62), (107, 111), (213, 245), (99, 107), (46, 110), (7, 39), (80, 81), (57, 61), (66, 70), (62, 63), (31, 63), (151, 159), (47, 111)}
E2: {(96, 104), (72, 76), (24, 152), (20, 148), (163, 179), (152, 154), (104, 108), (112, 240), (82, 114), (252, 253), (1, 9), (28, 30), (148, 150), (78, 110), (142, 174), (96, 97), (152, 184), (110, 126), (1, 33), (96, 112), (82, 86), (52, 54), (28, 60), (245, 253), (221, 253), (52, 60), (40, 104), (49, 113), (112, 114), (97, 101), (121, 123), (104, 232), (1, 5), (172, 174), (20, 52), (76, 78), (80, 112), (174, 238), (110, 238), (32, 96), (24, 28), (32, 160), (89, 121), (82, 210), (33, 49), (76, 108), (188, 252), (51, 179), (60, 188), (112, 113), (66, 70), (49, 51), (113, 121), (70, 86), (172, 188)}
Obj: 30061

