Log for instance aco_tuning_out/inst09.txt.

Used ({'tau0': 3.462877209278076e-06, 'xi': 0.0658154748162855, 'q0': 0.6970370798529836, 'alpha': 1.3037173239481683, 'beta': 0.3291761938293081, 'rho': 0.413035014315252, 'ants': 16}) and found best instance after 5.34375 seconds.
E1: {(166, 175), (81, 82), (3, 4), (175, 202), (84, 87), (96, 177), (84, 102), (75, 78), (66, 75), (14, 95), (205, 206), (39, 66), (97, 178), (96, 97), (81, 84), (30, 39), (82, 83), (209, 215), (156, 157), (86, 89), (209, 236), (86, 95), (39, 120), (196, 205), (175, 178), (75, 156), (81, 135), (206, 215), (196, 223), (229, 232), (205, 232), (87, 96), (0, 3), (202, 229), (3, 84), (4, 31), (83, 86), (43, 205), (30, 31)}
E2: {(3, 4), (4, 58), (6, 24), (84, 87), (96, 177), (87, 89), (31, 32), (159, 160), (83, 137), (153, 159), (142, 223), (195, 204), (152, 233), (0, 81), (94, 97), (120, 122), (96, 97), (83, 164), (171, 173), (171, 225), (81, 84), (204, 231), (157, 238), (6, 87), (164, 173), (177, 204), (58, 76), (31, 58), (95, 122), (59, 221), (4, 166), (24, 25), (76, 157), (128, 134), (151, 160), (224, 233), (146, 155), (137, 146), (45, 72), (72, 153), (128, 155), (87, 96), (32, 59), (142, 151), (225, 231), (3, 84), (211, 238), (124, 151), (221, 224), (94, 95), (97, 124)}
Obj: 34864

