Log for instance aco_tuning_out/inst09.txt.

Used ({'tau0': 8.93751488559124e-06, 'xi': 0.07498280708831719, 'q0': 0.7003533283222684, 'alpha': 1.84655149702223, 'beta': 0.36999618301213544, 'rho': 0.353807119950786, 'ants': 24}) and found best instance after 7.265625 seconds.
E1: {(81, 82), (3, 4), (4, 58), (39, 201), (84, 87), (87, 89), (82, 163), (217, 223), (176, 185), (236, 239), (66, 69), (0, 81), (185, 239), (39, 66), (102, 104), (81, 84), (30, 39), (163, 166), (120, 201), (58, 76), (40, 43), (3, 30), (174, 177), (81, 135), (76, 157), (163, 217), (12, 66), (12, 14), (174, 201), (39, 40), (69, 78), (3, 84), (104, 185), (174, 176)}
E2: {(166, 175), (81, 82), (185, 188), (3, 4), (4, 58), (162, 171), (98, 107), (171, 177), (84, 87), (20, 23), (87, 89), (139, 157), (207, 209), (176, 185), (40, 41), (171, 198), (107, 134), (205, 206), (117, 120), (189, 191), (58, 220), (98, 152), (223, 232), (83, 164), (171, 173), (82, 83), (81, 84), (173, 176), (164, 173), (58, 67), (191, 197), (107, 188), (139, 220), (45, 207), (191, 209), (195, 197), (19, 20), (205, 214), (175, 176), (197, 206), (40, 67), (117, 198), (23, 185), (211, 214), (0, 162), (205, 232), (59, 68), (32, 41), (41, 68), (3, 84), (19, 25), (189, 198)}
Obj: 32077

