Log for instance aco_tuning_out/inst27.txt.

Used ({'tau0': 9.519734246967097e-06, 'xi': 0.07937813294122376, 'q0': 0.41673979688805995, 'alpha': 1.6749976300577816, 'beta': 0.7383106546614165, 'rho': 0.29031514757956295, 'ants': 27}) and found best instance after 20.28125 seconds.
E1: {(55, 63), (16, 20), (154, 155), (155, 187), (52, 116), (35, 39), (116, 244), (228, 244), (144, 208), (28, 30), (186, 250), (140, 204), (110, 111), (23, 55), (249, 251), (36, 52), (62, 190), (16, 144), (52, 54), (221, 253), (52, 60), (142, 158), (46, 62), (27, 155), (20, 52), (28, 29), (187, 251), (140, 142), (110, 238), (151, 215), (249, 253), (158, 190), (35, 43), (46, 110), (208, 209), (30, 62), (112, 113), (23, 151), (112, 116), (154, 186), (34, 35), (186, 190), (3, 35), (39, 55), (62, 63), (132, 140), (54, 62)}
E2: {(119, 127), (58, 59), (15, 143), (58, 62), (50, 58), (216, 218), (101, 109), (144, 208), (242, 243), (186, 250), (123, 127), (211, 243), (253, 255), (240, 242), (109, 125), (62, 190), (6, 14), (125, 127), (202, 218), (221, 253), (14, 15), (127, 255), (57, 59), (48, 50), (14, 30), (10, 14), (208, 240), (166, 182), (111, 127), (59, 123), (218, 250), (147, 211), (141, 143), (226, 242), (182, 190), (30, 62), (186, 190), (242, 250)}
Obj: 25288

