Log for instance aco_tuning_out/inst15.txt.

Used ({'tau0': 1.944733890460195e-06, 'xi': 0.10406489729971813, 'q0': 0.5015133780289627, 'alpha': 0.48372224880231074, 'beta': 1.7691019222478264, 'rho': 0.4010581607160818, 'ants': 21}) and found best instance after 36.953125 seconds.
E1: {(109, 190), (198, 225), (171, 198), (75, 78), (195, 204), (198, 200), (63, 64), (72, 75), (171, 173), (177, 204), (173, 182), (63, 225), (189, 190), (76, 157), (63, 72), (42, 43), (171, 172), (225, 228), (75, 76), (42, 204), (198, 204), (189, 198), (91, 172)}
E2: {(166, 184), (58, 59), (18, 20), (55, 136), (20, 23), (43, 52), (22, 23), (184, 211), (107, 134), (75, 78), (195, 204), (199, 226), (198, 200), (89, 107), (22, 184), (136, 145), (204, 231), (0, 18), (228, 231), (22, 25), (25, 52), (177, 204), (58, 76), (20, 101), (64, 226), (198, 199), (55, 58), (109, 136), (182, 236), (22, 76), (145, 226), (135, 136), (101, 107), (32, 59), (14, 23), (18, 45), (75, 76), (198, 204), (20, 182)}
Obj: 25978

