Log for instance aco_tuning_out/inst24.txt.

Used ({'tau_0': 7.814861621349648e-06, 'xi': 0.138307434456488, 'q0': 0.43841983460807055, 'alpha': 1.339632899369741, 'beta': 1.2581696145841696, 'rho': 0.4518495513690369, 'ants': 15}) and found best instance after 7.328125 seconds.
E1: {(76, 92), (171, 235), (44, 45), (182, 183), (43, 171), (0, 2), (128, 160), (40, 44), (44, 60), (176, 240), (141, 157), (252, 253), (186, 250), (2, 130), (157, 159), (240, 248), (71, 199), (58, 122), (243, 247), (58, 186), (26, 90), (128, 144), (26, 154), (162, 170), (12, 76), (44, 108), (60, 61), (221, 253), (14, 15), (170, 171), (248, 252), (139, 171), (10, 14), (2, 10), (106, 122), (10, 26), (183, 247), (199, 231), (144, 176), (130, 162), (2, 34), (231, 247), (12, 14), (76, 108), (182, 190), (26, 58), (0, 128), (57, 61), (186, 190), (157, 221)}
E2: {(247, 255), (102, 230), (82, 90), (237, 253), (146, 178), (82, 114), (178, 182), (187, 191), (114, 118), (78, 110), (253, 255), (189, 191), (53, 181), (102, 110), (88, 90), (146, 147), (206, 222), (180, 182), (28, 60), (181, 183), (21, 85), (221, 253), (88, 120), (165, 181), (181, 189), (144, 146), (5, 21), (106, 110), (10, 14), (28, 29), (2, 10), (230, 231), (183, 247), (63, 191), (88, 89), (226, 230), (166, 182), (180, 181), (175, 191), (231, 247), (228, 230), (195, 227), (102, 118), (2, 34), (21, 29), (14, 78), (78, 206), (227, 231), (21, 53)}
Obj: 29627

