Log for instance aco_tuning_out/inst06.txt.

Used ({'tau_0': 7.199516623553175e-06, 'xi': 0.11757684122784635, 'q0': 0.8950304976400971, 'alpha': 1.7862372914817117, 'beta': 1.3396042945590478, 'rho': 0.08070539620138223, 'ants': 25}) and found best instance after 35.484375 seconds.
E1: {(192, 194), (168, 172), (81, 85), (188, 190), (243, 251), (5, 7), (206, 238), (237, 253), (87, 95), (114, 115), (130, 194), (252, 253), (156, 188), (1, 3), (91, 95), (206, 207), (53, 181), (244, 252), (196, 212), (174, 175), (168, 232), (249, 251), (166, 174), (192, 196), (7, 135), (174, 190), (83, 115), (105, 109), (206, 222), (212, 244), (180, 188), (221, 253), (89, 91), (17, 81), (83, 87), (172, 174), (17, 145), (129, 145), (1, 5), (45, 109), (109, 237), (6, 7), (249, 253), (24, 28), (110, 238), (240, 244), (81, 83), (180, 181), (188, 252), (46, 110), (194, 210), (23, 87), (46, 174), (78, 206), (7, 39), (1, 129), (115, 243), (28, 156)}
E2: {(64, 66), (90, 91), (193, 195), (193, 201), (32, 34), (32, 40), (243, 251), (188, 190), (162, 226), (156, 158), (64, 96), (193, 225), (87, 95), (196, 197), (1, 3), (252, 253), (156, 188), (91, 95), (196, 212), (174, 175), (166, 174), (249, 251), (96, 97), (64, 68), (174, 190), (193, 197), (32, 36), (83, 115), (18, 19), (188, 189), (180, 188), (162, 170), (245, 253), (89, 91), (97, 101), (17, 145), (1, 5), (129, 145), (132, 196), (83, 87), (187, 251), (115, 119), (199, 231), (249, 253), (32, 96), (162, 166), (162, 163), (188, 252), (17, 19), (129, 193), (1, 129), (195, 199), (97, 225), (19, 83), (115, 243), (158, 159)}
Obj: 30436

