Log for instance aco_tuning_out/inst18.txt.

Used ({'tau_0': 8.524438848395618e-06, 'xi': 0.08260719400248602, 'q0': 0.6770641636613806, 'alpha': 0.6089210219484695, 'beta': 0.5746980829231113, 'rho': 0.06462761009956378, 'ants': 17}) and found best instance after 267.015625 seconds.
E1: {(64, 66), (193, 201), (58, 62), (5, 13), (150, 151), (0, 2), (128, 160), (1, 3), (252, 253), (85, 213), (62, 126), (197, 213), (45, 61), (209, 213), (110, 126), (13, 29), (193, 197), (26, 90), (61, 63), (147, 151), (64, 80), (245, 253), (31, 95), (39, 47), (9, 13), (31, 159), (46, 62), (1, 5), (29, 61), (213, 215), (110, 238), (151, 215), (47, 63), (54, 62), (107, 111), (213, 245), (99, 107), (0, 64), (0, 128), (57, 61), (2, 3), (26, 58), (2, 6), (62, 63), (31, 63), (151, 159), (47, 111)}
E2: {(64, 66), (64, 72), (232, 236), (32, 40), (24, 152), (154, 158), (72, 88), (60, 62), (35, 51), (152, 154), (5, 13), (8, 9), (112, 240), (210, 214), (252, 253), (8, 24), (78, 110), (172, 236), (115, 123), (30, 158), (62, 126), (96, 97), (152, 184), (110, 126), (96, 112), (64, 80), (35, 163), (245, 253), (150, 214), (221, 253), (86, 214), (112, 114), (97, 101), (8, 72), (142, 158), (236, 238), (9, 13), (88, 89), (32, 96), (110, 238), (32, 160), (108, 110), (51, 115), (30, 62), (113, 115), (112, 113), (150, 158), (236, 252), (54, 62), (8, 40)}
Obj: 28044

