Log for instance aco_tuning_out/inst27.txt.

Used ({'tau_0': 6.1953877645287985e-06, 'xi': 0.12592428493863295, 'q0': 0.5371346552036473, 'alpha': 0.6164150020009103, 'beta': 1.0047990339648631, 'rho': 0.10018538445968772, 'ants': 21}) and found best instance after 171.21875 seconds.
E1: {(132, 164), (154, 158), (3, 19), (23, 31), (28, 30), (221, 223), (19, 27), (30, 158), (249, 251), (128, 132), (81, 209), (164, 228), (28, 60), (128, 144), (116, 124), (221, 253), (31, 95), (142, 158), (39, 47), (95, 223), (19, 23), (236, 238), (28, 29), (187, 251), (36, 164), (249, 253), (47, 63), (81, 83), (250, 251), (204, 236), (60, 124), (158, 190), (43, 47), (228, 236), (38, 39), (38, 54), (81, 113), (34, 38), (19, 83), (36, 38), (30, 31), (31, 63), (215, 223), (47, 111)}
E2: {(119, 127), (58, 59), (162, 226), (243, 251), (216, 218), (176, 240), (202, 234), (123, 127), (48, 176), (147, 179), (253, 255), (56, 58), (249, 251), (6, 14), (125, 127), (226, 234), (202, 218), (221, 253), (14, 15), (15, 47), (101, 117), (127, 255), (14, 30), (48, 56), (10, 14), (47, 111), (144, 176), (117, 125), (249, 253), (56, 57), (13, 141), (162, 166), (111, 127), (218, 250), (59, 123), (179, 243), (13, 15), (250, 251)}
Obj: 24405

