Log for instance aco_tuning_out/inst15.txt.

Used ({'tau_0': 5.998921288673613e-06, 'xi': 0.12799050366072715, 'q0': 0.730921478054052, 'alpha': 1.5055228070199218, 'beta': 0.3739261379740735, 'rho': 0.1599798192967875, 'ants': 28}) and found best instance after 22.5625 seconds.
E1: {(81, 82), (6, 15), (33, 42), (75, 237), (15, 42), (64, 145), (72, 75), (81, 87), (72, 78), (20, 74), (6, 87), (156, 157), (228, 237), (118, 145), (109, 118), (174, 177), (75, 156), (72, 74), (42, 43), (91, 118), (199, 200), (82, 109), (15, 177), (174, 228), (118, 199), (33, 195), (20, 182)}
E2: {(81, 82), (6, 15), (33, 42), (3, 4), (4, 58), (14, 68), (66, 228), (87, 89), (15, 42), (121, 130), (131, 134), (121, 148), (83, 164), (82, 83), (81, 87), (72, 78), (20, 74), (6, 87), (164, 173), (58, 67), (66, 68), (164, 182), (173, 200), (19, 20), (4, 166), (130, 211), (72, 74), (81, 135), (42, 43), (64, 67), (182, 236), (59, 68), (74, 236), (45, 72), (67, 148), (32, 59), (130, 131), (82, 109), (0, 3), (15, 177), (0, 6), (66, 67), (19, 25), (33, 195)}
Obj: 28998

