Log for instance aco_tuning_out/inst09.txt.

Used ({'tau_0': 6.1953877645287985e-06, 'xi': 0.12592428493863295, 'q0': 0.5371346552036473, 'alpha': 0.6164150020009103, 'beta': 1.0047990339648631, 'rho': 0.10018538445968772, 'ants': 21}) and found best instance after 248.359375 seconds.
E1: {(93, 102), (4, 58), (3, 4), (93, 120), (216, 218), (5, 86), (14, 95), (6, 60), (93, 95), (218, 236), (168, 177), (4, 5), (3, 6), (86, 89), (58, 76), (40, 43), (40, 49), (86, 95), (135, 216), (4, 166), (168, 222), (49, 76), (76, 157), (222, 223), (0, 3), (60, 78), (6, 168), (216, 222)}
E2: {(3, 4), (5, 59), (93, 120), (6, 33), (125, 134), (33, 51), (98, 125), (5, 86), (93, 95), (98, 152), (168, 177), (195, 222), (4, 5), (51, 52), (3, 6), (95, 98), (86, 89), (25, 52), (86, 95), (94, 148), (45, 51), (4, 166), (168, 222), (211, 214), (222, 223), (0, 3), (6, 168), (5, 32), (148, 157), (94, 95), (52, 214)}
Obj: 24268

