Log for instance aco_tuning_out/inst21.txt.

Used ({'tau0': 9.563421643378381e-06, 'xi': 0.09724359984230846, 'q0': 0.3832373282206037, 'alpha': 0.33412689971093434, 'beta': 0.5388896399688413, 'rho': 0.11521783790776492, 'ants': 25}) and found best instance after 102.40625 seconds.
E1: {(163, 164), (171, 198), (173, 179), (198, 201), (38, 41), (179, 233), (163, 166), (36, 198), (36, 45), (224, 233), (36, 63), (32, 41), (36, 38), (162, 171), (152, 233), (162, 164), (14, 41), (38, 200), (63, 64), (162, 216), (171, 173), (173, 182), (135, 216), (177, 179), (201, 228), (223, 224)}
E2: {(162, 168), (171, 198), (234, 236), (181, 208), (76, 79), (81, 135), (81, 162), (83, 89), (5, 32), (61, 223), (61, 79), (181, 235), (78, 79), (234, 235), (64, 70), (91, 118), (0, 162), (181, 182), (6, 168), (118, 199), (189, 195), (198, 207), (162, 171), (5, 59), (109, 190), (208, 211), (70, 79), (43, 70), (190, 208), (198, 200), (6, 8), (83, 164), (162, 164), (118, 121), (189, 190), (120, 121), (61, 62), (143, 152), (162, 189), (45, 207), (198, 199), (76, 157), (62, 143), (8, 62), (19, 181), (5, 8), (19, 25)}
Obj: 29323

