Log for instance aco_tuning_out/inst24.txt.

Used ({'tau0': 8.990632486830376e-06, 'xi': 0.09595706500151588, 'q0': 0.4417965567940394, 'alpha': 1.6457162341639056, 'beta': 1.8792939670585154, 'rho': 0.14228615039412212, 'ants': 30}) and found best instance after 204.59375 seconds.
E1: {(76, 92), (32, 34), (99, 103), (32, 40), (107, 235), (146, 154), (12, 13), (13, 45), (43, 107), (141, 157), (40, 41), (242, 243), (252, 253), (186, 250), (11, 139), (157, 159), (122, 250), (240, 242), (0, 32), (41, 45), (58, 122), (12, 76), (41, 57), (221, 253), (144, 146), (106, 107), (106, 122), (13, 141), (32, 160), (11, 43), (76, 108), (99, 107), (71, 103), (154, 186), (90, 122), (186, 190), (242, 250), (11, 15), (130, 146), (157, 221), (13, 15)}
E2: {(183, 191), (193, 195), (98, 226), (229, 237), (228, 229), (151, 183), (197, 229), (187, 191), (34, 98), (221, 223), (53, 181), (120, 122), (193, 197), (147, 151), (21, 85), (181, 183), (176, 178), (191, 255), (88, 120), (165, 181), (52, 60), (5, 21), (2, 10), (106, 122), (230, 231), (63, 191), (144, 176), (88, 89), (226, 230), (175, 191), (180, 181), (2, 34), (228, 230), (222, 223), (165, 229), (52, 53), (98, 114), (223, 255), (176, 180), (90, 122), (114, 122), (166, 230), (21, 53)}
Obj: 25720

