Log for instance aco_tuning_out/inst18.txt.

Used ({'tau0': 9.926534885232458e-06, 'xi': 0.06692036828162971, 'q0': 0.3019379808030227, 'alpha': 1.9521308295520166, 'beta': 1.4674217120935573, 'rho': 0.15756254670228562, 'ants': 22}) and found best instance after 127.140625 seconds.
E1: {(25, 29), (82, 90), (4, 6), (50, 58), (5, 13), (3, 19), (87, 95), (244, 252), (85, 213), (62, 126), (197, 213), (209, 213), (110, 126), (82, 83), (50, 54), (19, 147), (4, 5), (29, 31), (80, 82), (31, 95), (31, 159), (39, 47), (9, 13), (22, 54), (83, 87), (22, 150), (244, 245), (85, 87), (213, 215), (9, 25), (47, 111), (110, 238), (137, 201), (47, 63), (213, 245), (50, 178), (107, 111), (99, 107), (46, 110), (162, 178), (25, 57), (9, 137), (19, 83), (66, 82), (62, 63), (45, 47), (31, 63), (160, 162), (54, 62)}
E2: {(168, 172), (160, 168), (146, 154), (168, 184), (60, 62), (112, 240), (114, 115), (146, 178), (220, 252), (115, 123), (5, 37), (8, 24), (244, 252), (142, 174), (168, 232), (62, 126), (110, 126), (50, 54), (25, 89), (220, 221), (51, 55), (70, 78), (22, 86), (112, 114), (22, 150), (40, 168), (8, 72), (172, 174), (244, 245), (9, 25), (53, 55), (80, 112), (24, 25), (110, 238), (240, 244), (37, 53), (146, 210), (108, 110), (162, 163), (50, 114), (50, 178), (51, 115), (162, 178), (113, 115), (22, 30), (66, 70), (70, 86), (37, 101), (22, 54), (160, 162), (54, 62), (8, 40)}
Obj: 28717

