Log for instance aco_tuning_out/inst09.txt.

Used ({'tau_0': 5.072339472437726e-06, 'xi': 0.06750660483788565, 'q0': 0.39673942663117334, 'alpha': 1.3764884196051321, 'beta': 0.7955077619397278, 'rho': 0.4521931615046479, 'ants': 17}) and found best instance after 5.4375 seconds.
E1: {(111, 120), (33, 42), (105, 107), (98, 107), (165, 167), (6, 33), (76, 238), (167, 176), (89, 98), (236, 242), (0, 81), (102, 104), (111, 113), (240, 242), (223, 241), (81, 87), (165, 166), (168, 177), (6, 87), (104, 107), (86, 104), (238, 241), (86, 113), (81, 135), (76, 157), (42, 43), (14, 176), (78, 240), (165, 168), (159, 240), (86, 167), (87, 105), (241, 242), (105, 159)}
E2: {(162, 171), (19, 46), (165, 167), (162, 168), (216, 218), (127, 128), (171, 198), (152, 233), (3, 165), (45, 46), (195, 213), (186, 213), (6, 8), (30, 39), (130, 157), (195, 222), (177, 186), (207, 208), (222, 224), (127, 130), (3, 30), (39, 120), (30, 32), (166, 167), (168, 222), (130, 211), (46, 208), (224, 233), (128, 134), (0, 162), (222, 223), (165, 168), (6, 168), (216, 222), (56, 218), (19, 25), (127, 208), (8, 89), (198, 207), (56, 59)}
Obj: 30675

