Log for instance aco_tuning_out/inst12.txt.

Used ({'tau_0': 2.924453704862743e-06, 'xi': 0.10102715591656777, 'q0': 0.8483785554218048, 'alpha': 1.0515532863745962, 'beta': 0.39867352753450425, 'rho': 0.28727195311451986, 'ants': 26}) and found best instance after 17.359375 seconds.
E1: {(166, 175), (33, 42), (175, 202), (118, 119), (29, 32), (176, 185), (185, 239), (89, 107), (102, 104), (201, 202), (120, 201), (182, 185), (36, 198), (104, 107), (198, 199), (36, 42), (175, 176), (109, 118), (27, 36), (27, 45), (128, 134), (42, 43), (119, 128), (91, 118), (158, 239), (202, 211), (104, 158), (118, 199), (33, 195), (27, 29), (198, 201), (0, 27)}
E2: {(166, 175), (81, 82), (115, 142), (226, 229), (20, 23), (175, 202), (88, 115), (23, 77), (78, 80), (29, 32), (179, 233), (176, 185), (84, 102), (236, 239), (100, 101), (142, 223), (34, 43), (152, 233), (185, 239), (83, 164), (81, 84), (82, 83), (31, 193), (28, 109), (103, 157), (164, 173), (173, 179), (77, 80), (20, 101), (31, 34), (64, 226), (100, 103), (173, 200), (28, 29), (68, 77), (175, 176), (26, 80), (27, 45), (128, 134), (81, 135), (177, 179), (23, 185), (82, 88), (193, 202), (59, 68), (202, 211), (82, 100), (202, 229), (83, 89), (101, 128), (27, 29), (28, 34), (25, 26)}
Obj: 32217

