Log for instance aco_tuning_out/inst24.txt.

Used ({'tau0': 1.34326092400037e-06, 'xi': 0.13441645763893803, 'q0': 0.4083523399061119, 'alpha': 0.5070175800996563, 'beta': 0.9994669821848109, 'rho': 0.2873914507152631, 'ants': 17}) and found best instance after 263.546875 seconds.
E1: {(76, 92), (41, 43), (15, 143), (243, 251), (146, 154), (12, 13), (13, 45), (0, 2), (104, 108), (176, 240), (40, 41), (186, 250), (220, 252), (2, 130), (122, 250), (7, 71), (58, 122), (160, 176), (220, 221), (12, 76), (41, 57), (144, 146), (40, 104), (143, 159), (106, 122), (235, 251), (144, 176), (13, 141), (7, 15), (139, 143), (2, 34), (76, 108), (141, 143), (104, 106), (154, 186), (90, 122), (186, 190), (130, 146), (92, 220), (250, 251)}
E2: {(90, 91), (98, 226), (178, 179), (187, 191), (147, 179), (221, 223), (179, 187), (34, 98), (53, 181), (120, 122), (231, 239), (61, 63), (60, 61), (21, 85), (181, 183), (176, 178), (191, 255), (165, 181), (89, 91), (5, 21), (179, 183), (2, 10), (106, 122), (230, 231), (144, 176), (63, 191), (226, 227), (226, 230), (175, 191), (180, 181), (237, 239), (2, 34), (195, 227), (228, 230), (222, 223), (98, 114), (223, 255), (90, 122), (114, 122), (166, 230), (21, 53), (175, 239)}
Obj: 24657

