Log for instance aco_tuning_out/inst21.txt.

Used ({'tau_0': 1.4630188820263259e-06, 'xi': 0.0776783694791692, 'q0': 0.7839075030693623, 'alpha': 0.5603503117369445, 'beta': 0.5204984007438819, 'rho': 0.4796233950660777, 'ants': 12}) and found best instance after 7.3125 seconds.
E1: {(38, 200), (66, 228), (29, 32), (29, 38), (217, 223), (217, 226), (135, 153), (217, 235), (227, 233), (152, 233), (39, 66), (168, 177), (181, 235), (200, 227), (234, 235), (64, 226), (36, 39), (12, 39), (153, 234), (36, 45), (226, 227), (181, 182), (12, 14), (169, 223), (36, 38), (166, 169), (168, 169)}
E2: {(43, 205), (33, 42), (0, 27), (38, 47), (199, 205), (217, 223), (234, 236), (20, 47), (217, 235), (135, 153), (39, 66), (145, 148), (136, 145), (82, 83), (72, 78), (42, 123), (86, 89), (234, 235), (66, 68), (64, 226), (50, 212), (118, 145), (19, 20), (36, 39), (205, 214), (36, 42), (153, 234), (39, 120), (27, 36), (109, 118), (123, 150), (211, 214), (59, 68), (150, 152), (32, 50), (145, 226), (136, 217), (199, 200), (72, 153), (91, 145), (19, 25), (118, 199), (33, 195), (214, 215), (36, 38), (212, 215), (45, 47), (82, 136), (83, 86), (20, 182), (148, 157), (47, 50)}
Obj: 30621

