Log for instance aco_tuning_out/inst30.txt.

Used ({'tau_0': 9.519734246967097e-06, 'xi': 0.07937813294122376, 'q0': 0.41673979688805995, 'alpha': 1.6749976300577816, 'beta': 0.7383106546614165, 'rho': 0.29031514757956295, 'ants': 27}) and found best instance after 12.8125 seconds.
E1: {(3, 4), (162, 165), (162, 171), (4, 58), (171, 177), (162, 168), (165, 167), (125, 134), (210, 211), (171, 198), (122, 125), (14, 95), (125, 152), (3, 165), (198, 200), (1, 82), (167, 194), (120, 122), (181, 235), (7, 25), (58, 67), (163, 181), (168, 195), (3, 21), (32, 194), (117, 119), (235, 236), (95, 122), (119, 122), (117, 198), (82, 91), (64, 67), (0, 162), (1, 163), (207, 210), (82, 109), (1, 4), (21, 102), (1, 7), (198, 207)}
E2: {(166, 175), (81, 82), (185, 188), (226, 232), (226, 229), (226, 235), (109, 190), (171, 177), (228, 229), (190, 199), (199, 205), (176, 185), (51, 132), (171, 198), (175, 229), (152, 233), (198, 200), (132, 133), (0, 81), (154, 157), (154, 160), (79, 160), (133, 134), (182, 188), (64, 226), (235, 236), (198, 199), (196, 205), (175, 176), (45, 51), (25, 79), (81, 135), (82, 91), (205, 232), (154, 235), (82, 109), (133, 160), (195, 196), (232, 233)}
Obj: 33634

