Log for instance aco_tuning_out/inst27.txt.

Used ({'tau0': 2.0274933728523487e-06, 'xi': 0.13405703789383258, 'q0': 0.526091823657158, 'alpha': 1.6793374858698646, 'beta': 0.6970800710605479, 'rho': 0.13613590490376215, 'ants': 11}) and found best instance after 9.59375 seconds.
E1: {(132, 164), (27, 59), (220, 222), (60, 62), (206, 238), (38, 102), (23, 31), (83, 211), (132, 148), (102, 110), (110, 111), (249, 251), (62, 190), (59, 63), (206, 222), (220, 221), (154, 218), (83, 115), (116, 118), (164, 228), (211, 215), (29, 31), (236, 238), (11, 27), (187, 251), (214, 222), (36, 164), (209, 211), (110, 238), (102, 118), (218, 250), (59, 187), (3, 11), (204, 236), (228, 236), (142, 206), (38, 39), (43, 59), (144, 148), (113, 115), (218, 222), (34, 38), (214, 215), (62, 63), (30, 31), (31, 63), (250, 251), (54, 62)}
E2: {(119, 127), (243, 251), (206, 238), (0, 2), (57, 121), (121, 249), (123, 127), (221, 223), (238, 239), (147, 179), (100, 101), (56, 58), (230, 238), (249, 251), (240, 248), (216, 248), (6, 14), (202, 206), (125, 127), (128, 144), (248, 249), (14, 15), (127, 255), (14, 30), (48, 56), (10, 14), (239, 255), (2, 10), (100, 228), (56, 57), (226, 230), (111, 127), (228, 230), (173, 175), (142, 206), (223, 255), (14, 142), (121, 125), (0, 128), (179, 243), (141, 173), (166, 230), (250, 251), (175, 239)}
Obj: 27894

