Log for instance aco_tuning_out/inst18.txt.

Used ({'tau_0': 8.037069826251222e-06, 'xi': 0.09645020294268639, 'q0': 0.6378636958577493, 'alpha': 1.5874523603304216, 'beta': 1.117749324798499, 'rho': 0.3122873583242921, 'ants': 22}) and found best instance after 16.1875 seconds.
E1: {(128, 136), (136, 137), (193, 201), (228, 244), (0, 2), (128, 160), (87, 95), (2, 66), (1, 3), (56, 58), (110, 111), (14, 46), (197, 213), (45, 61), (6, 14), (85, 213), (238, 254), (110, 126), (193, 197), (64, 80), (147, 151), (46, 47), (0, 1), (39, 47), (22, 150), (10, 14), (236, 238), (244, 245), (2, 10), (29, 61), (1, 5), (213, 215), (54, 118), (74, 90), (110, 238), (56, 57), (151, 215), (137, 201), (47, 63), (6, 22), (107, 111), (99, 107), (46, 110), (228, 236), (118, 126), (87, 215), (0, 64), (57, 61), (0, 128), (9, 137), (10, 74), (252, 254), (45, 47), (151, 159), (209, 213)}
E2: {(128, 136), (136, 137), (72, 76), (146, 154), (168, 184), (86, 87), (0, 2), (128, 160), (87, 95), (80, 208), (97, 105), (2, 66), (28, 30), (114, 118), (123, 127), (148, 150), (78, 110), (244, 252), (93, 95), (168, 232), (132, 148), (136, 200), (128, 132), (110, 126), (72, 200), (146, 147), (4, 5), (147, 151), (28, 60), (151, 159), (142, 143), (49, 113), (40, 168), (97, 101), (143, 159), (244, 245), (76, 78), (54, 118), (97, 113), (184, 188), (208, 240), (110, 238), (240, 244), (24, 28), (151, 215), (105, 233), (146, 210), (188, 252), (76, 108), (131, 163), (60, 188), (126, 127), (200, 232), (118, 126), (4, 132), (87, 215), (0, 128), (9, 137), (49, 51), (89, 93), (131, 147), (93, 221), (86, 118), (172, 188), (232, 233)}
Obj: 33643

