Log for instance aco_tuning_out/inst09.txt.

Used ({'tau0': 6.7016855702575265e-06, 'xi': 0.11061032973207813, 'q0': 0.8522979141088549, 'alpha': 0.9933756089527778, 'beta': 1.0108153997499625, 'rho': 0.20257431029412304, 'ants': 17}) and found best instance after 17.859375 seconds.
E1: {(166, 175), (39, 201), (162, 171), (175, 202), (153, 156), (75, 78), (66, 75), (135, 153), (102, 156), (39, 66), (223, 232), (83, 164), (171, 173), (72, 75), (209, 215), (156, 157), (173, 176), (164, 173), (120, 201), (86, 89), (209, 236), (205, 214), (175, 176), (174, 177), (14, 176), (202, 205), (205, 232), (0, 162), (72, 153), (174, 201), (83, 86), (214, 215), (43, 205), (174, 176)}
E2: {(83, 110), (166, 175), (226, 232), (33, 42), (226, 229), (162, 171), (171, 177), (175, 202), (151, 232), (15, 42), (150, 151), (29, 32), (179, 233), (116, 134), (29, 47), (20, 47), (152, 233), (223, 232), (89, 116), (83, 164), (171, 173), (164, 173), (173, 179), (29, 110), (19, 20), (151, 160), (123, 150), (110, 116), (202, 211), (0, 162), (32, 59), (15, 177), (202, 229), (19, 25), (33, 195), (45, 47), (157, 160), (232, 233), (120, 123)}
Obj: 29426

