Log for instance aco_tuning_out/inst12.txt.

Used ({'tau0': 9.519734246967097e-06, 'xi': 0.07937813294122376, 'q0': 0.41673979688805995, 'alpha': 1.6749976300577816, 'beta': 0.7383106546614165, 'rho': 0.29031514757956295, 'ants': 27}) and found best instance after 20.546875 seconds.
E1: {(81, 82), (33, 42), (84, 87), (165, 167), (87, 89), (30, 192), (167, 185), (0, 81), (192, 193), (81, 84), (30, 39), (165, 166), (182, 185), (84, 165), (27, 30), (39, 120), (27, 33), (30, 32), (27, 45), (42, 43), (82, 91), (193, 211), (105, 132), (82, 109), (132, 134), (87, 105), (165, 192), (33, 195), (102, 105)}
E2: {(81, 82), (106, 133), (58, 59), (128, 209), (105, 186), (184, 211), (70, 79), (49, 50), (43, 70), (76, 79), (151, 152), (45, 46), (106, 187), (105, 106), (200, 209), (223, 241), (168, 177), (168, 186), (133, 134), (86, 89), (78, 79), (58, 76), (209, 236), (70, 151), (85, 139), (25, 79), (49, 76), (81, 135), (76, 157), (128, 134), (64, 70), (82, 85), (85, 166), (32, 50), (46, 49), (58, 139), (82, 109), (187, 241), (79, 241), (85, 86), (102, 105), (184, 187)}
Obj: 30297

