Log for instance aco_tuning_out/inst30.txt.

Used ({'tau0': 6.651390889237055e-06, 'xi': 0.11158156951036152, 'q0': 0.3891327832249725, 'alpha': 0.5704086329673803, 'beta': 0.45022269695520334, 'rho': 0.05657845121910911, 'ants': 23}) and found best instance after 216.046875 seconds.
E1: {(120, 129), (199, 205), (129, 210), (10, 91), (134, 215), (199, 200), (1, 19), (210, 211), (209, 236), (10, 172), (32, 50), (14, 23), (204, 205), (118, 199), (10, 19), (102, 129), (195, 204), (125, 152), (172, 199), (209, 215), (10, 64), (209, 212), (177, 204), (0, 1), (125, 206), (204, 206), (50, 212), (109, 118), (206, 215), (210, 212), (19, 25), (23, 50)}
E2: {(207, 209), (234, 236), (10, 91), (100, 103), (182, 209), (82, 88), (123, 125), (166, 169), (87, 114), (125, 134), (19, 100), (201, 204), (10, 19), (195, 204), (125, 152), (87, 88), (207, 210), (0, 6), (123, 204), (10, 64), (200, 209), (6, 87), (103, 157), (88, 169), (177, 204), (45, 207), (114, 123), (201, 210), (201, 228), (135, 136), (82, 100), (82, 109), (19, 25), (207, 234), (82, 136)}
Obj: 29203

