Log for instance aco_tuning_out/inst06.txt.

Used ({'tau0': 5.342828546400694e-06, 'xi': 0.10757152839420789, 'q0': 0.48310874806332305, 'alpha': 0.7345220815729948, 'beta': 0.5000932542690112, 'rho': 0.1091478953450425, 'ants': 30}) and found best instance after 250.515625 seconds.
E1: {(128, 130), (210, 242), (132, 164), (44, 45), (206, 238), (237, 253), (40, 44), (164, 180), (210, 211), (39, 167), (89, 217), (2, 130), (233, 249), (8, 24), (83, 211), (53, 181), (196, 212), (174, 175), (166, 174), (128, 129), (240, 242), (128, 132), (206, 207), (174, 190), (206, 222), (173, 237), (44, 172), (221, 253), (167, 175), (114, 242), (83, 87), (172, 174), (132, 196), (85, 87), (45, 173), (135, 167), (174, 238), (249, 253), (217, 249), (105, 233), (128, 192), (146, 210), (180, 181), (164, 166), (46, 174), (23, 87), (78, 206), (2, 3), (2, 6), (130, 146), (232, 233), (8, 40)}
E2: {(64, 66), (90, 91), (193, 201), (32, 34), (132, 164), (32, 40), (164, 180), (193, 225), (103, 231), (225, 227), (89, 217), (2, 66), (196, 197), (187, 191), (157, 159), (117, 245), (196, 212), (166, 174), (174, 175), (96, 97), (64, 68), (174, 190), (193, 197), (32, 36), (156, 157), (163, 227), (201, 217), (157, 189), (101, 117), (89, 91), (97, 101), (170, 174), (1, 5), (132, 196), (1, 17), (226, 227), (32, 96), (175, 191), (2, 34), (195, 227), (164, 166), (129, 193), (103, 119), (2, 3), (1, 129), (97, 225), (227, 231), (2, 18), (159, 191)}
Obj: 29422

