Log for instance aco_tuning_out/inst06.txt.

Used ({'tau_0': 9.84719681858141e-06, 'xi': 0.07010842379960239, 'q0': 0.6134461647846249, 'alpha': 1.8618032848172066, 'beta': 0.8495777604552623, 'rho': 0.35523900559656113, 'ants': 21}) and found best instance after 10.984375 seconds.
E1: {(164, 165), (244, 246), (166, 174), (240, 242), (96, 97), (238, 254), (212, 244), (162, 170), (0, 16), (83, 87), (16, 24), (64, 192), (134, 135), (228, 236), (0, 64), (132, 164), (108, 109), (190, 254), (0, 2), (210, 211), (242, 246), (1, 3), (186, 250), (249, 251), (64, 68), (165, 181), (69, 85), (130, 162), (76, 108), (4, 132), (98, 114), (132, 134), (96, 98), (47, 175), (4, 6), (228, 244), (87, 95), (97, 105), (238, 239), (91, 95), (174, 175), (14, 46), (221, 253), (104, 232), (10, 14), (172, 174), (2, 10), (170, 186), (76, 78), (45, 109), (110, 238), (180, 181), (98, 102), (46, 110), (246, 254), (23, 87), (78, 206), (236, 252), (250, 251), (210, 242), (206, 238), (104, 108), (252, 253), (68, 69), (207, 239), (53, 181), (102, 110), (6, 14), (206, 222), (89, 91), (0, 1), (170, 174), (39, 47), (109, 237), (1, 129), (83, 211), (175, 239)}
E2: {(90, 91), (193, 195), (193, 201), (156, 158), (4, 6), (118, 119), (163, 179), (86, 87), (70, 198), (228, 244), (0, 2), (87, 95), (17, 21), (1, 3), (114, 118), (4, 36), (187, 191), (68, 69), (91, 95), (172, 236), (179, 187), (69, 101), (156, 188), (132, 148), (196, 212), (174, 175), (166, 174), (6, 14), (0, 32), (96, 97), (193, 197), (10, 42), (212, 244), (148, 180), (151, 159), (188, 189), (86, 118), (89, 91), (5, 21), (170, 174), (1, 5), (10, 14), (198, 199), (2, 10), (132, 196), (244, 245), (172, 174), (199, 231), (32, 96), (226, 230), (175, 191), (2, 34), (228, 230), (158, 190), (228, 236), (23, 87), (190, 191), (40, 42), (98, 114), (23, 151), (66, 70), (129, 193), (2, 3), (195, 199), (196, 198), (97, 225), (68, 70), (2, 18), (6, 70), (96, 98)}
Obj: 41034

