Log for instance aco_tuning_out/inst27.txt.

Used ({'tau0': 1.909159906569024e-06, 'xi': 0.11956886836355252, 'q0': 0.3752425237189395, 'alpha': 1.7473087080286895, 'beta': 0.3768151318487377, 'rho': 0.3399270042677068, 'ants': 31}) and found best instance after 17.375 seconds.
E1: {(250, 254), (7, 23), (154, 158), (132, 164), (146, 154), (27, 59), (190, 254), (206, 238), (125, 253), (28, 30), (100, 116), (6, 14), (62, 190), (238, 254), (209, 213), (59, 63), (125, 127), (116, 124), (28, 60), (221, 253), (144, 146), (14, 30), (142, 158), (204, 206), (28, 29), (213, 215), (213, 221), (36, 100), (63, 127), (6, 7), (100, 228), (36, 164), (249, 253), (111, 127), (2, 34), (158, 190), (60, 124), (59, 187), (43, 59), (14, 142), (7, 39), (121, 125), (2, 3), (113, 121), (2, 6), (62, 63), (54, 62)}
E2: {(119, 127), (15, 79), (250, 254), (58, 59), (98, 226), (50, 58), (216, 218), (101, 109), (144, 208), (123, 127), (147, 179), (109, 125), (6, 14), (243, 247), (220, 221), (125, 127), (202, 218), (14, 15), (79, 111), (216, 220), (127, 255), (208, 216), (14, 30), (57, 59), (48, 50), (10, 14), (208, 240), (119, 247), (13, 141), (226, 230), (111, 127), (218, 250), (59, 123), (50, 114), (254, 255), (98, 114), (179, 243), (166, 230), (13, 15)}
Obj: 25807

