Log for instance aco_tuning_out/inst24.txt.

Used ({'tau_0': 9.546586330686151e-06, 'xi': 0.07432857356120594, 'q0': 0.39855006298732903, 'alpha': 1.1362553523500754, 'beta': 1.13375631131127, 'rho': 0.39805176799684205, 'ants': 18}) and found best instance after 10.734375 seconds.
E1: {(137, 139), (136, 137), (128, 136), (76, 92), (41, 43), (171, 235), (15, 79), (188, 190), (44, 45), (43, 171), (0, 2), (40, 44), (252, 253), (11, 139), (187, 191), (179, 187), (137, 141), (41, 45), (58, 122), (32, 36), (44, 108), (154, 218), (128, 144), (90, 218), (12, 76), (224, 240), (41, 57), (221, 253), (139, 171), (130, 138), (106, 122), (138, 154), (136, 138), (160, 224), (32, 160), (71, 79), (218, 250), (2, 34), (188, 252), (76, 108), (190, 191), (171, 187), (0, 128), (90, 122), (179, 243), (11, 15), (36, 44), (159, 191)}
E2: {(210, 242), (136, 137), (128, 136), (98, 226), (165, 167), (60, 62), (216, 218), (210, 211), (242, 246), (187, 191), (34, 98), (129, 137), (53, 181), (120, 122), (85, 213), (62, 126), (220, 221), (128, 144), (90, 218), (191, 255), (88, 120), (165, 181), (216, 220), (167, 175), (178, 242), (1, 5), (129, 145), (2, 10), (106, 122), (230, 231), (166, 167), (213, 221), (88, 89), (63, 191), (226, 230), (230, 246), (180, 181), (2, 34), (228, 230), (175, 191), (147, 211), (145, 147), (228, 236), (98, 114), (218, 222), (90, 122), (236, 237), (167, 183), (122, 126), (1, 129), (114, 122), (166, 230), (195, 211)}
Obj: 29800

