Log for instance aco_tuning_out/inst30.txt.

Used ({'tau0': 9.24915798617957e-06, 'xi': 0.05399113180694906, 'q0': 0.5348646852525689, 'alpha': 0.8177192610685395, 'beta': 1.9504865720120417, 'rho': 0.35361961105123524, 'ants': 16}) and found best instance after 19.390625 seconds.
E1: {(93, 102), (90, 91), (226, 229), (171, 174), (162, 171), (175, 202), (29, 32), (162, 189), (112, 121), (149, 152), (189, 191), (120, 122), (200, 209), (122, 149), (209, 215), (90, 93), (25, 52), (209, 236), (191, 209), (64, 226), (134, 215), (121, 202), (175, 176), (109, 112), (174, 177), (14, 176), (211, 214), (0, 162), (121, 122), (90, 171), (202, 229), (214, 215), (189, 195), (174, 176), (29, 191), (52, 214)}
E2: {(226, 229), (162, 171), (99, 100), (162, 165), (162, 168), (127, 128), (171, 198), (152, 233), (198, 200), (168, 177), (165, 166), (103, 157), (47, 128), (228, 231), (81, 99), (168, 195), (22, 25), (118, 127), (209, 236), (64, 226), (118, 145), (100, 103), (182, 209), (231, 232), (109, 118), (81, 135), (128, 134), (100, 127), (91, 118), (229, 232), (0, 162), (145, 226), (81, 162), (47, 209), (22, 103), (45, 47), (232, 233)}
Obj: 31635

