Log for instance aco_tuning_out/inst06.txt.

Used ({'tau_0': 6.937615535889433e-06, 'xi': 0.07000322226687372, 'q0': 0.8259328344322499, 'alpha': 1.4144702071977722, 'beta': 1.897582215362626, 'rho': 0.08176475094706645, 'ants': 18}) and found best instance after 158.875 seconds.
E1: {(192, 200), (47, 175), (108, 109), (220, 222), (22, 23), (206, 238), (237, 253), (210, 211), (17, 21), (97, 105), (1, 3), (83, 91), (212, 220), (53, 181), (158, 222), (192, 193), (174, 175), (166, 174), (96, 97), (143, 175), (174, 190), (105, 109), (206, 222), (224, 240), (21, 85), (96, 98), (221, 253), (89, 91), (135, 143), (39, 47), (83, 87), (172, 174), (28, 29), (85, 87), (76, 78), (1, 17), (109, 237), (249, 253), (24, 28), (146, 210), (96, 224), (180, 181), (6, 22), (76, 108), (158, 190), (23, 87), (21, 29), (200, 232), (98, 114), (78, 206), (143, 207), (46, 174), (129, 193), (1, 129), (130, 146), (83, 211), (21, 53), (45, 47), (224, 232)}
E2: {(90, 91), (193, 195), (193, 201), (108, 109), (156, 158), (163, 179), (181, 245), (40, 44), (193, 225), (17, 21), (97, 105), (196, 197), (2, 66), (1, 3), (187, 191), (179, 187), (189, 191), (158, 222), (53, 181), (196, 212), (174, 175), (166, 174), (96, 97), (174, 190), (193, 197), (105, 109), (206, 222), (44, 108), (90, 218), (89, 91), (36, 44), (97, 101), (170, 174), (1, 5), (132, 196), (115, 119), (76, 78), (230, 231), (68, 76), (1, 17), (226, 230), (175, 191), (180, 181), (2, 34), (76, 108), (158, 190), (78, 206), (218, 222), (129, 193), (1, 129), (179, 243), (2, 3), (97, 225), (115, 243), (2, 18), (166, 230), (21, 53), (158, 159)}
Obj: 31611

