Log for instance aco_tuning_out/inst30.txt.

Used ({'tau_0': 7.271888129177242e-06, 'xi': 0.05984220487362216, 'q0': 0.5127813632941683, 'alpha': 0.28049908432308224, 'beta': 1.9767044196304102, 'rho': 0.05712818954691315, 'ants': 28}) and found best instance after 168.734375 seconds.
E1: {(162, 168), (39, 42), (118, 124), (31, 58), (64, 73), (199, 200), (114, 195), (33, 42), (55, 136), (84, 102), (217, 235), (66, 68), (235, 236), (55, 58), (146, 152), (145, 146), (90, 91), (162, 171), (31, 32), (208, 211), (190, 208), (190, 217), (39, 66), (136, 145), (168, 177), (7, 25), (168, 195), (120, 121), (128, 134), (90, 171), (1, 4), (4, 58), (3, 4), (14, 68), (127, 128), (121, 124), (199, 208), (33, 114), (118, 127), (0, 1), (31, 34), (55, 217), (118, 145), (109, 127), (33, 34), (4, 7), (55, 73), (3, 84)}
E2: {(72, 73), (171, 198), (131, 134), (204, 231), (118, 124), (64, 226), (177, 231), (54, 72), (174, 201), (199, 200), (198, 201), (118, 119), (147, 228), (45, 46), (79, 160), (164, 173), (25, 79), (201, 204), (72, 74), (119, 125), (171, 172), (165, 174), (124, 151), (118, 199), (65, 74), (39, 201), (54, 135), (0, 54), (11, 173), (125, 152), (39, 66), (136, 145), (191, 197), (164, 182), (195, 197), (164, 191), (74, 236), (91, 172), (171, 173), (165, 166), (127, 130), (118, 127), (172, 226), (11, 65), (118, 145), (66, 147), (151, 160), (109, 136), (73, 79), (130, 131), (46, 73), (157, 160)}
Obj: 40132

