Log for instance aco_tuning_out/inst18.txt.

Used ({'tau0': 4.4510989038433445e-06, 'xi': 0.08945606202546638, 'q0': 0.47345622448593194, 'alpha': 1.2900775735272525, 'beta': 0.7464788134566036, 'rho': 0.4234734074527042, 'ants': 18}) and found best instance after 12.5625 seconds.
E1: {(193, 201), (44, 45), (0, 2), (40, 44), (128, 160), (1, 3), (40, 56), (1, 9), (252, 253), (78, 110), (56, 58), (85, 213), (16, 80), (197, 213), (209, 213), (6, 14), (110, 126), (193, 197), (206, 222), (151, 159), (147, 151), (29, 31), (46, 47), (150, 214), (245, 253), (70, 78), (0, 1), (31, 95), (39, 47), (31, 159), (46, 62), (10, 14), (1, 5), (0, 16), (2, 10), (213, 215), (214, 222), (110, 238), (56, 57), (47, 63), (54, 62), (107, 111), (213, 245), (44, 46), (222, 223), (46, 110), (99, 107), (14, 78), (78, 206), (0, 128), (66, 70), (90, 122), (122, 126), (31, 63), (215, 223), (47, 111)}
E2: {(128, 136), (136, 137), (16, 20), (44, 45), (20, 148), (152, 154), (0, 2), (176, 240), (128, 160), (40, 44), (144, 208), (113, 117), (2, 66), (28, 30), (114, 118), (252, 253), (148, 150), (5, 37), (78, 110), (30, 94), (37, 45), (117, 245), (16, 80), (62, 126), (45, 61), (16, 144), (136, 200), (238, 254), (72, 200), (60, 61), (28, 60), (44, 172), (20, 28), (221, 253), (208, 210), (144, 152), (49, 113), (101, 117), (78, 94), (176, 184), (142, 158), (121, 123), (0, 16), (46, 62), (144, 176), (110, 238), (24, 28), (89, 121), (108, 110), (162, 163), (46, 110), (118, 126), (200, 232), (86, 94), (150, 158), (0, 128), (9, 137), (57, 61), (49, 57), (49, 51), (113, 121), (252, 254), (160, 162), (54, 62)}
Obj: 34546

