Log for instance aco_tuning_out/inst06.txt.

Used ({'tau_0': 9.701809206152345e-06, 'xi': 0.09407325991753526, 'q0': 0.3044948820351523, 'alpha': 1.8442079342859672, 'beta': 1.893720745386587, 'rho': 0.3120024078765271, 'ants': 29}) and found best instance after 27.265625 seconds.
E1: {(192, 194), (24, 152), (156, 158), (220, 222), (206, 238), (22, 23), (237, 253), (192, 224), (130, 194), (2, 130), (156, 188), (114, 118), (121, 249), (212, 220), (206, 207), (192, 193), (23, 55), (14, 46), (45, 61), (6, 14), (143, 175), (206, 222), (220, 221), (224, 240), (142, 143), (180, 188), (105, 121), (221, 253), (135, 143), (22, 86), (142, 158), (152, 156), (83, 87), (85, 87), (53, 55), (53, 61), (249, 253), (89, 121), (164, 166), (6, 22), (158, 190), (194, 210), (164, 172), (23, 87), (14, 142), (143, 207), (78, 206), (129, 193), (2, 3), (2, 6), (39, 55), (86, 118), (172, 188), (224, 232)}
E2: {(193, 195), (193, 201), (154, 158), (96, 104), (188, 190), (162, 226), (156, 158), (101, 103), (40, 44), (103, 231), (97, 105), (2, 66), (1, 3), (121, 249), (68, 69), (69, 101), (34, 162), (132, 148), (148, 156), (249, 251), (231, 239), (143, 175), (96, 97), (193, 197), (154, 218), (142, 143), (188, 189), (180, 188), (90, 218), (105, 121), (162, 170), (229, 245), (36, 44), (40, 104), (142, 158), (97, 101), (225, 229), (143, 159), (1, 5), (187, 251), (1, 17), (89, 121), (162, 166), (162, 163), (2, 34), (158, 190), (5, 69), (69, 197), (129, 193), (103, 119), (2, 3), (97, 225), (2, 18), (148, 212), (175, 239)}
Obj: 31642

