Log for instance aco_tuning_out/inst18.txt.

Used ({'tau_0': 4.822265207889503e-06, 'xi': 0.13540262306958187, 'q0': 0.6138627392147109, 'alpha': 1.667403283011879, 'beta': 1.0113699636281308, 'rho': 0.16684714562074338, 'ants': 26}) and found best instance after 46.234375 seconds.
E1: {(90, 91), (193, 201), (105, 107), (150, 151), (97, 105), (73, 105), (80, 208), (1, 3), (1, 9), (2, 66), (252, 253), (91, 95), (85, 213), (197, 213), (209, 213), (45, 61), (96, 97), (110, 126), (193, 197), (61, 63), (147, 151), (245, 253), (46, 47), (6, 38), (79, 111), (39, 47), (1, 5), (29, 61), (213, 215), (151, 215), (32, 96), (110, 238), (32, 160), (47, 63), (73, 201), (42, 46), (79, 95), (107, 111), (213, 245), (99, 107), (46, 110), (208, 209), (38, 39), (42, 58), (38, 54), (57, 61), (2, 3), (2, 6), (151, 159), (47, 111)}
E2: {(32, 40), (124, 126), (232, 248), (35, 51), (72, 88), (8, 9), (210, 211), (114, 115), (2, 66), (252, 253), (114, 118), (1, 3), (1, 9), (8, 24), (78, 110), (115, 123), (240, 248), (110, 126), (83, 115), (35, 163), (245, 253), (221, 253), (134, 142), (248, 252), (14, 30), (97, 101), (8, 72), (80, 88), (1, 5), (8, 136), (184, 248), (97, 113), (54, 118), (138, 154), (88, 89), (136, 138), (110, 238), (32, 160), (108, 110), (60, 124), (51, 115), (140, 172), (124, 252), (118, 126), (14, 78), (113, 115), (14, 142), (134, 150), (2, 3), (3, 35), (83, 211), (86, 118), (136, 140), (8, 40)}
Obj: 30285

