Log for instance aco_tuning_out/inst03.txt.

Used ({'tau_0': 5.726334506587264e-06, 'xi': 0.09378720394945064, 'q0': 0.4650245999867171, 'alpha': 1.6109205787989367, 'beta': 0.9785683305047798, 'rho': 0.3960780669283891, 'ants': 24}) and found best instance after 13.640625 seconds.
E1: {(192, 194), (47, 175), (24, 88), (132, 164), (211, 219), (113, 117), (210, 211), (114, 115), (57, 121), (187, 191), (4, 36), (121, 249), (68, 69), (69, 101), (114, 118), (53, 181), (128, 132), (143, 175), (137, 141), (194, 202), (202, 203), (220, 221), (147, 151), (164, 228), (221, 253), (208, 210), (135, 143), (4, 20), (69, 85), (39, 47), (65, 69), (115, 119), (149, 151), (54, 118), (208, 240), (200, 202), (249, 253), (88, 92), (128, 192), (175, 191), (203, 207), (147, 211), (149, 181), (85, 117), (141, 143), (4, 68), (194, 210), (200, 232), (4, 132), (113, 115), (143, 207), (9, 137), (113, 121), (92, 220), (195, 211), (200, 204)}
E2: {(192, 194), (136, 137), (128, 136), (192, 200), (200, 201), (132, 164), (177, 181), (200, 216), (107, 235), (154, 158), (156, 158), (43, 107), (13, 45), (164, 180), (156, 188), (34, 98), (4, 36), (244, 252), (158, 222), (160, 164), (36, 52), (192, 196), (128, 132), (59, 63), (10, 42), (1, 33), (4, 5), (14, 15), (9, 13), (0, 4), (10, 14), (34, 42), (198, 199), (1, 5), (244, 245), (1, 17), (42, 43), (128, 192), (226, 230), (180, 181), (59, 123), (164, 166), (107, 111), (188, 252), (99, 107), (158, 159), (194, 210), (164, 172), (4, 132), (43, 59), (40, 42), (98, 114), (150, 158), (9, 137), (48, 52), (196, 198), (197, 199), (166, 230), (13, 15), (172, 188)}
Obj: 34474

