Log for instance aco_tuning_out/inst27.txt.

Used ({'tau0': 1.4630188820263259e-06, 'xi': 0.0776783694791692, 'q0': 0.7839075030693623, 'alpha': 0.5603503117369445, 'beta': 0.5204984007438819, 'rho': 0.4796233950660777, 'ants': 12}) and found best instance after 9.59375 seconds.
E1: {(204, 220), (154, 158), (124, 126), (155, 187), (156, 158), (147, 155), (133, 141), (228, 244), (0, 2), (29, 157), (141, 157), (242, 246), (114, 115), (244, 246), (1, 3), (39, 47), (157, 159), (132, 133), (30, 158), (62, 126), (249, 251), (62, 190), (32, 36), (50, 54), (220, 221), (147, 151), (96, 98), (46, 47), (144, 152), (0, 1), (14, 30), (31, 159), (142, 158), (152, 156), (46, 62), (10, 14), (114, 242), (112, 114), (27, 155), (2, 10), (213, 215), (187, 251), (47, 111), (151, 215), (110, 238), (32, 96), (2, 34), (250, 251), (50, 114), (158, 190), (43, 47), (60, 124), (156, 220), (46, 110), (98, 114), (23, 151), (113, 115), (112, 116), (242, 250), (62, 63), (30, 31), (151, 159), (209, 213)}
E2: {(128, 136), (136, 137), (119, 127), (105, 107), (243, 251), (98, 226), (216, 218), (0, 2), (176, 240), (97, 105), (251, 255), (48, 176), (221, 223), (56, 58), (240, 242), (215, 223), (6, 14), (137, 141), (128, 144), (147, 151), (125, 127), (202, 218), (180, 182), (14, 15), (127, 255), (14, 30), (97, 101), (48, 56), (114, 242), (10, 14), (2, 10), (123, 251), (144, 176), (151, 215), (56, 57), (111, 127), (218, 250), (166, 182), (107, 111), (98, 114), (223, 255), (0, 128), (176, 180), (242, 250), (250, 251)}
Obj: 31229

