Log for instance aco_tuning_out/inst09.txt.

Used ({'tau_0': 1.4630188820263259e-06, 'xi': 0.0776783694791692, 'q0': 0.7839075030693623, 'alpha': 0.5603503117369445, 'beta': 0.5204984007438819, 'rho': 0.4796233950660777, 'ants': 12}) and found best instance after 4.65625 seconds.
E1: {(166, 175), (3, 4), (39, 201), (162, 171), (4, 58), (84, 87), (175, 202), (171, 177), (87, 89), (84, 102), (234, 236), (171, 198), (75, 78), (135, 153), (58, 220), (162, 216), (201, 202), (81, 84), (72, 75), (148, 229), (120, 201), (40, 43), (175, 176), (153, 234), (14, 176), (220, 223), (0, 162), (81, 162), (72, 153), (39, 40), (3, 84), (202, 229), (216, 234), (148, 157), (198, 201)}
E2: {(166, 175), (81, 82), (39, 201), (19, 46), (5, 59), (175, 202), (84, 87), (0, 54), (171, 177), (159, 160), (153, 159), (5, 86), (134, 161), (45, 46), (30, 33), (201, 202), (160, 161), (81, 84), (30, 39), (82, 83), (83, 164), (171, 173), (6, 87), (120, 201), (164, 173), (86, 89), (30, 32), (27, 33), (153, 234), (27, 54), (54, 72), (202, 211), (45, 72), (222, 223), (72, 153), (152, 161), (216, 222), (0, 6), (19, 25), (33, 195), (83, 86), (216, 234), (157, 160)}
Obj: 30440

