Log for instance aco_tuning_out/inst15.txt.

Used ({'tau_0': 5.27015365896669e-06, 'xi': 0.12993599333145528, 'q0': 0.31614692226037566, 'alpha': 1.9457803192705339, 'beta': 1.0826765605366773, 'rho': 0.462237565316319, 'ants': 26}) and found best instance after 8.578125 seconds.
E1: {(15, 24), (162, 171), (162, 168), (118, 119), (66, 228), (15, 42), (64, 145), (171, 198), (198, 200), (24, 78), (154, 157), (171, 173), (136, 145), (42, 44), (145, 154), (164, 173), (168, 195), (36, 198), (164, 182), (118, 145), (117, 119), (36, 42), (117, 198), (91, 118), (43, 44), (64, 67), (109, 136), (15, 177), (66, 67)}
E2: {(166, 184), (162, 171), (108, 109), (162, 168), (228, 229), (61, 70), (125, 134), (76, 238), (184, 211), (171, 198), (76, 79), (184, 238), (205, 206), (198, 200), (13, 14), (209, 212), (168, 177), (209, 215), (108, 111), (108, 117), (30, 57), (36, 198), (22, 25), (168, 195), (58, 76), (209, 236), (78, 79), (182, 188), (3, 30), (57, 59), (125, 206), (108, 135), (50, 212), (89, 170), (36, 45), (55, 58), (13, 22), (55, 61), (168, 170), (206, 215), (117, 198), (64, 70), (30, 111), (22, 76), (32, 50), (229, 238), (57, 58), (0, 3), (188, 215), (170, 188), (43, 205)}
Obj: 30752

