Log for instance aco_tuning_out/inst09.txt.

Used ({'tau0': 6.937615535889433e-06, 'xi': 0.07000322226687372, 'q0': 0.8259328344322499, 'alpha': 1.4144702071977722, 'beta': 1.897582215362626, 'rho': 0.08176475094706645, 'ants': 18}) and found best instance after 55.484375 seconds.
E1: {(166, 175), (93, 102), (4, 58), (3, 4), (175, 202), (84, 87), (93, 120), (87, 89), (84, 93), (176, 185), (236, 239), (75, 78), (58, 220), (185, 239), (81, 84), (40, 202), (58, 67), (58, 76), (40, 43), (175, 176), (40, 67), (81, 135), (76, 157), (14, 176), (220, 223), (0, 3), (3, 84), (75, 76), (175, 178), (177, 178)}
E2: {(166, 175), (115, 142), (4, 58), (3, 4), (58, 59), (175, 202), (88, 115), (159, 160), (40, 41), (142, 223), (45, 46), (195, 213), (201, 202), (160, 161), (213, 240), (40, 202), (49, 211), (133, 134), (120, 201), (58, 67), (25, 52), (58, 76), (49, 52), (52, 133), (88, 89), (49, 76), (40, 67), (76, 157), (32, 41), (46, 49), (0, 3), (152, 161), (159, 240), (133, 160), (175, 178), (177, 178), (115, 133)}
Obj: 26591

