Log for instance aco_tuning_out/inst30.txt.

Used ({'tau0': 7.814861621349648e-06, 'xi': 0.138307434456488, 'q0': 0.43841983460807055, 'alpha': 1.339632899369741, 'beta': 1.2581696145841696, 'rho': 0.4518495513690369, 'ants': 15}) and found best instance after 9.875 seconds.
E1: {(145, 146), (109, 190), (105, 186), (31, 32), (190, 193), (0, 2), (103, 106), (91, 92), (117, 120), (195, 213), (55, 56), (218, 236), (186, 213), (105, 106), (209, 212), (31, 193), (92, 173), (177, 186), (211, 212), (117, 144), (56, 137), (173, 176), (2, 56), (191, 200), (191, 209), (134, 215), (213, 215), (102, 103), (191, 218), (14, 176), (55, 64), (137, 146), (146, 152), (25, 106), (190, 191), (144, 145), (91, 145), (56, 218), (212, 215)}
E2: {(231, 240), (106, 133), (15, 24), (6, 15), (92, 119), (4, 58), (119, 200), (118, 119), (105, 186), (159, 160), (170, 188), (167, 170), (234, 236), (109, 110), (91, 92), (195, 213), (186, 213), (105, 106), (177, 186), (133, 134), (228, 231), (58, 67), (182, 188), (135, 137), (45, 207), (186, 188), (166, 167), (4, 166), (24, 25), (110, 119), (117, 198), (137, 146), (64, 67), (146, 152), (119, 146), (234, 240), (24, 186), (0, 6), (159, 240), (207, 234), (117, 118), (157, 160), (198, 207), (105, 159)}
Obj: 34725

