Log for instance aco_tuning_out/inst30.txt.

Used ({'tau0': 3.1489754854725666e-06, 'xi': 0.09233871711137026, 'q0': 0.6750093896651443, 'alpha': 1.4767667958454729, 'beta': 1.3965639583348552, 'rho': 0.22070860434618855, 'ants': 29}) and found best instance after 22.515625 seconds.
E1: {(39, 201), (162, 171), (162, 168), (171, 177), (64, 145), (207, 209), (144, 147), (171, 198), (198, 200), (39, 66), (83, 164), (30, 39), (171, 173), (136, 145), (209, 215), (211, 212), (99, 102), (120, 201), (164, 173), (173, 176), (168, 195), (209, 236), (20, 101), (134, 215), (19, 20), (198, 201), (30, 32), (66, 147), (14, 176), (99, 101), (109, 136), (147, 150), (0, 162), (150, 152), (144, 145), (91, 145), (19, 25), (212, 215), (83, 101), (198, 207)}
E2: {(166, 175), (162, 171), (119, 200), (20, 23), (118, 119), (175, 202), (162, 168), (20, 26), (23, 77), (18, 99), (171, 177), (236, 239), (121, 130), (64, 65), (77, 239), (130, 157), (81, 99), (168, 195), (118, 121), (68, 230), (20, 101), (68, 71), (68, 77), (121, 202), (109, 118), (81, 135), (128, 134), (119, 128), (99, 101), (91, 118), (0, 162), (228, 230), (71, 152), (81, 162), (18, 45), (65, 71), (101, 128), (20, 182), (25, 26)}
Obj: 33416

