Log for instance aco_tuning_out/inst12.txt.

Used ({'tau_0': 9.24915798617957e-06, 'xi': 0.05399113180694906, 'q0': 0.5348646852525689, 'alpha': 0.8177192610685395, 'beta': 1.9504865720120417, 'rho': 0.35361961105123524, 'ants': 16}) and found best instance after 15.1875 seconds.
E1: {(93, 102), (90, 91), (106, 133), (33, 42), (4, 58), (3, 4), (84, 87), (93, 120), (87, 89), (31, 32), (181, 184), (184, 211), (84, 93), (30, 33), (105, 106), (22, 184), (28, 109), (30, 48), (90, 93), (133, 134), (31, 58), (45, 48), (4, 166), (42, 43), (181, 182), (4, 22), (0, 3), (3, 84), (87, 105), (28, 31), (33, 195), (30, 31)}
E2: {(81, 82), (226, 232), (84, 87), (194, 203), (87, 89), (82, 163), (199, 205), (203, 230), (43, 70), (236, 239), (34, 43), (185, 239), (34, 52), (223, 232), (81, 84), (136, 145), (200, 203), (202, 203), (163, 166), (51, 52), (103, 157), (133, 134), (177, 204), (25, 52), (52, 133), (64, 226), (118, 145), (32, 194), (45, 51), (102, 103), (59, 221), (109, 118), (202, 205), (205, 232), (202, 211), (71, 152), (70, 71), (135, 136), (103, 104), (51, 78), (204, 205), (118, 199), (104, 185), (230, 239), (82, 136), (221, 239), (70, 232)}
Obj: 32415

