Log for instance aco_tuning_out/inst12.txt.

Used ({'tau0': 6.7016855702575265e-06, 'xi': 0.11061032973207813, 'q0': 0.8522979141088549, 'alpha': 0.9933756089527778, 'beta': 1.0108153997499625, 'rho': 0.20257431029412304, 'ants': 17}) and found best instance after 26.0625 seconds.
E1: {(166, 175), (33, 42), (99, 100), (175, 202), (118, 119), (29, 32), (29, 38), (38, 44), (83, 164), (82, 83), (42, 44), (99, 102), (42, 123), (164, 182), (134, 215), (38, 119), (205, 214), (27, 33), (91, 100), (109, 118), (27, 45), (42, 43), (91, 118), (211, 214), (202, 205), (82, 100), (83, 89), (33, 195), (214, 215), (43, 205), (0, 27), (120, 123)}
E2: {(226, 232), (3, 4), (4, 58), (5, 59), (166, 193), (21, 22), (179, 233), (199, 205), (84, 102), (75, 78), (135, 153), (152, 233), (223, 232), (72, 75), (83, 164), (209, 215), (4, 5), (164, 173), (84, 86), (22, 25), (173, 179), (58, 76), (209, 236), (64, 226), (134, 215), (205, 214), (109, 118), (76, 157), (177, 179), (21, 75), (202, 205), (205, 232), (193, 202), (211, 214), (45, 72), (72, 153), (199, 200), (4, 22), (3, 84), (5, 32), (83, 89), (118, 199), (83, 86), (214, 215), (43, 205), (232, 233)}
Obj: 31682

