Log for instance aco_tuning_out/inst09.txt.

Used ({'tau0': 1.909159906569024e-06, 'xi': 0.11956886836355252, 'q0': 0.3752425237189395, 'alpha': 1.7473087080286895, 'beta': 0.3768151318487377, 'rho': 0.3399270042677068, 'ants': 31}) and found best instance after 12.0625 seconds.
E1: {(3, 4), (4, 58), (162, 168), (141, 142), (135, 141), (84, 102), (142, 223), (236, 242), (34, 43), (13, 14), (240, 242), (81, 84), (168, 177), (141, 150), (58, 76), (141, 159), (31, 34), (31, 58), (89, 170), (4, 166), (81, 135), (76, 157), (168, 170), (123, 150), (78, 240), (0, 162), (81, 162), (4, 13), (3, 84), (159, 240), (120, 123)}
E2: {(4, 58), (3, 4), (39, 201), (45, 126), (58, 59), (96, 177), (87, 89), (76, 238), (142, 223), (76, 79), (151, 152), (30, 39), (79, 160), (53, 80), (6, 87), (120, 201), (3, 6), (30, 57), (108, 114), (58, 76), (108, 126), (30, 32), (4, 166), (25, 79), (79, 80), (76, 157), (151, 160), (53, 134), (142, 151), (57, 58), (87, 96), (211, 238), (0, 6), (87, 114), (114, 195)}
Obj: 27760

