Log for instance aco_tuning_out/inst12.txt.

Used ({'tau0': 6.895901444357542e-06, 'xi': 0.11930677293557751, 'q0': 0.7766820476791325, 'alpha': 1.762448247826621, 'beta': 0.8740652131662537, 'rho': 0.21713520092331218, 'ants': 13}) and found best instance after 7.671875 seconds.
E1: {(166, 175), (81, 82), (162, 171), (175, 202), (118, 119), (125, 134), (208, 211), (190, 199), (29, 38), (29, 32), (171, 198), (190, 208), (201, 202), (83, 164), (171, 173), (82, 83), (99, 102), (120, 201), (164, 173), (81, 99), (36, 198), (173, 182), (38, 119), (198, 199), (36, 45), (192, 195), (119, 125), (82, 91), (192, 201), (202, 205), (0, 162), (82, 109), (83, 89), (118, 199), (43, 205), (198, 201)}
E2: {(163, 164), (81, 82), (33, 42), (128, 209), (6, 33), (208, 211), (190, 199), (64, 145), (208, 214), (144, 147), (135, 144), (190, 208), (72, 78), (152, 233), (223, 232), (6, 8), (83, 164), (154, 157), (82, 83), (177, 186), (81, 87), (42, 44), (209, 215), (163, 166), (6, 87), (35, 44), (154, 160), (164, 173), (79, 160), (81, 99), (145, 154), (168, 186), (99, 102), (163, 190), (118, 127), (209, 236), (66, 68), (173, 200), (205, 214), (127, 154), (25, 79), (66, 147), (109, 127), (128, 134), (32, 35), (205, 232), (59, 68), (45, 72), (72, 153), (144, 145), (153, 154), (6, 168), (118, 199), (8, 89), (214, 215), (43, 205), (232, 233)}
Obj: 34801

