Log for instance aco_tuning_out/inst15.txt.

Used ({'tau_0': 3.5413625395276035e-06, 'xi': 0.13677021617214064, 'q0': 0.40454797157881806, 'alpha': 1.9054287973649844, 'beta': 1.2761266989533575, 'rho': 0.43117638553854254, 'ants': 24}) and found best instance after 9.125 seconds.
E1: {(201, 203), (39, 201), (37, 64), (64, 145), (66, 69), (36, 37), (39, 66), (200, 203), (83, 164), (82, 83), (154, 157), (145, 154), (164, 182), (36, 39), (192, 195), (174, 177), (192, 201), (82, 91), (174, 201), (201, 228), (60, 69), (82, 109), (60, 78), (91, 145), (37, 43)}
E2: {(81, 82), (39, 201), (99, 100), (171, 177), (162, 180), (207, 209), (190, 199), (50, 131), (210, 211), (49, 50), (171, 198), (180, 207), (75, 78), (66, 75), (131, 134), (14, 95), (189, 198), (34, 43), (199, 226), (39, 66), (83, 164), (171, 173), (82, 83), (72, 75), (200, 209), (164, 173), (86, 89), (173, 182), (31, 34), (86, 95), (66, 68), (64, 226), (45, 207), (31, 49), (50, 212), (189, 190), (100, 106), (4, 166), (72, 74), (81, 135), (0, 162), (59, 68), (74, 236), (25, 106), (32, 50), (201, 228), (207, 210), (99, 180), (82, 109), (210, 212), (4, 31), (83, 86), (189, 195), (198, 201), (198, 207)}
Obj: 30455

