Log for instance aco_tuning_out/inst09.txt.

Used ({'tau_0': 1.6439317200303233e-06, 'xi': 0.07746694961935612, 'q0': 0.6106338054732293, 'alpha': 1.8489351800014946, 'beta': 0.9702307798494468, 'rho': 0.2665529796010956, 'ants': 30}) and found best instance after 14.0 seconds.
E1: {(166, 175), (43, 205), (13, 94), (120, 147), (84, 102), (135, 153), (13, 14), (0, 81), (174, 175), (223, 232), (81, 84), (72, 78), (147, 148), (86, 89), (86, 95), (94, 148), (174, 177), (72, 74), (81, 135), (81, 83), (94, 175), (205, 232), (74, 236), (72, 153), (178, 232), (83, 86), (175, 178), (148, 157), (94, 95)}
E2: {(58, 59), (166, 184), (162, 171), (0, 27), (162, 168), (50, 131), (49, 50), (133, 214), (171, 198), (89, 98), (130, 133), (131, 134), (98, 152), (97, 178), (223, 232), (22, 184), (120, 201), (22, 25), (36, 198), (168, 195), (58, 76), (97, 98), (22, 49), (205, 214), (27, 36), (36, 45), (130, 211), (49, 76), (174, 177), (76, 157), (205, 232), (32, 50), (174, 201), (178, 232), (130, 131), (198, 201), (177, 178)}
Obj: 27834

