Log for instance aco_tuning_out/inst18.txt.

Used ({'tau_0': 1.944733890460195e-06, 'xi': 0.10406489729971813, 'q0': 0.5015133780289627, 'alpha': 0.48372224880231074, 'beta': 1.7691019222478264, 'rho': 0.4010581607160818, 'ants': 21}) and found best instance after 199.828125 seconds.
E1: {(32, 34), (82, 90), (58, 62), (150, 151), (5, 13), (2, 66), (252, 253), (85, 213), (62, 126), (45, 61), (197, 213), (110, 126), (13, 29), (61, 63), (147, 151), (245, 253), (80, 82), (31, 95), (31, 159), (39, 47), (9, 13), (46, 62), (29, 61), (213, 215), (47, 111), (151, 215), (110, 238), (137, 201), (32, 160), (47, 63), (2, 34), (54, 62), (107, 111), (213, 245), (99, 107), (57, 61), (90, 122), (9, 137), (122, 126), (2, 3), (2, 6), (66, 82), (62, 63), (31, 63), (151, 159), (209, 213)}
E2: {(168, 172), (24, 88), (160, 168), (154, 158), (168, 184), (12, 13), (60, 62), (163, 179), (72, 88), (5, 13), (112, 240), (82, 114), (252, 253), (100, 101), (172, 236), (30, 158), (62, 126), (168, 232), (50, 51), (110, 126), (82, 86), (12, 76), (245, 253), (221, 253), (80, 82), (112, 114), (142, 158), (9, 13), (40, 168), (80, 88), (236, 238), (76, 78), (88, 89), (110, 238), (108, 110), (82, 210), (50, 114), (76, 108), (51, 179), (30, 62), (112, 113), (150, 158), (122, 126), (114, 122), (122, 123), (66, 82), (100, 108), (236, 252), (54, 62)}
Obj: 27253

