Log for instance aco_tuning_out/inst24.txt.

Used ({'tau_0': 7.199516623553175e-06, 'xi': 0.11757684122784635, 'q0': 0.8950304976400971, 'alpha': 1.7862372914817117, 'beta': 1.3396042945590478, 'rho': 0.08070539620138223, 'ants': 25}) and found best instance after 73.453125 seconds.
E1: {(154, 155), (41, 43), (90, 94), (171, 235), (15, 143), (146, 154), (58, 62), (155, 187), (43, 171), (0, 2), (128, 160), (40, 41), (244, 246), (92, 94), (252, 253), (187, 191), (2, 130), (122, 250), (179, 187), (244, 252), (198, 206), (62, 126), (71, 199), (62, 190), (41, 45), (12, 76), (41, 57), (221, 253), (144, 146), (78, 94), (143, 159), (198, 199), (76, 78), (230, 231), (106, 122), (199, 231), (240, 244), (230, 246), (139, 143), (2, 34), (76, 108), (141, 143), (139, 155), (190, 191), (171, 187), (78, 206), (90, 122), (0, 128), (122, 126), (179, 243), (130, 146)}
E2: {(55, 63), (90, 91), (155, 187), (147, 155), (180, 244), (60, 62), (237, 253), (228, 244), (244, 246), (1, 3), (187, 191), (221, 223), (253, 255), (53, 181), (120, 122), (85, 213), (62, 126), (215, 223), (166, 230), (221, 253), (176, 178), (191, 255), (165, 181), (89, 91), (10, 11), (1, 5), (2, 10), (27, 155), (106, 122), (213, 215), (230, 231), (53, 55), (63, 191), (199, 231), (144, 176), (55, 183), (226, 230), (175, 191), (180, 181), (2, 34), (230, 246), (3, 11), (222, 223), (176, 180), (90, 122), (122, 126), (195, 199), (114, 122), (62, 63), (11, 27)}
Obj: 28695

