Log for instance aco_tuning_out/inst03.txt.

Used ({'tau0': 5.498217034018323e-06, 'xi': 0.07476910638285614, 'q0': 0.4717218972346363, 'alpha': 1.947841791710605, 'beta': 1.831830451033867, 'rho': 0.12093333427234658, 'ants': 15}) and found best instance after 43.65625 seconds.
E1: {(76, 92), (47, 175), (219, 223), (155, 187), (211, 219), (133, 141), (104, 108), (210, 211), (112, 240), (49, 53), (100, 101), (65, 73), (221, 223), (206, 207), (76, 204), (36, 52), (143, 175), (202, 206), (52, 54), (135, 143), (49, 113), (133, 149), (104, 232), (39, 47), (204, 206), (207, 223), (155, 219), (115, 119), (20, 52), (9, 25), (36, 100), (100, 228), (24, 25), (147, 211), (76, 108), (141, 143), (52, 53), (113, 115), (143, 207), (25, 57), (112, 113), (9, 73), (49, 57), (100, 108), (195, 211), (68, 76)}
E2: {(177, 181), (55, 63), (193, 201), (132, 164), (107, 235), (146, 154), (43, 107), (13, 45), (5, 13), (150, 151), (164, 180), (0, 2), (181, 245), (210, 214), (82, 114), (53, 181), (160, 164), (192, 193), (128, 132), (193, 197), (10, 42), (1, 33), (198, 230), (150, 214), (208, 210), (208, 216), (9, 13), (0, 16), (1, 5), (2, 10), (1, 17), (36, 164), (214, 222), (53, 55), (198, 214), (128, 192), (42, 43), (226, 230), (146, 210), (2, 34), (164, 166), (82, 210), (107, 111), (180, 181), (99, 107), (164, 172), (40, 42), (107, 123), (16, 48), (0, 128), (166, 230), (13, 15), (151, 159), (16, 17)}
Obj: 31137

