Log for instance aco_tuning_out/inst03.txt.

Used ({'tau_0': 4.5971794894411765e-06, 'xi': 0.07935886436067696, 'q0': 0.6133148179425765, 'alpha': 0.959591163017489, 'beta': 1.7442602148622774, 'rho': 0.32248764047634604, 'ants': 29}) and found best instance after 32.03125 seconds.
E1: {(192, 194), (204, 220), (155, 187), (101, 103), (211, 219), (147, 155), (192, 224), (39, 103), (210, 211), (17, 21), (187, 191), (4, 36), (206, 207), (224, 228), (202, 206), (65, 97), (224, 240), (194, 202), (220, 221), (147, 151), (92, 220), (20, 22), (4, 20), (97, 101), (17, 81), (204, 206), (149, 151), (9, 25), (65, 81), (24, 25), (175, 191), (81, 83), (147, 211), (20, 21), (4, 68), (194, 210), (25, 57), (81, 113), (103, 119), (135, 151), (17, 25), (83, 211), (21, 53), (195, 211), (22, 54), (224, 232)}
E2: {(47, 175), (177, 181), (32, 34), (32, 40), (193, 201), (154, 158), (98, 226), (107, 235), (43, 107), (5, 13), (181, 245), (216, 218), (210, 211), (17, 21), (34, 98), (198, 206), (53, 181), (158, 222), (192, 193), (174, 175), (166, 174), (32, 33), (0, 32), (128, 132), (193, 197), (32, 36), (206, 222), (32, 48), (15, 47), (5, 21), (9, 13), (17, 81), (172, 174), (128, 192), (32, 160), (47, 63), (98, 99), (81, 83), (180, 181), (107, 111), (99, 107), (158, 159), (98, 114), (107, 123), (150, 158), (218, 222), (0, 128), (210, 218), (45, 47), (83, 211), (21, 53), (13, 15), (47, 111)}
Obj: 29625

