Log for instance aco_tuning_out/inst06.txt.

Used ({'tau_0': 1.8744203829802787e-06, 'xi': 0.06974601013646063, 'q0': 0.6646227429685135, 'alpha': 0.837812461347453, 'beta': 0.9110718814664547, 'rho': 0.3627109167529502, 'ants': 14}) and found best instance after 16.296875 seconds.
E1: {(185, 249), (47, 175), (192, 200), (243, 251), (180, 244), (206, 238), (237, 253), (87, 95), (39, 167), (114, 115), (252, 253), (156, 188), (2, 130), (221, 223), (91, 95), (53, 181), (174, 175), (14, 46), (249, 251), (6, 14), (174, 190), (82, 83), (83, 115), (206, 222), (202, 206), (212, 244), (105, 109), (180, 188), (221, 253), (89, 91), (95, 223), (39, 47), (207, 223), (10, 14), (172, 174), (129, 145), (2, 10), (85, 87), (166, 167), (45, 109), (174, 238), (135, 167), (200, 202), (249, 253), (24, 28), (240, 244), (153, 185), (82, 210), (180, 181), (145, 153), (188, 252), (23, 87), (46, 174), (200, 232), (78, 206), (2, 3), (115, 243), (45, 47), (28, 156), (172, 188)}
E2: {(90, 91), (193, 195), (193, 201), (132, 164), (98, 226), (40, 44), (193, 225), (196, 197), (252, 253), (187, 191), (156, 188), (1, 3), (91, 95), (189, 191), (249, 251), (197, 213), (96, 97), (193, 197), (180, 188), (245, 247), (245, 253), (89, 91), (170, 171), (31, 95), (31, 159), (97, 101), (212, 213), (1, 5), (187, 251), (132, 196), (68, 196), (1, 17), (36, 164), (249, 253), (119, 247), (175, 191), (163, 171), (66, 98), (2, 34), (231, 247), (188, 252), (213, 245), (164, 166), (190, 191), (171, 187), (129, 193), (1, 129), (2, 3), (97, 225), (2, 18), (36, 44), (159, 191), (96, 98)}
Obj: 33078

