Log for instance aco_tuning_out/inst15.txt.

Used ({'tau0': 3.870488509745335e-06, 'xi': 0.14375219093339509, 'q0': 0.31937330810318404, 'alpha': 1.2524356087799853, 'beta': 0.8404615317597104, 'rho': 0.2941319030093275, 'ants': 31}) and found best instance after 38.484375 seconds.
E1: {(171, 177), (64, 145), (195, 204), (154, 157), (171, 173), (171, 225), (204, 231), (145, 154), (173, 182), (225, 226), (173, 200), (118, 145), (109, 118), (69, 231), (42, 43), (91, 118), (145, 226), (69, 78), (225, 228), (225, 231), (42, 204)}
E2: {(72, 73), (154, 155), (162, 168), (87, 89), (73, 154), (64, 145), (87, 168), (134, 161), (13, 14), (162, 216), (162, 164), (72, 78), (168, 177), (40, 202), (145, 154), (168, 195), (118, 121), (191, 200), (54, 216), (57, 59), (164, 182), (40, 43), (135, 216), (118, 145), (164, 191), (121, 202), (155, 161), (54, 57), (109, 118), (25, 79), (54, 72), (0, 162), (73, 79), (13, 40), (202, 211), (45, 72), (32, 59), (225, 228), (216, 225), (166, 169), (168, 169), (155, 236)}
Obj: 25641

