Log for instance aco_tuning_out/inst18.txt.

Used ({'tau_0': 3.5413625395276035e-06, 'xi': 0.13677021617214064, 'q0': 0.40454797157881806, 'alpha': 1.9054287973649844, 'beta': 1.2761266989533575, 'rho': 0.43117638553854254, 'ants': 24}) and found best instance after 15.4375 seconds.
E1: {(201, 203), (128, 136), (136, 137), (90, 94), (99, 103), (219, 223), (4, 6), (4, 12), (150, 151), (128, 160), (252, 253), (114, 118), (66, 194), (1, 3), (78, 110), (56, 58), (102, 110), (110, 111), (85, 213), (197, 213), (110, 126), (202, 203), (194, 202), (61, 63), (60, 61), (12, 76), (151, 159), (28, 60), (46, 47), (159, 223), (147, 151), (221, 253), (245, 253), (0, 1), (112, 114), (78, 94), (95, 223), (0, 4), (39, 47), (1, 5), (28, 29), (76, 78), (102, 103), (54, 118), (213, 215), (213, 221), (80, 112), (110, 238), (56, 60), (47, 63), (46, 110), (203, 219), (118, 126), (0, 128), (9, 137), (57, 61), (45, 47), (94, 95), (215, 223), (209, 213)}
E2: {(64, 66), (128, 136), (136, 137), (64, 72), (24, 152), (136, 152), (108, 109), (51, 59), (152, 154), (101, 109), (40, 44), (128, 160), (44, 60), (112, 240), (252, 253), (66, 194), (244, 252), (136, 200), (152, 184), (110, 126), (52, 54), (64, 80), (12, 76), (20, 22), (12, 140), (221, 253), (52, 60), (22, 86), (0, 1), (112, 114), (22, 150), (121, 123), (1, 5), (244, 245), (20, 52), (76, 78), (140, 142), (80, 112), (110, 238), (240, 244), (89, 121), (108, 110), (162, 163), (59, 123), (140, 172), (76, 108), (194, 210), (200, 232), (22, 30), (0, 64), (112, 113), (0, 128), (9, 137), (113, 121), (12, 44), (160, 162), (136, 140)}
Obj: 33025

