Log for instance aco_tuning_out/inst27.txt.

Used ({'tau_0': 8.037069826251222e-06, 'xi': 0.09645020294268639, 'q0': 0.6378636958577493, 'alpha': 1.5874523603304216, 'beta': 1.117749324798499, 'rho': 0.3122873583242921, 'ants': 22}) and found best instance after 12.890625 seconds.
E1: {(154, 155), (93, 221), (105, 107), (155, 187), (4, 6), (43, 107), (29, 93), (39, 103), (87, 95), (97, 105), (114, 118), (4, 36), (27, 31), (78, 110), (102, 110), (14, 46), (110, 111), (249, 251), (6, 14), (62, 190), (116, 118), (124, 125), (29, 31), (93, 125), (31, 95), (49, 113), (14, 30), (103, 111), (49, 177), (46, 62), (10, 14), (236, 238), (2, 10), (27, 155), (213, 215), (213, 221), (187, 251), (54, 118), (97, 113), (144, 176), (110, 238), (2, 34), (60, 124), (107, 111), (98, 102), (204, 236), (46, 110), (228, 236), (23, 87), (4, 132), (98, 114), (78, 206), (176, 177), (142, 206), (2, 3), (62, 63), (30, 31), (250, 251), (209, 213)}
E2: {(119, 127), (99, 103), (243, 251), (98, 226), (101, 103), (12, 13), (216, 218), (0, 2), (87, 95), (112, 240), (48, 112), (251, 255), (123, 127), (56, 58), (87, 119), (249, 251), (6, 14), (166, 230), (83, 115), (96, 112), (125, 127), (128, 144), (202, 218), (221, 253), (96, 98), (14, 15), (31, 95), (14, 30), (103, 111), (48, 56), (10, 14), (115, 119), (2, 10), (249, 253), (13, 141), (56, 57), (226, 230), (147, 211), (218, 250), (98, 99), (12, 14), (0, 128), (103, 119), (115, 243), (83, 211), (30, 31), (250, 251)}
Obj: 30710

