Log for instance aco_tuning_out/inst24.txt.

Used ({'tau_0': 8.524438848395618e-06, 'xi': 0.08260719400248602, 'q0': 0.6770641636613806, 'alpha': 0.6089210219484695, 'beta': 0.5746980829231113, 'rho': 0.06462761009956378, 'ants': 17}) and found best instance after 257.28125 seconds.
E1: {(76, 92), (15, 79), (42, 106), (15, 143), (243, 251), (44, 45), (0, 2), (40, 44), (176, 240), (40, 56), (186, 250), (252, 253), (2, 130), (122, 250), (56, 58), (249, 251), (160, 176), (44, 108), (12, 76), (221, 253), (176, 178), (78, 79), (143, 159), (34, 42), (76, 78), (106, 122), (235, 251), (144, 176), (56, 57), (249, 253), (71, 79), (42, 43), (139, 143), (2, 34), (76, 108), (141, 143), (42, 58), (154, 186), (90, 122), (186, 190), (178, 186), (250, 251)}
E2: {(90, 94), (98, 226), (165, 167), (237, 253), (178, 179), (121, 249), (34, 98), (179, 187), (253, 255), (147, 179), (5, 37), (120, 122), (85, 213), (94, 222), (61, 63), (60, 61), (221, 253), (176, 178), (167, 175), (179, 183), (2, 10), (106, 122), (213, 221), (230, 231), (166, 167), (199, 231), (144, 176), (53, 61), (249, 253), (120, 121), (37, 165), (89, 121), (226, 230), (37, 53), (2, 34), (228, 230), (98, 114), (90, 122), (176, 180), (167, 183), (195, 199), (114, 122), (166, 230)}
Obj: 24959

