Log for instance aco_tuning_out/inst18.txt.

Used ({'tau0': 7.814861621349648e-06, 'xi': 0.138307434456488, 'q0': 0.43841983460807055, 'alpha': 1.339632899369741, 'beta': 1.2581696145841696, 'rho': 0.4518495513690369, 'ants': 15}) and found best instance after 10.796875 seconds.
E1: {(136, 137), (128, 136), (193, 201), (26, 30), (3, 7), (5, 7), (150, 151), (86, 87), (128, 160), (87, 95), (252, 253), (85, 213), (110, 111), (197, 213), (45, 61), (193, 197), (26, 90), (61, 63), (147, 151), (245, 253), (22, 86), (46, 62), (83, 87), (29, 61), (213, 215), (85, 87), (54, 118), (6, 7), (151, 215), (110, 238), (137, 201), (81, 83), (54, 62), (213, 245), (6, 22), (107, 111), (99, 107), (46, 110), (118, 126), (22, 30), (7, 39), (80, 81), (66, 70), (26, 58), (70, 86), (9, 137), (57, 61), (62, 63), (22, 54), (151, 159), (209, 213)}
E2: {(56, 184), (32, 40), (24, 152), (108, 109), (4, 12), (152, 154), (101, 109), (40, 44), (104, 108), (108, 124), (112, 240), (161, 163), (114, 115), (210, 214), (252, 253), (40, 56), (28, 30), (114, 118), (115, 123), (78, 110), (160, 161), (110, 126), (44, 108), (4, 5), (44, 172), (28, 60), (245, 253), (221, 253), (150, 214), (86, 214), (112, 114), (104, 232), (9, 25), (54, 118), (80, 112), (56, 57), (24, 28), (110, 238), (32, 160), (56, 60), (108, 110), (66, 98), (51, 115), (124, 252), (118, 126), (142, 206), (98, 114), (78, 206), (25, 57), (112, 113), (72, 104), (89, 93), (12, 44), (93, 221), (86, 118)}
Obj: 31948

