Log for instance aco_tuning_out/inst18.txt.

Used ({'tau0': 7.271888129177242e-06, 'xi': 0.05984220487362216, 'q0': 0.5127813632941683, 'alpha': 0.28049908432308224, 'beta': 1.9767044196304102, 'rho': 0.05712818954691315, 'ants': 28}) and found best instance after 285.734375 seconds.
E1: {(28, 30), (114, 118), (156, 188), (82, 86), (147, 151), (31, 95), (57, 59), (31, 159), (29, 61), (32, 96), (32, 160), (213, 245), (66, 82), (151, 159), (209, 213), (1, 3), (62, 126), (59, 63), (193, 209), (1, 5), (213, 215), (47, 63), (188, 252), (98, 114), (7, 39), (9, 137), (30, 31), (96, 98), (54, 62), (3, 7), (86, 87), (87, 95), (45, 61), (9, 41), (193, 197), (80, 82), (28, 29), (110, 238), (137, 201), (46, 110), (26, 58), (62, 63), (58, 59), (193, 201), (150, 151), (82, 114), (85, 213), (41, 45), (26, 90), (39, 47), (46, 62), (54, 118), (6, 7), (98, 99), (107, 111), (99, 107), (28, 156)}
E2: {(96, 104), (156, 188), (114, 118), (82, 86), (31, 95), (112, 114), (24, 28), (32, 96), (32, 160), (213, 245), (66, 82), (136, 137), (108, 109), (156, 158), (60, 62), (115, 123), (158, 222), (62, 126), (1, 5), (184, 188), (76, 108), (188, 252), (98, 114), (112, 113), (9, 137), (30, 31), (172, 188), (96, 98), (8, 40), (154, 158), (163, 179), (86, 87), (87, 95), (1, 9), (8, 24), (91, 95), (221, 253), (80, 82), (104, 232), (8, 72), (8, 136), (76, 78), (213, 221), (110, 238), (82, 210), (51, 115), (46, 110), (150, 158), (78, 206), (115, 243), (206, 238), (101, 109), (104, 108), (112, 240), (252, 253), (30, 158), (206, 222), (89, 91), (142, 158), (46, 62), (54, 118), (113, 115), (179, 243), (28, 156)}
Obj: 32439

