Log for instance aco_tuning_out/inst21.txt.

Used ({'tau0': 1.774794369235601e-06, 'xi': 0.05178086251934671, 'q0': 0.765199417754037, 'alpha': 1.7110920267750438, 'beta': 1.3090193389783644, 'rho': 0.2964096563219366, 'ants': 12}) and found best instance after 4.78125 seconds.
E1: {(166, 175), (81, 82), (179, 206), (226, 229), (39, 201), (175, 202), (66, 228), (18, 99), (29, 32), (179, 233), (171, 198), (135, 153), (152, 233), (39, 66), (200, 206), (83, 164), (171, 173), (82, 83), (72, 75), (180, 182), (173, 176), (164, 173), (81, 99), (173, 179), (36, 198), (64, 226), (36, 39), (175, 176), (27, 36), (174, 177), (224, 233), (21, 75), (18, 21), (14, 176), (72, 153), (174, 201), (99, 180), (18, 45), (202, 229), (27, 29), (223, 224)}
E2: {(67, 68), (175, 202), (29, 32), (176, 185), (171, 198), (96, 97), (72, 75), (136, 142), (64, 226), (31, 58), (27, 36), (123, 150), (21, 75), (18, 21), (59, 68), (150, 152), (83, 89), (27, 29), (33, 42), (55, 136), (23, 77), (190, 199), (236, 239), (185, 239), (164, 173), (58, 67), (36, 198), (58, 76), (66, 68), (19, 20), (175, 176), (55, 58), (145, 226), (118, 199), (33, 195), (175, 178), (226, 229), (39, 201), (20, 23), (208, 211), (1, 55), (190, 208), (135, 153), (142, 223), (198, 200), (39, 66), (83, 164), (136, 145), (120, 201), (75, 77), (91, 97), (96, 123), (18, 45), (97, 178), (171, 173), (72, 78), (42, 44), (118, 127), (173, 182), (0, 1), (31, 34), (118, 145), (198, 199), (109, 127), (76, 157), (33, 34), (43, 44), (72, 153), (202, 229), (19, 25), (76, 77)}
Obj: 37810

