Log for instance aco_tuning_out/inst09.txt.

Used ({'tau0': 6.1953877645287985e-06, 'xi': 0.12592428493863295, 'q0': 0.5371346552036473, 'alpha': 0.6164150020009103, 'beta': 1.0047990339648631, 'rho': 0.10018538445968772, 'ants': 21}) and found best instance after 248.328125 seconds.
E1: {(39, 201), (162, 171), (162, 168), (153, 156), (171, 198), (75, 78), (66, 75), (135, 153), (102, 156), (39, 66), (168, 177), (156, 157), (120, 201), (166, 169), (153, 155), (12, 39), (196, 205), (89, 170), (75, 156), (168, 170), (169, 196), (0, 162), (12, 14), (169, 223), (43, 205), (198, 201), (168, 169), (155, 236)}
E2: {(120, 129), (5, 59), (184, 211), (25, 187), (168, 177), (30, 48), (3, 6), (89, 143), (168, 195), (169, 187), (48, 129), (187, 241), (0, 6), (143, 161), (166, 184), (160, 241), (134, 161), (160, 161), (3, 30), (30, 32), (45, 48), (3, 5), (169, 223), (152, 161), (6, 168), (157, 160), (168, 169), (184, 187)}
Obj: 25209

