Log for instance aco_tuning_out/inst21.txt.

Used ({'tau_0': 9.24915798617957e-06, 'xi': 0.05399113180694906, 'q0': 0.5348646852525689, 'alpha': 0.8177192610685395, 'beta': 1.9504865720120417, 'rho': 0.35361961105123524, 'ants': 16}) and found best instance after 13.03125 seconds.
E1: {(198, 225), (162, 171), (39, 201), (171, 177), (171, 180), (217, 220), (171, 198), (9, 11), (11, 14), (166, 220), (198, 200), (162, 216), (98, 152), (30, 39), (180, 182), (36, 198), (216, 217), (55, 217), (135, 216), (30, 32), (36, 45), (11, 92), (55, 64), (220, 223), (9, 171), (225, 228), (92, 98), (198, 201)}
E2: {(43, 205), (190, 193), (190, 199), (120, 147), (199, 205), (66, 75), (205, 206), (152, 233), (195, 213), (186, 213), (223, 232), (200, 206), (72, 75), (136, 145), (209, 215), (0, 18), (72, 78), (7, 25), (21, 24), (182, 188), (209, 236), (66, 68), (186, 188), (50, 212), (118, 145), (213, 215), (109, 118), (24, 25), (66, 147), (88, 89), (76, 157), (206, 215), (21, 75), (18, 21), (91, 118), (64, 67), (205, 232), (59, 68), (206, 233), (7, 88), (45, 72), (193, 211), (32, 50), (135, 136), (24, 186), (75, 76), (66, 67), (118, 199), (212, 215)}
Obj: 30984

