Log for instance aco_tuning_out/inst06.txt.

Used ({'tau0': 2.0274933728523487e-06, 'xi': 0.13405703789383258, 'q0': 0.526091823657158, 'alpha': 1.6793374858698646, 'beta': 0.6970800710605479, 'rho': 0.13613590490376215, 'ants': 11}) and found best instance after 12.046875 seconds.
E1: {(192, 194), (177, 181), (185, 249), (232, 236), (108, 109), (6, 134), (237, 253), (176, 240), (39, 103), (87, 95), (210, 214), (130, 194), (1, 3), (212, 214), (172, 236), (91, 95), (53, 181), (102, 110), (174, 175), (166, 174), (174, 190), (25, 89), (105, 109), (25, 153), (108, 236), (221, 253), (78, 79), (89, 91), (83, 87), (172, 174), (129, 145), (85, 87), (45, 109), (102, 103), (134, 166), (24, 25), (109, 237), (214, 222), (249, 253), (110, 238), (177, 185), (153, 185), (108, 110), (145, 153), (79, 95), (98, 102), (134, 135), (46, 110), (194, 210), (23, 87), (98, 114), (176, 177), (176, 180), (130, 134), (1, 129), (79, 207)}
E2: {(90, 91), (193, 195), (193, 201), (132, 164), (162, 226), (188, 190), (18, 26), (229, 231), (197, 229), (0, 2), (193, 225), (0, 8), (2, 66), (156, 188), (187, 191), (132, 133), (166, 174), (174, 175), (197, 213), (96, 97), (174, 190), (193, 197), (26, 90), (162, 170), (180, 188), (188, 189), (89, 91), (101, 117), (129, 133), (97, 101), (0, 4), (212, 213), (17, 145), (129, 145), (117, 119), (36, 164), (162, 166), (175, 191), (162, 163), (2, 34), (164, 166), (213, 245), (4, 68), (4, 132), (5, 133), (129, 193), (2, 3), (97, 225), (2, 18), (159, 191), (8, 40)}
Obj: 32160

