Log for instance aco_tuning_out/inst03.txt.

Used ({'tau0': 4.822265207889503e-06, 'xi': 0.13540262306958187, 'q0': 0.6138627392147109, 'alpha': 1.667403283011879, 'beta': 1.0113699636281308, 'rho': 0.16684714562074338, 'ants': 26}) and found best instance after 25.546875 seconds.
E1: {(183, 191), (196, 228), (101, 103), (211, 219), (151, 183), (39, 103), (210, 211), (135, 199), (65, 67), (49, 53), (187, 191), (4, 36), (198, 206), (54, 55), (205, 221), (224, 228), (9, 41), (202, 206), (224, 240), (147, 151), (41, 57), (67, 195), (20, 28), (4, 20), (199, 207), (49, 113), (204, 206), (198, 199), (149, 151), (68, 196), (53, 55), (55, 183), (24, 28), (175, 191), (147, 211), (4, 68), (103, 119), (195, 199), (49, 57), (135, 151), (196, 198), (204, 205), (28, 92), (39, 55), (224, 232)}
E2: {(201, 203), (177, 181), (32, 34), (32, 40), (132, 164), (154, 158), (98, 226), (44, 45), (107, 235), (43, 107), (5, 13), (181, 245), (216, 218), (40, 44), (196, 197), (34, 98), (148, 150), (158, 222), (132, 148), (160, 164), (192, 196), (0, 32), (32, 36), (1, 33), (148, 180), (32, 48), (0, 1), (203, 235), (9, 13), (46, 62), (1, 5), (132, 196), (1, 17), (32, 160), (180, 181), (98, 99), (164, 166), (107, 111), (44, 46), (99, 107), (158, 159), (164, 172), (98, 114), (150, 158), (107, 123), (218, 222), (210, 218), (196, 198), (62, 63), (13, 15)}
Obj: 29488

