Log for instance aco_tuning_out/inst03.txt.

Used ({'tau_0': 4.4510989038433445e-06, 'xi': 0.08945606202546638, 'q0': 0.47345622448593194, 'alpha': 1.2900775735272525, 'beta': 0.7464788134566036, 'rho': 0.4234734074527042, 'ants': 18}) and found best instance after 11.25 seconds.
E1: {(76, 92), (128, 136), (136, 137), (47, 175), (24, 88), (145, 149), (90, 94), (101, 103), (211, 219), (180, 244), (52, 180), (228, 244), (176, 240), (210, 211), (49, 53), (57, 121), (92, 94), (187, 191), (221, 223), (68, 69), (69, 101), (53, 181), (76, 204), (36, 52), (143, 175), (88, 90), (224, 240), (194, 202), (52, 54), (128, 144), (147, 151), (135, 143), (49, 113), (39, 47), (103, 111), (207, 223), (65, 69), (20, 52), (144, 176), (240, 244), (145, 147), (180, 181), (147, 211), (175, 191), (194, 210), (144, 145), (143, 207), (9, 137), (103, 119), (113, 121), (135, 151), (195, 211), (68, 76), (224, 232), (47, 111)}
E2: {(210, 242), (128, 136), (136, 137), (193, 201), (132, 164), (177, 181), (98, 226), (107, 235), (41, 43), (156, 158), (154, 158), (164, 180), (0, 2), (216, 218), (40, 41), (17, 21), (196, 197), (34, 98), (157, 159), (53, 181), (158, 222), (160, 164), (45, 61), (128, 132), (6, 14), (192, 196), (193, 197), (9, 41), (156, 157), (33, 41), (61, 63), (181, 183), (245, 247), (14, 15), (48, 50), (114, 242), (1, 5), (132, 196), (29, 61), (1, 17), (36, 164), (183, 247), (63, 191), (98, 99), (2, 34), (50, 114), (164, 166), (107, 111), (180, 181), (99, 107), (164, 172), (21, 29), (98, 114), (218, 222), (0, 128), (9, 137), (134, 150), (132, 134), (114, 122), (122, 123), (196, 198), (2, 6), (21, 53), (159, 191)}
Obj: 35945

