Log for instance aco_tuning_out/inst24.txt.

Used ({'tau0': 8.524494344253886e-06, 'xi': 0.09819260408139344, 'q0': 0.8088391626043536, 'alpha': 1.5978494389623978, 'beta': 0.3615392099783453, 'rho': 0.32122496368584613, 'ants': 32}) and found best instance after 21.015625 seconds.
E1: {(76, 92), (15, 79), (42, 106), (154, 158), (32, 40), (188, 190), (243, 251), (171, 235), (156, 158), (12, 13), (13, 45), (43, 171), (0, 2), (176, 240), (8, 12), (242, 243), (252, 253), (156, 188), (2, 130), (122, 250), (158, 222), (240, 242), (0, 32), (41, 45), (206, 222), (142, 143), (12, 76), (41, 57), (221, 253), (78, 79), (142, 158), (143, 159), (76, 78), (106, 122), (235, 251), (144, 176), (13, 141), (71, 79), (32, 160), (139, 143), (2, 34), (188, 252), (76, 108), (42, 58), (40, 42), (78, 206), (90, 122), (242, 250), (8, 40)}
E2: {(55, 63), (81, 85), (156, 158), (165, 167), (237, 253), (167, 231), (252, 253), (156, 188), (187, 191), (189, 191), (158, 222), (253, 255), (120, 122), (188, 189), (221, 253), (157, 189), (176, 178), (133, 149), (167, 175), (2, 10), (106, 122), (149, 157), (166, 167), (230, 231), (53, 55), (63, 191), (199, 231), (120, 124), (55, 183), (144, 176), (226, 230), (175, 191), (81, 83), (50, 114), (2, 34), (228, 230), (188, 252), (60, 124), (50, 178), (124, 252), (147, 211), (81, 89), (5, 133), (176, 180), (90, 122), (195, 199), (114, 122), (83, 211), (195, 211), (34, 50)}
Obj: 28526

