Log for instance aco_tuning_out/inst06.txt.

Used ({'tau_0': 7.271888129177242e-06, 'xi': 0.05984220487362216, 'q0': 0.5127813632941683, 'alpha': 0.28049908432308224, 'beta': 1.9767044196304102, 'rho': 0.05712818954691315, 'ants': 28}) and found best instance after 290.5 seconds.
E1: {(210, 214), (2, 130), (166, 174), (240, 242), (25, 89), (212, 244), (240, 244), (134, 135), (0, 128), (89, 93), (232, 233), (180, 244), (0, 2), (210, 211), (212, 214), (206, 207), (240, 241), (214, 222), (24, 25), (249, 253), (241, 249), (37, 53), (128, 192), (2, 6), (188, 190), (78, 110), (37, 39), (174, 175), (14, 46), (180, 188), (221, 253), (212, 213), (114, 242), (172, 174), (134, 166), (110, 238), (105, 233), (46, 110), (78, 206), (2, 3), (237, 253), (233, 249), (37, 45), (85, 213), (128, 129), (6, 14), (174, 190), (206, 222), (21, 85), (21, 23), (83, 211), (21, 53), (93, 221)}
E2: {(156, 188), (166, 174), (96, 97), (212, 244), (188, 189), (101, 117), (170, 171), (117, 119), (1, 17), (32, 96), (68, 70), (97, 225), (66, 82), (82, 90), (98, 226), (180, 244), (70, 198), (1, 3), (97, 101), (1, 5), (129, 145), (132, 196), (18, 82), (66, 98), (66, 70), (129, 193), (159, 191), (96, 98), (90, 91), (193, 195), (32, 34), (188, 190), (187, 191), (196, 212), (174, 175), (193, 197), (32, 36), (180, 188), (244, 245), (199, 231), (195, 199), (196, 198), (193, 201), (32, 40), (174, 190), (89, 91), (170, 174), (17, 145), (198, 199), (163, 171), (171, 187)}
Obj: 30745

