Log for instance aco_tuning_out/inst03.txt.

Used ({'tau0': 7.103605161777611e-06, 'xi': 0.13387993202949272, 'q0': 0.5522845785971021, 'alpha': 0.8010267528590788, 'beta': 1.1979962907017299, 'rho': 0.33102581714472007, 'ants': 26}) and found best instance after 205.84375 seconds.
E1: {(76, 92), (211, 219), (68, 100), (12, 13), (210, 211), (135, 199), (39, 167), (100, 101), (187, 191), (53, 181), (205, 221), (224, 228), (76, 204), (83, 115), (224, 240), (52, 54), (12, 76), (20, 28), (199, 207), (167, 175), (9, 13), (115, 119), (20, 52), (36, 100), (100, 228), (53, 61), (200, 202), (135, 167), (24, 28), (65, 81), (81, 83), (147, 211), (175, 191), (149, 181), (52, 53), (200, 232), (113, 115), (57, 61), (195, 199), (205, 207), (204, 205), (28, 92), (83, 211), (195, 211), (224, 232), (200, 204)}
E2: {(192, 194), (177, 181), (32, 34), (32, 40), (132, 164), (193, 201), (107, 235), (98, 226), (43, 107), (181, 245), (164, 180), (216, 218), (9, 11), (1, 9), (34, 98), (53, 181), (160, 164), (192, 193), (45, 61), (32, 33), (193, 197), (1, 33), (32, 36), (154, 218), (61, 63), (32, 48), (0, 1), (194, 226), (1, 5), (134, 166), (1, 17), (53, 61), (63, 191), (32, 160), (180, 181), (98, 99), (194, 198), (107, 111), (99, 107), (194, 210), (164, 172), (98, 114), (107, 123), (218, 222), (134, 150), (210, 218), (132, 134), (11, 15), (159, 191)}
Obj: 29259

