Log for instance aco_tuning_out/inst15.txt.

Used ({'tau_0': 8.990632486830376e-06, 'xi': 0.09595706500151588, 'q0': 0.4417965567940394, 'alpha': 1.6457162341639056, 'beta': 1.8792939670585154, 'rho': 0.14228615039412212, 'ants': 30}) and found best instance after 48.765625 seconds.
E1: {(231, 240), (10, 64), (172, 178), (195, 204), (10, 91), (148, 229), (204, 231), (228, 231), (177, 204), (173, 182), (173, 200), (78, 240), (82, 91), (229, 232), (205, 232), (10, 172), (178, 232), (82, 109), (172, 173), (204, 205), (43, 205), (148, 157)}
E2: {(43, 205), (81, 82), (231, 240), (3, 4), (5, 59), (234, 236), (72, 234), (195, 204), (63, 64), (81, 84), (200, 209), (209, 215), (211, 212), (4, 5), (204, 231), (228, 231), (177, 204), (209, 236), (134, 215), (50, 212), (182, 209), (4, 166), (88, 89), (81, 135), (63, 72), (78, 240), (82, 88), (45, 72), (23, 26), (14, 23), (0, 3), (82, 109), (5, 23), (234, 240), (3, 84), (5, 32), (204, 205), (212, 215), (23, 50), (25, 26)}
Obj: 25179

