Log for instance aco_tuning_out/inst09.txt.

Used ({'tau0': 9.119507042405133e-06, 'xi': 0.08312134642286392, 'q0': 0.652583610347572, 'alpha': 1.9538629702340153, 'beta': 0.5827075905861862, 'rho': 0.2829709186785237, 'ants': 20}) and found best instance after 8.578125 seconds.
E1: {(43, 205), (154, 155), (0, 27), (78, 80), (23, 77), (167, 176), (83, 137), (117, 123), (97, 178), (223, 232), (96, 97), (154, 157), (77, 80), (36, 198), (86, 89), (135, 137), (155, 236), (175, 176), (166, 167), (27, 36), (178, 205), (117, 198), (14, 176), (137, 146), (146, 155), (205, 232), (21, 23), (14, 23), (96, 123), (21, 102), (86, 167), (83, 86), (175, 178), (177, 178), (120, 123)}
E2: {(4, 58), (3, 4), (58, 59), (212, 215), (175, 202), (20, 23), (29, 32), (179, 233), (170, 224), (185, 212), (176, 185), (178, 179), (16, 178), (66, 75), (20, 47), (223, 224), (67, 229), (189, 191), (45, 46), (152, 233), (97, 178), (96, 97), (189, 195), (16, 25), (156, 157), (58, 67), (46, 47), (191, 197), (134, 215), (175, 176), (89, 170), (4, 166), (75, 156), (224, 233), (23, 185), (202, 211), (197, 224), (96, 123), (0, 3), (202, 229), (66, 67), (175, 178), (29, 191), (177, 178), (120, 123)}
Obj: 31471

