Log for instance aco_tuning_out/inst21.txt.

Used ({'tau_0': 4.020220899909005e-06, 'xi': 0.13174644598316573, 'q0': 0.6110235189733683, 'alpha': 1.6598844502421457, 'beta': 1.4439786122174993, 'rho': 0.18623233223962188, 'ants': 32}) and found best instance after 49.53125 seconds.
E1: {(166, 175), (145, 146), (226, 232), (226, 229), (31, 32), (180, 207), (175, 229), (198, 200), (223, 232), (180, 182), (135, 137), (45, 207), (64, 226), (175, 176), (4, 166), (174, 177), (14, 176), (137, 146), (146, 152), (145, 226), (174, 201), (4, 31), (174, 228), (174, 176), (198, 201), (198, 207)}
E2: {(145, 146), (4, 58), (3, 4), (92, 119), (58, 59), (119, 200), (21, 22), (6, 33), (87, 89), (139, 157), (217, 223), (92, 146), (75, 78), (201, 202), (136, 139), (136, 145), (72, 75), (4, 5), (40, 202), (6, 87), (180, 182), (120, 201), (3, 6), (58, 67), (22, 25), (40, 43), (18, 180), (40, 67), (72, 74), (21, 75), (64, 67), (18, 21), (109, 136), (146, 152), (202, 211), (74, 236), (45, 72), (136, 217), (135, 136), (58, 139), (4, 22), (0, 3), (91, 145), (5, 32), (33, 195)}
Obj: 29008

