Log for instance aco_tuning_out/inst12.txt.

Used ({'tau_0': 5.726334506587264e-06, 'xi': 0.09378720394945064, 'q0': 0.4650245999867171, 'alpha': 1.6109205787989367, 'beta': 0.9785683305047798, 'rho': 0.3960780669283891, 'ants': 24}) and found best instance after 10.578125 seconds.
E1: {(43, 205), (162, 165), (162, 171), (29, 35), (29, 32), (116, 134), (199, 205), (176, 185), (39, 42), (84, 102), (171, 198), (195, 204), (205, 206), (35, 197), (165, 166), (182, 185), (36, 198), (84, 165), (116, 197), (198, 199), (39, 120), (205, 214), (175, 176), (89, 170), (197, 206), (36, 42), (36, 45), (109, 118), (91, 118), (211, 214), (205, 232), (0, 162), (178, 232), (204, 205), (118, 199), (175, 178), (170, 197)}
E2: {(43, 205), (48, 210), (109, 190), (55, 136), (56, 74), (105, 186), (139, 157), (159, 160), (64, 145), (208, 211), (39, 48), (190, 208), (55, 56), (186, 213), (200, 206), (223, 232), (136, 139), (136, 145), (30, 39), (213, 240), (177, 186), (79, 160), (207, 208), (86, 89), (150, 159), (45, 207), (134, 215), (204, 206), (85, 139), (102, 105), (213, 215), (30, 32), (25, 79), (206, 215), (78, 240), (85, 166), (205, 232), (74, 236), (150, 152), (135, 136), (207, 213), (207, 210), (159, 240), (85, 86), (204, 205), (157, 160), (56, 59)}
Obj: 34599

