Log for instance aco_tuning_out/inst24.txt.

Used ({'tau0': 3.0612586277534457e-06, 'xi': 0.1329622135219483, 'q0': 0.7756772068120196, 'alpha': 1.8931956829423289, 'beta': 1.9972080014998133, 'rho': 0.18753105830604566, 'ants': 22}) and found best instance after 16.875 seconds.
E1: {(42, 106), (32, 40), (99, 103), (243, 251), (146, 154), (12, 13), (13, 45), (0, 2), (176, 240), (40, 41), (242, 243), (252, 253), (2, 130), (174, 175), (240, 242), (249, 251), (143, 175), (174, 190), (10, 42), (220, 221), (154, 218), (98, 106), (12, 76), (90, 218), (41, 57), (221, 253), (14, 15), (143, 159), (114, 242), (10, 14), (2, 10), (235, 251), (144, 176), (249, 253), (13, 141), (42, 43), (32, 160), (139, 143), (2, 34), (98, 99), (12, 14), (76, 108), (141, 143), (71, 103), (42, 58), (40, 42), (98, 114), (242, 250), (130, 146), (92, 220)}
E2: {(55, 63), (90, 91), (98, 226), (155, 187), (147, 155), (237, 253), (0, 2), (252, 253), (187, 191), (178, 182), (34, 98), (53, 181), (120, 122), (85, 213), (62, 126), (180, 182), (98, 106), (180, 188), (221, 253), (176, 178), (191, 255), (165, 181), (89, 91), (0, 1), (1, 5), (2, 10), (106, 122), (213, 215), (53, 55), (63, 191), (144, 176), (199, 231), (55, 183), (175, 191), (180, 181), (166, 182), (2, 34), (188, 252), (222, 223), (60, 188), (228, 236), (98, 114), (223, 255), (90, 122), (122, 126), (195, 199), (199, 215), (62, 63), (236, 252), (215, 223)}
Obj: 29217

