Log for instance aco_tuning_out/inst27.txt.

Used ({'tau0': 5.342828546400694e-06, 'xi': 0.10757152839420789, 'q0': 0.48310874806332305, 'alpha': 0.7345220815729948, 'beta': 0.5000932542690112, 'rho': 0.1091478953450425, 'ants': 30}) and found best instance after 278.703125 seconds.
E1: {(55, 63), (154, 158), (132, 164), (155, 187), (52, 116), (206, 238), (155, 159), (28, 30), (221, 223), (54, 55), (30, 158), (23, 55), (249, 251), (36, 52), (128, 132), (52, 54), (128, 144), (28, 60), (164, 228), (159, 223), (52, 60), (142, 158), (39, 47), (113, 241), (204, 206), (10, 14), (28, 29), (27, 155), (2, 10), (187, 251), (36, 164), (241, 249), (47, 63), (2, 34), (250, 251), (158, 190), (43, 47), (142, 206), (14, 142), (209, 241), (2, 3), (158, 159), (215, 223), (47, 111)}
E2: {(119, 127), (15, 143), (58, 59), (243, 251), (216, 218), (176, 240), (123, 127), (251, 255), (221, 223), (48, 176), (240, 242), (6, 14), (125, 127), (151, 159), (147, 151), (202, 218), (159, 223), (14, 15), (101, 117), (127, 255), (57, 59), (14, 30), (143, 159), (10, 14), (117, 125), (144, 176), (226, 230), (111, 127), (218, 250), (59, 123), (226, 242), (141, 143), (223, 255), (242, 250), (166, 230), (250, 251)}
Obj: 24066

