Log for instance aco_tuning_out/inst06.txt.

Used ({'tau0': 2.760703391532889e-06, 'xi': 0.11284095755067615, 'q0': 0.39431429333058177, 'alpha': 1.2851296972235255, 'beta': 1.3966465894197229, 'rho': 0.20591685095973755, 'ants': 13}) and found best instance after 21.578125 seconds.
E1: {(128, 130), (47, 175), (7, 23), (3, 7), (220, 222), (210, 211), (233, 237), (82, 114), (1, 3), (233, 249), (238, 239), (212, 220), (207, 239), (174, 175), (128, 129), (7, 135), (6, 14), (174, 190), (82, 83), (25, 89), (220, 221), (180, 182), (192, 208), (21, 85), (92, 220), (208, 210), (39, 47), (172, 174), (6, 7), (208, 240), (24, 25), (24, 28), (105, 233), (128, 192), (166, 182), (237, 239), (21, 23), (182, 190), (46, 174), (14, 78), (208, 212), (7, 39), (1, 129), (28, 92), (45, 47), (83, 211), (21, 53), (232, 233), (175, 239)}
E2: {(90, 91), (193, 195), (193, 201), (32, 34), (32, 40), (42, 170), (101, 103), (197, 229), (103, 231), (193, 225), (196, 197), (2, 66), (1, 3), (187, 191), (157, 159), (91, 95), (196, 212), (193, 197), (32, 36), (156, 157), (163, 227), (180, 182), (157, 189), (229, 245), (89, 91), (31, 95), (31, 159), (1, 5), (34, 42), (132, 196), (230, 231), (68, 196), (1, 17), (32, 96), (226, 230), (166, 182), (175, 191), (2, 34), (101, 229), (182, 190), (190, 191), (129, 193), (103, 119), (1, 129), (2, 3), (227, 231), (2, 18), (166, 230), (159, 191)}
Obj: 29588

