Log for instance aco_tuning_out/inst30.txt.

Used ({'tau_0': 5.998921288673613e-06, 'xi': 0.12799050366072715, 'q0': 0.730921478054052, 'alpha': 1.5055228070199218, 'beta': 0.3739261379740735, 'rho': 0.1599798192967875, 'ants': 28}) and found best instance after 26.78125 seconds.
E1: {(145, 146), (33, 42), (119, 200), (147, 149), (118, 119), (20, 23), (15, 42), (64, 145), (120, 147), (0, 2), (2, 20), (19, 100), (211, 212), (42, 123), (118, 145), (100, 103), (19, 20), (50, 212), (155, 236), (102, 103), (109, 118), (91, 100), (128, 134), (146, 149), (91, 118), (146, 155), (146, 152), (32, 50), (128, 155), (14, 23), (15, 177), (19, 25), (33, 195), (23, 50), (120, 123)}
E2: {(175, 184), (166, 175), (162, 171), (119, 200), (162, 168), (175, 202), (171, 177), (118, 119), (171, 180), (64, 145), (171, 198), (198, 200), (151, 152), (201, 202), (22, 184), (145, 151), (180, 182), (22, 25), (36, 198), (168, 195), (118, 145), (36, 45), (109, 118), (110, 119), (81, 135), (151, 160), (128, 134), (91, 118), (0, 162), (182, 236), (110, 128), (81, 162), (201, 228), (157, 160), (198, 201)}
Obj: 31570

