Log for instance aco_tuning_out/inst21.txt.

Used ({'tau_0': 8.524438848395618e-06, 'xi': 0.08260719400248602, 'q0': 0.6770641636613806, 'alpha': 0.6089210219484695, 'beta': 0.5746980829231113, 'rho': 0.06462761009956378, 'ants': 17}) and found best instance after 178.984375 seconds.
E1: {(201, 203), (67, 68), (39, 201), (171, 174), (14, 68), (171, 180), (135, 138), (166, 220), (58, 220), (200, 203), (30, 39), (30, 48), (180, 182), (30, 57), (58, 67), (68, 71), (30, 32), (45, 48), (57, 138), (174, 177), (64, 67), (220, 223), (71, 152), (174, 201), (57, 58), (174, 228)}
E2: {(81, 82), (67, 68), (34, 196), (184, 211), (75, 78), (66, 75), (34, 43), (0, 81), (39, 66), (28, 109), (30, 39), (72, 75), (82, 83), (22, 184), (83, 164), (164, 173), (67, 76), (22, 25), (31, 34), (66, 68), (164, 182), (173, 200), (68, 71), (30, 32), (39, 120), (81, 135), (76, 157), (196, 223), (64, 67), (82, 91), (59, 68), (182, 236), (71, 152), (45, 72), (22, 76), (82, 109), (83, 89), (195, 196), (28, 34), (30, 31)}
Obj: 27671

