Log for instance aco_tuning_out/inst06.txt.

Used ({'tau_0': 5.420704371762057e-06, 'xi': 0.09688583805471983, 'q0': 0.31023948946680013, 'alpha': 0.7611440380801126, 'beta': 1.2418611307887504, 'rho': 0.4656758616586811, 'ants': 22}) and found best instance after 44.375 seconds.
E1: {(128, 130), (24, 88), (7, 23), (132, 164), (3, 7), (180, 244), (206, 238), (164, 180), (237, 253), (233, 237), (82, 114), (1, 3), (121, 249), (206, 207), (53, 181), (128, 129), (174, 175), (128, 132), (7, 135), (174, 190), (82, 83), (206, 222), (212, 244), (173, 237), (221, 253), (83, 87), (172, 174), (85, 87), (6, 7), (174, 238), (45, 173), (240, 244), (249, 253), (88, 89), (128, 192), (105, 233), (89, 121), (180, 181), (82, 210), (164, 166), (173, 175), (164, 172), (23, 87), (46, 174), (78, 206), (7, 39), (1, 129), (232, 233)}
E2: {(64, 66), (193, 195), (193, 201), (132, 164), (188, 190), (101, 103), (164, 180), (40, 44), (64, 96), (193, 225), (103, 231), (225, 227), (89, 217), (2, 66), (1, 3), (187, 191), (156, 188), (189, 191), (128, 129), (197, 213), (128, 132), (64, 68), (193, 197), (201, 217), (180, 188), (188, 189), (170, 171), (212, 213), (1, 5), (66, 74), (1, 17), (36, 164), (74, 90), (226, 227), (175, 191), (163, 171), (2, 34), (164, 166), (213, 245), (171, 187), (129, 193), (103, 119), (1, 129), (2, 3), (227, 231), (2, 18), (36, 44), (159, 191)}
Obj: 28491

