Log for instance aco_tuning_out/inst27.txt.

Used ({'tau_0': 1.7311092028219667e-06, 'xi': 0.08252852050291277, 'q0': 0.30102382451999166, 'alpha': 1.4307200972470873, 'beta': 1.366990204180299, 'rho': 0.3910589486840866, 'ants': 12}) and found best instance after 5.96875 seconds.
E1: {(26, 30), (99, 103), (132, 164), (18, 26), (220, 222), (43, 107), (99, 115), (206, 238), (22, 23), (43, 171), (39, 103), (44, 60), (144, 208), (27, 31), (132, 148), (249, 251), (100, 116), (206, 222), (220, 221), (18, 22), (26, 154), (29, 31), (78, 79), (79, 111), (31, 95), (38, 46), (142, 158), (204, 206), (34, 42), (187, 251), (36, 100), (100, 228), (36, 164), (42, 43), (42, 46), (250, 251), (79, 95), (107, 111), (158, 190), (222, 223), (99, 107), (44, 46), (208, 209), (142, 206), (171, 187), (78, 206), (113, 115), (144, 148), (38, 54), (2, 3), (2, 18), (36, 38), (30, 31), (31, 63), (215, 223)}
E2: {(93, 221), (243, 251), (91, 123), (50, 58), (133, 141), (216, 218), (192, 224), (242, 243), (251, 255), (115, 123), (91, 95), (69, 101), (132, 133), (93, 95), (6, 14), (128, 132), (146, 150), (202, 206), (146, 147), (206, 222), (224, 240), (128, 144), (198, 230), (202, 218), (93, 125), (150, 214), (78, 79), (14, 15), (49, 113), (31, 95), (48, 50), (69, 85), (10, 14), (115, 119), (123, 251), (214, 222), (85, 93), (198, 214), (226, 230), (128, 192), (75, 107), (79, 95), (15, 31), (107, 111), (113, 115), (48, 49), (78, 206), (49, 57), (242, 250), (75, 79), (166, 230), (30, 31), (224, 226)}
Obj: 32186

