Log for instance aco_tuning_out/inst18.txt.

Used ({'tau0': 8.93751488559124e-06, 'xi': 0.07498280708831719, 'q0': 0.7003533283222684, 'alpha': 1.84655149702223, 'beta': 0.36999618301213544, 'rho': 0.353807119950786, 'ants': 24}) and found best instance after 14.765625 seconds.
E1: {(90, 91), (128, 136), (136, 137), (193, 201), (132, 164), (86, 87), (150, 151), (70, 198), (228, 244), (128, 160), (206, 238), (87, 95), (1, 3), (148, 150), (91, 95), (198, 206), (244, 252), (132, 148), (128, 129), (62, 126), (14, 46), (6, 14), (128, 132), (209, 213), (193, 197), (10, 42), (85, 213), (147, 151), (164, 228), (193, 209), (84, 86), (46, 47), (29, 31), (31, 95), (39, 47), (31, 159), (46, 62), (10, 14), (1, 5), (244, 245), (132, 196), (213, 215), (54, 118), (56, 57), (107, 111), (99, 107), (118, 126), (42, 58), (80, 84), (66, 70), (129, 193), (9, 137), (1, 129), (196, 198), (45, 47), (62, 63), (86, 118), (56, 58), (151, 159), (47, 111)}
E2: {(128, 136), (136, 137), (232, 236), (132, 164), (72, 76), (188, 190), (146, 154), (108, 109), (32, 40), (163, 179), (86, 87), (206, 238), (228, 244), (210, 211), (112, 240), (87, 95), (114, 115), (178, 179), (146, 178), (28, 30), (114, 118), (97, 105), (148, 150), (252, 253), (142, 174), (198, 206), (132, 148), (160, 164), (0, 32), (174, 190), (83, 115), (105, 109), (25, 89), (25, 153), (164, 228), (221, 253), (70, 78), (49, 113), (31, 95), (112, 114), (97, 101), (0, 1), (1, 5), (172, 174), (244, 245), (132, 196), (76, 78), (9, 25), (54, 118), (80, 112), (174, 238), (184, 185), (24, 28), (32, 160), (153, 185), (76, 108), (188, 252), (51, 179), (60, 188), (228, 236), (113, 115), (78, 206), (66, 70), (0, 128), (49, 51), (122, 126), (70, 86), (196, 198), (114, 122), (122, 123), (9, 137), (83, 211), (30, 31), (86, 118)}
Obj: 37088

