Log for instance aco_tuning_out/inst21.txt.

Used ({'tau_0': 5.432541354150304e-06, 'xi': 0.1098768506848867, 'q0': 0.588663995987506, 'alpha': 1.0903417143977059, 'beta': 1.0292353817624138, 'rho': 0.37868431591672963, 'ants': 31}) and found best instance after 35.1875 seconds.
E1: {(166, 175), (226, 232), (3, 4), (31, 32), (49, 50), (152, 233), (45, 46), (223, 232), (81, 84), (209, 212), (200, 209), (176, 230), (232, 233), (64, 226), (31, 49), (50, 212), (182, 209), (175, 176), (4, 166), (81, 135), (14, 176), (228, 230), (46, 49), (178, 232), (3, 84), (4, 31), (175, 178), (177, 178)}
E2: {(226, 232), (101, 155), (88, 97), (100, 101), (27, 28), (198, 200), (74, 155), (97, 178), (223, 232), (33, 35), (28, 109), (72, 78), (103, 157), (120, 201), (36, 198), (135, 137), (20, 101), (64, 226), (100, 103), (19, 20), (91, 97), (205, 214), (27, 33), (91, 100), (27, 36), (88, 89), (72, 74), (27, 45), (32, 35), (137, 146), (146, 155), (211, 214), (205, 232), (146, 152), (45, 72), (178, 232), (32, 59), (19, 25), (33, 195), (43, 205), (198, 201), (20, 182), (0, 27), (155, 236)}
Obj: 30121

