Log for instance aco_tuning_out/inst15.txt.

Used ({'tau_0': 3.0123184321619356e-06, 'xi': 0.12162366348291398, 'q0': 0.6525057095214953, 'alpha': 0.3418731697773203, 'beta': 1.7855031617760102, 'rho': 0.2482497904794193, 'ants': 32}) and found best instance after 211.453125 seconds.
E1: {(171, 198), (229, 230), (200, 227), (64, 226), (226, 227), (229, 232), (205, 232), (178, 232), (195, 196), (177, 178), (213, 240), (145, 226), (43, 205), (226, 229), (136, 145), (136, 154), (196, 205), (228, 230), (91, 145), (213, 214), (199, 226), (154, 157), (171, 173), (173, 182), (198, 199), (205, 214), (78, 240), (109, 136)}
E2: {(226, 232), (47, 53), (171, 198), (20, 47), (64, 226), (86, 113), (27, 36), (205, 232), (178, 232), (225, 228), (234, 240), (83, 89), (189, 198), (171, 177), (20, 26), (208, 214), (164, 173), (36, 198), (209, 236), (234, 235), (49, 52), (36, 45), (53, 134), (86, 140), (145, 226), (208, 209), (14, 23), (175, 178), (189, 195), (0, 27), (25, 26), (20, 23), (11, 173), (43, 52), (135, 153), (11, 20), (83, 164), (136, 145), (153, 234), (47, 209), (225, 234), (83, 86), (166, 175), (226, 235), (32, 113), (59, 140), (171, 173), (200, 209), (49, 211), (173, 182), (205, 214), (78, 240), (109, 136), (52, 214)}
Obj: 29898

