Log for instance aco_tuning_out/inst15.txt.

Used ({'tau0': 1.774794369235601e-06, 'xi': 0.05178086251934671, 'q0': 0.765199417754037, 'alpha': 1.7110920267750438, 'beta': 1.3090193389783644, 'rho': 0.2964096563219366, 'ants': 12}) and found best instance after 4.09375 seconds.
E1: {(162, 171), (162, 168), (190, 199), (171, 198), (101, 182), (100, 101), (189, 191), (200, 206), (72, 75), (28, 109), (83, 164), (82, 83), (72, 78), (171, 173), (168, 177), (164, 173), (191, 197), (58, 76), (31, 34), (64, 226), (118, 145), (189, 190), (164, 191), (31, 58), (197, 206), (76, 157), (37, 43), (91, 118), (145, 226), (174, 201), (82, 100), (28, 190), (75, 76), (174, 228), (118, 199), (28, 37), (189, 195), (28, 34), (198, 201)}
E2: {(166, 175), (81, 82), (4, 58), (3, 4), (162, 171), (99, 100), (39, 201), (162, 168), (175, 202), (38, 41), (171, 198), (14, 41), (75, 78), (100, 101), (65, 146), (39, 66), (201, 202), (64, 65), (200, 206), (28, 109), (72, 75), (81, 84), (82, 83), (83, 164), (171, 173), (214, 241), (180, 182), (164, 173), (36, 198), (191, 197), (168, 195), (58, 76), (135, 137), (86, 89), (31, 34), (20, 101), (66, 68), (164, 191), (19, 20), (68, 71), (31, 58), (205, 214), (238, 241), (197, 206), (36, 45), (174, 177), (72, 74), (128, 134), (137, 146), (146, 155), (202, 205), (0, 162), (59, 68), (32, 41), (74, 236), (174, 201), (128, 155), (82, 100), (99, 180), (3, 84), (211, 238), (75, 76), (65, 71), (174, 228), (19, 25), (83, 86), (36, 38), (43, 205), (28, 34), (198, 201)}
Obj: 36264

