Log for instance aco_tuning_out/inst27.txt.

Used ({'tau_0': 4.020220899909005e-06, 'xi': 0.13174644598316573, 'q0': 0.6110235189733683, 'alpha': 1.6598844502421457, 'beta': 1.4439786122174993, 'rho': 0.18623233223962188, 'ants': 32}) and found best instance after 21.46875 seconds.
E1: {(154, 155), (132, 164), (243, 251), (155, 187), (147, 155), (252, 253), (249, 251), (145, 209), (62, 190), (61, 63), (164, 228), (116, 124), (147, 151), (60, 61), (221, 253), (142, 143), (39, 47), (143, 159), (236, 238), (11, 27), (187, 251), (27, 155), (29, 61), (36, 164), (249, 253), (151, 215), (145, 147), (47, 63), (2, 34), (250, 251), (54, 62), (60, 124), (204, 236), (43, 47), (124, 252), (3, 11), (228, 236), (144, 145), (30, 62), (113, 115), (23, 151), (2, 3), (115, 243), (62, 63), (236, 252), (151, 159), (47, 111)}
E2: {(119, 127), (243, 251), (118, 119), (176, 240), (141, 157), (57, 121), (121, 249), (48, 176), (157, 159), (253, 255), (56, 58), (249, 251), (6, 14), (10, 42), (220, 221), (194, 202), (125, 127), (151, 159), (147, 151), (221, 253), (14, 15), (216, 220), (101, 117), (14, 30), (48, 56), (121, 123), (194, 226), (10, 14), (54, 118), (144, 176), (117, 125), (54, 182), (56, 57), (249, 253), (226, 227), (111, 127), (166, 182), (42, 58), (121, 125), (157, 221), (227, 243), (250, 251)}
Obj: 26134

