Log for instance aco_tuning_out/inst30.txt.

Used ({'tau0': 1.3920749967998762e-06, 'xi': 0.08397237700240848, 'q0': 0.6682959638256109, 'alpha': 1.2969464614531203, 'beta': 1.130493567371472, 'rho': 0.47674134103904503, 'ants': 21}) and found best instance after 7.171875 seconds.
E1: {(81, 82), (185, 188), (226, 229), (162, 171), (212, 215), (99, 100), (175, 202), (93, 120), (176, 185), (171, 198), (195, 204), (218, 236), (160, 161), (19, 100), (171, 173), (211, 212), (90, 93), (90, 99), (99, 102), (173, 176), (164, 173), (177, 204), (36, 198), (90, 117), (70, 151), (64, 226), (134, 215), (27, 30), (173, 200), (30, 32), (175, 176), (27, 36), (91, 100), (151, 160), (164, 218), (117, 198), (14, 176), (229, 232), (0, 162), (81, 162), (152, 161), (82, 109), (202, 229), (188, 215), (19, 25), (198, 204), (70, 232)}
E2: {(166, 175), (145, 146), (81, 82), (219, 220), (3, 4), (162, 171), (55, 136), (162, 168), (175, 202), (139, 157), (4, 85), (217, 220), (171, 198), (100, 101), (134, 161), (65, 146), (201, 202), (218, 236), (64, 65), (81, 84), (136, 145), (171, 173), (219, 228), (36, 198), (168, 195), (135, 137), (139, 220), (20, 101), (55, 217), (85, 139), (118, 145), (198, 199), (173, 200), (19, 20), (155, 161), (36, 45), (174, 177), (146, 155), (109, 136), (137, 146), (0, 162), (91, 118), (174, 201), (217, 218), (82, 100), (152, 161), (3, 84), (19, 25), (118, 199), (198, 201), (20, 182)}
Obj: 38126

