Log for instance aco_tuning_out/inst03.txt.

Used ({'tau_0': 7.905277958202082e-06, 'xi': 0.07780203477312476, 'q0': 0.5400401332579152, 'alpha': 1.238650111364569, 'beta': 1.1701509091931812, 'rho': 0.3657463607855648, 'ants': 16}) and found best instance after 9.96875 seconds.
E1: {(76, 92), (93, 221), (24, 152), (155, 187), (147, 155), (211, 219), (150, 151), (86, 87), (228, 244), (210, 211), (77, 93), (39, 167), (244, 246), (57, 185), (187, 191), (148, 150), (65, 73), (36, 37), (53, 181), (76, 204), (224, 228), (87, 119), (73, 77), (202, 206), (65, 97), (206, 222), (137, 153), (147, 151), (20, 22), (86, 214), (78, 79), (153, 155), (152, 153), (22, 86), (22, 150), (167, 175), (97, 101), (76, 78), (148, 149), (97, 113), (214, 222), (240, 244), (37, 53), (153, 185), (175, 191), (147, 211), (149, 181), (214, 246), (78, 206), (9, 137), (135, 151), (76, 77), (195, 211), (68, 76), (22, 54), (224, 232), (79, 207)}
E2: {(177, 181), (41, 43), (99, 103), (132, 164), (154, 158), (107, 235), (13, 45), (150, 151), (5, 13), (164, 180), (0, 2), (40, 44), (181, 245), (103, 231), (153, 217), (210, 214), (196, 197), (114, 118), (48, 176), (148, 150), (198, 206), (132, 148), (160, 164), (192, 193), (9, 41), (193, 197), (206, 222), (33, 41), (137, 153), (198, 230), (44, 172), (14, 15), (118, 246), (216, 217), (14, 30), (9, 13), (17, 145), (132, 196), (230, 231), (214, 222), (36, 164), (226, 230), (128, 192), (230, 246), (145, 153), (137, 201), (2, 34), (107, 111), (62, 63), (99, 107), (164, 172), (14, 78), (30, 62), (107, 123), (78, 206), (150, 158), (176, 177), (9, 137), (0, 128), (176, 180), (196, 198), (166, 230), (13, 15), (151, 159)}
Obj: 36218

