Log for instance aco_tuning_out/inst03.txt.

Used ({'tau0': 8.990632486830376e-06, 'xi': 0.09595706500151588, 'q0': 0.4417965567940394, 'alpha': 1.6457162341639056, 'beta': 1.8792939670585154, 'rho': 0.14228615039412212, 'ants': 30}) and found best instance after 286.515625 seconds.
E1: {(177, 181), (232, 236), (200, 201), (211, 219), (68, 100), (176, 240), (210, 211), (100, 101), (36, 37), (57, 185), (53, 181), (185, 187), (137, 141), (143, 175), (65, 97), (52, 54), (201, 217), (20, 28), (217, 219), (135, 143), (97, 101), (20, 52), (97, 113), (53, 55), (100, 228), (200, 202), (24, 28), (37, 53), (177, 185), (137, 201), (55, 119), (147, 211), (149, 181), (204, 236), (141, 143), (52, 53), (228, 236), (200, 232), (176, 177), (217, 221), (143, 207), (9, 137), (37, 101), (28, 92), (39, 55), (195, 211)}
E2: {(177, 181), (32, 34), (154, 158), (15, 143), (132, 164), (146, 154), (32, 40), (107, 235), (181, 245), (164, 180), (192, 224), (196, 197), (34, 50), (1, 9), (36, 37), (158, 222), (37, 45), (160, 164), (33, 35), (137, 141), (0, 32), (192, 196), (1, 33), (59, 63), (201, 217), (216, 217), (0, 1), (48, 50), (143, 159), (1, 5), (132, 196), (1, 17), (33, 37), (146, 210), (32, 160), (137, 201), (180, 181), (59, 123), (50, 114), (164, 166), (107, 111), (141, 143), (35, 43), (99, 107), (164, 172), (43, 59), (107, 123), (150, 158), (9, 137), (196, 198), (158, 159), (224, 226)}
Obj: 29125

