Log for instance aco_tuning_out/inst24.txt.

Used ({'tau_0': 1.4630188820263259e-06, 'xi': 0.0776783694791692, 'q0': 0.7839075030693623, 'alpha': 0.5603503117369445, 'beta': 0.5204984007438819, 'rho': 0.4796233950660777, 'ants': 12}) and found best instance after 11.0 seconds.
E1: {(76, 92), (154, 155), (32, 34), (154, 158), (15, 143), (243, 251), (171, 235), (155, 187), (156, 158), (147, 155), (12, 13), (50, 58), (99, 103), (43, 171), (0, 2), (252, 253), (2, 130), (32, 40), (249, 251), (45, 61), (88, 90), (240, 242), (147, 151), (12, 76), (98, 106), (221, 253), (143, 159), (114, 242), (28, 29), (29, 61), (187, 251), (249, 253), (13, 141), (88, 92), (32, 160), (145, 147), (139, 143), (50, 114), (250, 251), (2, 34), (158, 190), (76, 108), (98, 99), (71, 103), (144, 145), (171, 187), (98, 114), (57, 61), (242, 250), (28, 92), (28, 156), (34, 50), (151, 159)}
E2: {(55, 63), (90, 91), (196, 228), (155, 187), (147, 155), (151, 183), (52, 180), (237, 253), (0, 2), (187, 191), (178, 182), (91, 95), (253, 255), (198, 206), (53, 181), (5, 37), (120, 122), (85, 213), (249, 251), (128, 132), (206, 222), (180, 182), (147, 151), (128, 144), (221, 253), (52, 60), (89, 91), (165, 181), (31, 95), (31, 159), (114, 242), (198, 199), (187, 251), (132, 196), (213, 215), (2, 10), (106, 122), (53, 55), (199, 231), (151, 215), (55, 183), (249, 253), (37, 53), (226, 227), (175, 191), (180, 181), (166, 182), (2, 34), (195, 227), (226, 242), (0, 128), (195, 199), (199, 215), (196, 198), (114, 122), (151, 159)}
Obj: 31309

