Log for instance aco_tuning_out/inst03.txt.

Used ({'tau_0': 7.199516623553175e-06, 'xi': 0.11757684122784635, 'q0': 0.8950304976400971, 'alpha': 1.7862372914817117, 'beta': 1.3396042945590478, 'rho': 0.08070539620138223, 'ants': 25}) and found best instance after 79.796875 seconds.
E1: {(76, 92), (200, 201), (243, 251), (108, 109), (155, 187), (147, 155), (211, 219), (228, 244), (201, 233), (210, 211), (97, 105), (73, 105), (252, 253), (187, 191), (65, 73), (233, 249), (244, 252), (54, 55), (76, 204), (249, 251), (96, 97), (32, 36), (105, 109), (147, 151), (221, 253), (20, 28), (49, 113), (97, 101), (143, 159), (187, 251), (115, 119), (149, 151), (53, 55), (200, 202), (249, 253), (32, 96), (24, 28), (240, 244), (105, 233), (55, 119), (175, 191), (147, 211), (76, 108), (200, 232), (113, 115), (143, 207), (9, 73), (49, 57), (135, 151), (115, 243), (28, 92), (39, 55), (195, 211), (68, 76), (151, 159)}
E2: {(154, 155), (55, 63), (105, 107), (15, 143), (193, 201), (243, 251), (171, 235), (155, 187), (32, 34), (147, 155), (98, 226), (32, 40), (182, 183), (151, 183), (43, 171), (216, 218), (150, 151), (201, 233), (210, 211), (114, 115), (1, 9), (233, 249), (198, 206), (249, 251), (32, 33), (128, 132), (193, 197), (1, 33), (206, 222), (105, 109), (154, 218), (32, 36), (180, 182), (147, 151), (180, 188), (245, 253), (49, 113), (0, 1), (49, 177), (143, 159), (1, 5), (187, 251), (123, 251), (45, 109), (1, 17), (249, 253), (55, 183), (105, 233), (32, 160), (166, 182), (147, 211), (128, 192), (33, 49), (107, 111), (99, 107), (171, 187), (113, 115), (48, 49), (98, 114), (218, 222), (0, 128), (115, 243), (172, 188), (151, 159)}
Obj: 32879

