Log for instance aco_tuning_out/inst18.txt.

Used ({'tau_0': 6.293660666238772e-06, 'xi': 0.0765998967889499, 'q0': 0.6265340995784354, 'alpha': 0.31196112568590606, 'beta': 0.6324794380700602, 'rho': 0.3069899243645694, 'ants': 19}) and found best instance after 147.421875 seconds.
E1: {(136, 137), (128, 136), (81, 85), (99, 103), (58, 62), (156, 158), (5, 13), (39, 103), (128, 160), (2, 66), (156, 188), (30, 158), (85, 213), (62, 126), (45, 61), (6, 14), (197, 213), (110, 126), (13, 29), (110, 111), (147, 151), (29, 31), (31, 95), (14, 30), (31, 159), (9, 13), (103, 111), (46, 62), (29, 61), (213, 215), (151, 215), (110, 238), (137, 201), (54, 62), (213, 245), (188, 252), (30, 62), (150, 158), (80, 81), (9, 137), (90, 122), (57, 61), (122, 126), (2, 3), (2, 6), (62, 63), (30, 31), (151, 159), (209, 213)}
E2: {(168, 172), (25, 29), (160, 168), (154, 158), (72, 76), (156, 158), (168, 184), (35, 51), (5, 13), (112, 240), (82, 114), (252, 253), (156, 188), (78, 110), (30, 158), (168, 232), (62, 126), (110, 126), (13, 29), (25, 89), (82, 86), (35, 163), (29, 31), (221, 253), (245, 253), (80, 82), (49, 113), (112, 114), (142, 158), (9, 13), (40, 168), (97, 101), (76, 78), (97, 113), (24, 25), (110, 238), (82, 210), (188, 252), (76, 108), (60, 188), (30, 62), (112, 113), (150, 158), (49, 51), (122, 126), (114, 122), (122, 123), (66, 82), (30, 31), (172, 188), (54, 62)}
Obj: 27745

