Log for instance aco_tuning_out/inst09.txt.

Used ({'tau0': 3.870488509745335e-06, 'xi': 0.14375219093339509, 'q0': 0.31937330810318404, 'alpha': 1.2524356087799853, 'beta': 0.8404615317597104, 'rho': 0.2941319030093275, 'ants': 31}) and found best instance after 20.28125 seconds.
E1: {(20, 23), (0, 2), (121, 124), (43, 70), (121, 130), (23, 104), (102, 104), (2, 20), (83, 164), (130, 157), (168, 177), (20, 74), (69, 70), (164, 170), (43, 124), (2, 83), (104, 131), (81, 135), (120, 121), (168, 170), (81, 83), (74, 236), (169, 223), (69, 78), (130, 131), (14, 23), (83, 89), (166, 169), (168, 169)}
E2: {(61, 79), (131, 134), (76, 79), (3, 165), (30, 33), (130, 157), (165, 166), (30, 48), (120, 201), (89, 143), (3, 30), (30, 32), (45, 48), (25, 79), (174, 177), (49, 76), (130, 211), (59, 62), (62, 143), (61, 62), (165, 174), (174, 201), (48, 49), (130, 131), (143, 152), (0, 3), (33, 195), (49, 130), (61, 223)}
Obj: 26543

