Log for instance aco_tuning_out/inst12.txt.

Used ({'tau_0': 7.812894719628246e-06, 'xi': 0.0766649900567211, 'q0': 0.3937027431240757, 'alpha': 1.3517471324904988, 'beta': 1.9563494025351882, 'rho': 0.17338412974172868, 'ants': 20}) and found best instance after 30.65625 seconds.
E1: {(166, 175), (162, 171), (162, 168), (175, 202), (87, 89), (29, 32), (171, 198), (87, 168), (201, 202), (171, 173), (120, 201), (168, 195), (36, 198), (87, 88), (173, 182), (36, 42), (27, 36), (36, 45), (42, 43), (82, 91), (82, 88), (0, 162), (202, 211), (105, 132), (82, 109), (132, 134), (87, 105), (27, 29), (102, 105), (198, 201)}
E2: {(81, 82), (101, 155), (58, 59), (45, 126), (166, 184), (171, 177), (102, 129), (87, 89), (126, 129), (29, 32), (29, 38), (184, 211), (171, 198), (43, 70), (153, 159), (100, 101), (135, 153), (142, 223), (78, 159), (198, 200), (151, 152), (19, 100), (22, 184), (81, 87), (67, 70), (126, 128), (58, 67), (36, 198), (58, 76), (153, 155), (70, 151), (36, 45), (76, 157), (128, 134), (64, 67), (22, 76), (128, 155), (82, 100), (142, 151), (82, 109), (19, 25), (19, 22), (36, 38), (155, 236)}
Obj: 30422

