Log for instance aco_tuning_out/inst21.txt.

Used ({'tau_0': 9.493726088905091e-06, 'xi': 0.11484843759454823, 'q0': 0.6111218433796399, 'alpha': 1.5748339874818995, 'beta': 1.6004495863491173, 'rho': 0.40117280761880736, 'ants': 26}) and found best instance after 14.28125 seconds.
E1: {(88, 97), (226, 229), (83, 137), (171, 198), (14, 95), (85, 88), (94, 97), (97, 178), (223, 232), (83, 164), (171, 173), (82, 83), (229, 230), (164, 173), (36, 198), (135, 137), (173, 182), (64, 226), (173, 200), (27, 30), (30, 32), (27, 36), (27, 45), (178, 205), (137, 146), (85, 166), (82, 88), (205, 232), (202, 205), (146, 152), (228, 230), (202, 229), (94, 95), (177, 178)}
E2: {(43, 205), (88, 97), (4, 58), (54, 135), (3, 4), (226, 229), (156, 158), (84, 87), (87, 89), (47, 74), (176, 185), (75, 78), (66, 75), (20, 47), (205, 206), (0, 81), (74, 155), (39, 66), (30, 33), (97, 178), (200, 206), (223, 232), (72, 75), (30, 39), (81, 84), (28, 109), (182, 185), (87, 88), (66, 68), (64, 226), (19, 20), (39, 120), (31, 58), (157, 158), (175, 176), (91, 97), (30, 32), (75, 156), (72, 74), (146, 155), (54, 72), (146, 152), (59, 68), (205, 232), (74, 236), (202, 205), (202, 211), (178, 232), (3, 84), (202, 229), (19, 25), (28, 31), (33, 195), (45, 47), (175, 178), (30, 31)}
Obj: 33242

