Log for instance aco_tuning_out/inst21.txt.

Used ({'tau0': 5.998921288673613e-06, 'xi': 0.12799050366072715, 'q0': 0.730921478054052, 'alpha': 1.5055228070199218, 'beta': 0.3739261379740735, 'rho': 0.1599798192967875, 'ants': 28}) and found best instance after 38.875 seconds.
E1: {(166, 175), (55, 136), (29, 32), (179, 233), (217, 223), (171, 198), (152, 233), (174, 175), (171, 173), (136, 145), (173, 176), (173, 179), (36, 198), (173, 182), (55, 217), (118, 145), (198, 199), (173, 200), (175, 176), (27, 36), (174, 177), (27, 45), (14, 176), (55, 64), (135, 136), (174, 228), (118, 199), (27, 29)}
E2: {(81, 82), (33, 42), (226, 229), (226, 235), (6, 24), (11, 173), (6, 33), (87, 89), (29, 32), (0, 2), (179, 233), (39, 42), (139, 157), (39, 48), (2, 11), (152, 233), (24, 78), (2, 29), (81, 87), (6, 87), (173, 179), (173, 182), (139, 220), (64, 226), (173, 200), (235, 236), (39, 120), (45, 48), (24, 25), (81, 135), (42, 43), (82, 91), (220, 223), (202, 211), (182, 236), (220, 229), (32, 59), (82, 109), (202, 229), (0, 6), (33, 195)}
Obj: 28863

