Log for instance aco_tuning_out/inst15.txt.

Used ({'tau0': 7.103605161777611e-06, 'xi': 0.13387993202949272, 'q0': 0.5522845785971021, 'alpha': 0.8010267528590788, 'beta': 1.1979962907017299, 'rho': 0.33102581714472007, 'ants': 26}) and found best instance after 27.0625 seconds.
E1: {(72, 73), (28, 55), (34, 43), (172, 181), (28, 109), (72, 75), (172, 199), (72, 78), (181, 235), (156, 157), (198, 199), (73, 235), (75, 156), (174, 177), (33, 34), (55, 64), (181, 182), (55, 73), (174, 201), (199, 200), (174, 228), (33, 195), (28, 34), (198, 201), (91, 172)}
E2: {(189, 207), (4, 58), (58, 59), (54, 135), (109, 190), (80, 242), (0, 54), (185, 212), (176, 185), (40, 41), (234, 236), (72, 234), (143, 224), (189, 191), (54, 55), (240, 242), (72, 78), (211, 212), (53, 80), (182, 185), (89, 143), (191, 200), (40, 43), (50, 212), (4, 166), (55, 58), (174, 177), (26, 80), (53, 134), (55, 64), (224, 242), (54, 72), (50, 53), (41, 50), (14, 176), (32, 41), (45, 72), (190, 191), (234, 240), (174, 228), (207, 234), (189, 195), (174, 176), (25, 26)}
Obj: 27396

