Log for instance aco_tuning_out/inst15.txt.

Used ({'tau0': 9.387858024888234e-06, 'xi': 0.14290215705758647, 'q0': 0.4917258290014144, 'alpha': 1.0227666505205433, 'beta': 1.168523363313268, 'rho': 0.2926263236671505, 'ants': 22}) and found best instance after 32.140625 seconds.
E1: {(226, 232), (139, 142), (151, 232), (139, 157), (199, 205), (101, 182), (195, 204), (72, 78), (177, 204), (225, 226), (64, 226), (153, 234), (109, 118), (99, 153), (99, 101), (91, 118), (205, 232), (72, 153), (199, 200), (142, 151), (225, 228), (225, 234), (204, 205), (118, 199), (43, 205)}
E2: {(18, 72), (166, 184), (54, 135), (18, 20), (0, 54), (66, 228), (184, 211), (101, 182), (36, 37), (195, 204), (198, 200), (63, 64), (22, 184), (82, 83), (72, 78), (36, 198), (177, 204), (20, 101), (66, 68), (19, 20), (63, 66), (54, 63), (37, 43), (128, 134), (36, 63), (54, 72), (32, 41), (182, 236), (59, 68), (45, 72), (41, 68), (82, 109), (19, 25), (83, 89), (19, 22), (101, 128), (198, 204), (14, 41), (83, 101)}
Obj: 26573

