Log for instance aco_tuning_out/inst30.txt.

Used ({'tau_0': 4.4510989038433445e-06, 'xi': 0.08945606202546638, 'q0': 0.47345622448593194, 'alpha': 1.2900775735272525, 'beta': 0.7464788134566036, 'rho': 0.4234734074527042, 'ants': 18}) and found best instance after 9.6875 seconds.
E1: {(119, 200), (20, 23), (162, 168), (118, 119), (125, 134), (190, 199), (29, 32), (121, 124), (176, 185), (1, 55), (185, 212), (23, 104), (125, 152), (190, 217), (102, 104), (218, 236), (97, 178), (211, 212), (118, 124), (168, 195), (0, 1), (55, 217), (19, 20), (175, 176), (109, 118), (120, 121), (119, 125), (91, 118), (55, 64), (0, 162), (97, 124), (217, 218), (190, 191), (14, 23), (19, 25), (118, 199), (175, 178), (1, 19), (29, 191), (177, 178)}
E2: {(136, 137), (119, 200), (55, 136), (171, 177), (125, 134), (167, 176), (1, 55), (176, 185), (171, 198), (236, 239), (16, 178), (125, 152), (185, 239), (54, 55), (97, 178), (16, 25), (198, 207), (167, 221), (164, 167), (219, 228), (58, 67), (0, 1), (54, 216), (45, 207), (164, 182), (135, 216), (91, 97), (166, 167), (175, 176), (157, 158), (55, 58), (110, 119), (192, 195), (119, 125), (64, 67), (109, 136), (158, 239), (219, 221), (110, 137), (192, 219), (216, 219), (189, 192), (175, 178), (189, 198)}
Obj: 34550

