Log for instance aco_tuning_out/inst12.txt.

Used ({'tau0': 5.998921288673613e-06, 'xi': 0.12799050366072715, 'q0': 0.730921478054052, 'alpha': 1.5055228070199218, 'beta': 0.3739261379740735, 'rho': 0.1599798192967875, 'ants': 28}) and found best instance after 32.703125 seconds.
E1: {(81, 82), (84, 87), (34, 196), (87, 89), (31, 32), (84, 102), (171, 198), (34, 43), (0, 81), (83, 164), (81, 84), (82, 83), (171, 173), (164, 167), (164, 173), (36, 198), (31, 34), (164, 182), (134, 215), (166, 167), (109, 112), (36, 45), (196, 214), (82, 91), (211, 214), (87, 96), (96, 123), (82, 109), (195, 196), (214, 215), (31, 112), (120, 123)}
E2: {(166, 175), (72, 73), (4, 58), (58, 59), (175, 202), (21, 22), (31, 32), (199, 202), (153, 159), (135, 153), (236, 242), (134, 161), (34, 43), (161, 242), (152, 233), (78, 159), (174, 175), (21, 183), (102, 183), (4, 5), (22, 25), (58, 76), (31, 34), (233, 242), (31, 58), (109, 115), (34, 115), (174, 177), (174, 183), (76, 157), (224, 233), (73, 76), (64, 73), (202, 211), (45, 72), (22, 76), (72, 153), (199, 200), (5, 8), (159, 161), (8, 89), (223, 224)}
Obj: 31511

