Log for instance aco_tuning_out/inst27.txt.

Used ({'tau0': 9.342356314703797e-06, 'xi': 0.11093798894348852, 'q0': 0.3936504222796646, 'alpha': 1.8613339066625738, 'beta': 0.5900213499937936, 'rho': 0.2538267278899345, 'ants': 22}) and found best instance after 16.09375 seconds.
E1: {(132, 164), (52, 116), (3, 19), (28, 30), (140, 204), (186, 250), (121, 249), (83, 211), (19, 27), (184, 186), (249, 251), (36, 52), (62, 190), (174, 190), (52, 54), (164, 228), (28, 60), (211, 215), (221, 253), (52, 60), (14, 30), (176, 184), (39, 47), (10, 14), (19, 23), (2, 10), (28, 29), (187, 251), (47, 111), (36, 164), (174, 238), (209, 211), (144, 176), (249, 253), (47, 63), (2, 34), (43, 47), (14, 142), (154, 186), (2, 3), (186, 190), (113, 121), (19, 83), (62, 63), (132, 140), (250, 251), (54, 62)}
E2: {(119, 127), (25, 29), (15, 143), (243, 251), (176, 240), (202, 234), (97, 105), (57, 121), (28, 30), (121, 249), (123, 127), (147, 179), (48, 176), (186, 250), (253, 255), (249, 251), (6, 14), (58, 186), (125, 127), (226, 234), (105, 121), (221, 253), (14, 15), (216, 217), (14, 30), (179, 183), (97, 101), (10, 14), (28, 29), (234, 250), (166, 167), (240, 241), (144, 176), (249, 253), (241, 243), (111, 127), (141, 143), (217, 221), (25, 57), (121, 125), (167, 183), (179, 243), (250, 251)}
Obj: 25720

