Log for instance aco_tuning_out/inst27.txt.

Used ({'tau_0': 5.27015365896669e-06, 'xi': 0.12993599333145528, 'q0': 0.31614692226037566, 'alpha': 1.9457803192705339, 'beta': 1.0826765605366773, 'rho': 0.462237565316319, 'ants': 26}) and found best instance after 10.890625 seconds.
E1: {(204, 220), (188, 190), (243, 251), (43, 107), (116, 244), (215, 247), (228, 244), (44, 60), (144, 208), (244, 246), (28, 30), (220, 252), (156, 188), (186, 250), (244, 252), (132, 148), (148, 156), (14, 46), (249, 251), (220, 221), (243, 247), (61, 63), (28, 60), (46, 47), (118, 246), (36, 44), (39, 47), (11, 27), (28, 29), (29, 61), (187, 251), (54, 118), (110, 238), (11, 43), (2, 34), (21, 23), (188, 252), (107, 111), (44, 46), (3, 11), (46, 110), (208, 209), (21, 29), (113, 115), (144, 148), (14, 142), (154, 186), (186, 190), (2, 3), (115, 243), (28, 156), (250, 251), (47, 111)}
E2: {(162, 226), (26, 30), (243, 251), (18, 26), (43, 107), (133, 141), (216, 218), (176, 240), (146, 178), (57, 121), (48, 176), (251, 255), (220, 252), (133, 165), (146, 147), (10, 42), (220, 221), (202, 218), (176, 178), (165, 181), (121, 123), (103, 111), (2, 10), (123, 251), (144, 176), (42, 43), (162, 166), (18, 146), (180, 181), (11, 43), (218, 250), (107, 111), (162, 178), (165, 229), (42, 58), (101, 229), (254, 255), (107, 123), (26, 58), (176, 180), (121, 125), (103, 119), (11, 15), (2, 6), (252, 254), (250, 251)}
Obj: 29433

