Log for instance aco_tuning_out/inst09.txt.

Used ({'tau0': 8.908613414444593e-06, 'xi': 0.1316659796537964, 'q0': 0.44184378094598165, 'alpha': 1.5856828467501214, 'beta': 0.9751219636880748, 'rho': 0.2735558699054583, 'ants': 18}) and found best instance after 10.046875 seconds.
E1: {(111, 120), (6, 15), (3, 4), (4, 58), (78, 80), (43, 52), (217, 223), (84, 102), (84, 111), (13, 14), (218, 236), (83, 164), (81, 84), (209, 215), (3, 6), (77, 80), (58, 76), (209, 236), (4, 166), (81, 135), (76, 157), (164, 218), (81, 83), (217, 218), (4, 13), (3, 84), (15, 177), (0, 6), (83, 89), (76, 77), (214, 215), (52, 214)}
E2: {(58, 59), (39, 201), (166, 193), (107, 134), (89, 107), (39, 66), (192, 193), (24, 26), (30, 39), (107, 161), (130, 157), (58, 61), (30, 48), (120, 201), (21, 24), (58, 67), (177, 204), (21, 48), (30, 32), (45, 48), (24, 25), (130, 211), (201, 204), (192, 195), (18, 21), (192, 201), (193, 211), (26, 107), (152, 161), (66, 67), (0, 18), (61, 223)}
Obj: 28750

