Log for instance aco_tuning_out/inst27.txt.

Used ({'tau0': 9.387858024888234e-06, 'xi': 0.14290215705758647, 'q0': 0.4917258290014144, 'alpha': 1.0227666505205433, 'beta': 1.168523363313268, 'rho': 0.2926263236671505, 'ants': 22}) and found best instance after 76.796875 seconds.
E1: {(119, 127), (154, 158), (52, 116), (116, 244), (206, 238), (228, 244), (0, 2), (23, 31), (251, 255), (221, 223), (27, 31), (30, 158), (249, 251), (209, 213), (128, 132), (52, 54), (128, 144), (29, 31), (52, 60), (127, 255), (142, 158), (39, 47), (204, 206), (115, 119), (187, 251), (213, 215), (47, 63), (111, 127), (2, 34), (250, 251), (43, 47), (158, 190), (38, 39), (142, 206), (113, 115), (223, 255), (38, 54), (0, 128), (2, 3), (34, 38), (36, 38), (30, 31), (31, 63), (215, 223), (47, 111)}
E2: {(119, 127), (243, 251), (216, 218), (176, 240), (38, 166), (141, 157), (251, 255), (123, 127), (221, 223), (157, 159), (48, 176), (240, 242), (6, 14), (137, 141), (10, 42), (125, 127), (147, 151), (202, 218), (14, 15), (6, 38), (101, 117), (127, 255), (14, 30), (31, 159), (10, 14), (9, 25), (117, 125), (144, 176), (111, 127), (218, 250), (250, 251), (226, 242), (42, 58), (223, 255), (25, 57), (9, 137), (242, 250), (157, 221), (30, 31), (151, 159)}
Obj: 24790

