Log for instance aco_tuning_out/inst30.txt.

Used ({'tau_0': 1.4630188820263259e-06, 'xi': 0.0776783694791692, 'q0': 0.7839075030693623, 'alpha': 0.5603503117369445, 'beta': 0.5204984007438819, 'rho': 0.4796233950660777, 'ants': 12}) and found best instance after 6.28125 seconds.
E1: {(106, 133), (33, 42), (39, 201), (171, 174), (162, 171), (118, 119), (185, 212), (176, 185), (171, 198), (198, 200), (39, 66), (64, 65), (174, 175), (102, 104), (209, 215), (211, 212), (133, 134), (120, 201), (36, 198), (209, 236), (66, 68), (134, 215), (50, 212), (38, 119), (36, 42), (175, 176), (109, 118), (174, 177), (14, 176), (91, 118), (0, 162), (71, 152), (25, 106), (32, 50), (174, 201), (65, 68), (65, 71), (33, 195), (36, 38), (212, 215), (104, 185)}
E2: {(81, 82), (163, 164), (171, 174), (162, 171), (18, 20), (118, 119), (151, 232), (199, 205), (10, 64), (125, 152), (162, 216), (172, 199), (171, 173), (83, 164), (82, 83), (209, 215), (195, 222), (163, 166), (164, 173), (209, 236), (173, 182), (134, 215), (19, 20), (205, 214), (174, 177), (81, 135), (151, 160), (119, 125), (91, 118), (171, 172), (205, 232), (0, 162), (10, 172), (199, 200), (18, 45), (82, 109), (216, 222), (19, 25), (174, 228), (118, 199), (214, 215), (10, 19), (157, 160)}
Obj: 34595

