Log for instance aco_tuning_out/inst09.txt.

Used ({'tau_0': 4.4510989038433445e-06, 'xi': 0.08945606202546638, 'q0': 0.47345622448593194, 'alpha': 1.2900775735272525, 'beta': 0.7464788134566036, 'rho': 0.4234734074527042, 'ants': 18}) and found best instance after 6.765625 seconds.
E1: {(166, 175), (54, 135), (139, 142), (175, 202), (0, 54), (159, 160), (75, 78), (142, 223), (102, 156), (13, 14), (89, 107), (201, 202), (160, 161), (72, 75), (107, 161), (40, 202), (120, 201), (58, 67), (58, 76), (75, 156), (40, 67), (72, 74), (76, 157), (174, 177), (54, 72), (156, 159), (13, 40), (74, 236), (174, 201), (58, 139), (75, 76), (37, 40), (37, 43)}
E2: {(120, 129), (58, 59), (0, 54), (96, 177), (159, 160), (208, 211), (113, 194), (129, 131), (61, 79), (190, 208), (131, 134), (195, 213), (97, 178), (96, 97), (72, 75), (130, 157), (213, 240), (79, 160), (163, 166), (58, 67), (77, 80), (58, 76), (127, 130), (13, 175), (163, 190), (75, 77), (32, 194), (86, 113), (80, 161), (113, 131), (79, 80), (25, 79), (76, 157), (54, 72), (45, 72), (130, 131), (152, 161), (75, 76), (159, 240), (83, 89), (127, 208), (13, 67), (83, 86), (175, 178), (61, 223)}
Obj: 30427

