Log for instance aco_tuning_out/inst18.txt.

Used ({'tau0': 5.449825531692064e-06, 'xi': 0.10463551100918586, 'q0': 0.3791032022582517, 'alpha': 1.5968901194470106, 'beta': 0.6682022659911173, 'rho': 0.3643260630360847, 'ants': 18}) and found best instance after 14.828125 seconds.
E1: {(99, 103), (156, 158), (0, 2), (39, 103), (3, 19), (128, 160), (87, 95), (17, 21), (2, 66), (28, 30), (1, 3), (252, 253), (5, 37), (37, 39), (37, 45), (56, 58), (110, 111), (62, 126), (85, 213), (197, 213), (6, 14), (9, 41), (81, 209), (41, 45), (19, 147), (90, 218), (21, 85), (41, 57), (245, 253), (208, 210), (0, 1), (14, 30), (5, 21), (17, 81), (46, 62), (28, 29), (213, 215), (1, 17), (110, 238), (56, 57), (137, 201), (62, 63), (213, 245), (46, 110), (208, 209), (30, 62), (21, 29), (150, 158), (87, 215), (80, 81), (9, 137), (0, 128), (210, 218), (28, 156), (158, 159), (54, 62)}
E2: {(136, 137), (128, 136), (154, 158), (72, 76), (99, 103), (156, 158), (232, 248), (101, 103), (99, 115), (163, 179), (0, 2), (40, 44), (128, 160), (44, 60), (17, 21), (114, 115), (2, 66), (252, 253), (28, 30), (156, 188), (115, 123), (62, 126), (240, 248), (146, 150), (25, 89), (83, 115), (245, 253), (20, 28), (20, 22), (221, 253), (248, 252), (22, 86), (14, 30), (142, 158), (5, 21), (17, 81), (46, 62), (76, 78), (9, 25), (184, 188), (24, 25), (110, 238), (24, 28), (146, 210), (81, 83), (188, 252), (20, 21), (76, 108), (60, 188), (46, 110), (51, 115), (51, 179), (14, 78), (113, 115), (150, 158), (80, 81), (9, 137), (0, 128), (28, 156), (22, 54), (172, 188), (54, 62)}
Obj: 32150

