Log for instance aco_tuning_out/inst18.txt.

Used ({'tau_0': 9.342356314703797e-06, 'xi': 0.11093798894348852, 'q0': 0.3936504222796646, 'alpha': 1.8613339066625738, 'beta': 0.5900213499937936, 'rho': 0.2538267278899345, 'ants': 22}) and found best instance after 17.984375 seconds.
E1: {(137, 139), (64, 66), (58, 62), (150, 151), (5, 13), (128, 160), (87, 95), (80, 208), (1, 3), (252, 253), (62, 126), (45, 61), (13, 29), (220, 221), (61, 63), (147, 151), (64, 80), (245, 253), (221, 253), (216, 220), (6, 38), (208, 216), (0, 1), (39, 47), (9, 13), (143, 159), (46, 62), (1, 5), (66, 74), (29, 61), (85, 87), (74, 90), (151, 215), (110, 238), (137, 201), (139, 143), (66, 98), (98, 99), (54, 62), (133, 197), (46, 110), (208, 209), (38, 39), (87, 215), (5, 133), (0, 64), (9, 137), (0, 128), (57, 61), (45, 47), (62, 63), (151, 159), (47, 111)}
E2: {(128, 136), (210, 242), (72, 76), (24, 152), (136, 152), (86, 87), (152, 154), (40, 44), (128, 160), (108, 124), (44, 60), (210, 211), (80, 208), (252, 253), (100, 101), (211, 243), (115, 123), (83, 211), (62, 126), (240, 242), (152, 184), (72, 200), (83, 115), (25, 89), (163, 227), (44, 172), (12, 76), (245, 253), (221, 253), (12, 140), (20, 22), (70, 78), (208, 210), (22, 86), (5, 21), (22, 150), (46, 62), (83, 87), (114, 242), (76, 78), (140, 142), (9, 25), (24, 25), (110, 238), (108, 110), (54, 62), (76, 108), (60, 124), (51, 115), (124, 252), (46, 110), (20, 21), (200, 232), (113, 115), (22, 30), (66, 70), (70, 86), (100, 108), (227, 243), (136, 140)}
Obj: 33159

