Log for instance aco_tuning_out/inst12.txt.

Used ({'tau_0': 5.432541354150304e-06, 'xi': 0.1098768506848867, 'q0': 0.588663995987506, 'alpha': 1.0903417143977059, 'beta': 1.0292353817624138, 'rho': 0.37868431591672963, 'ants': 31}) and found best instance after 21.3125 seconds.
E1: {(166, 175), (81, 82), (39, 201), (99, 100), (39, 42), (210, 211), (171, 198), (100, 101), (5, 86), (195, 204), (0, 81), (83, 164), (171, 173), (82, 83), (99, 102), (120, 201), (164, 173), (173, 176), (45, 207), (164, 182), (175, 176), (91, 100), (201, 204), (128, 134), (42, 43), (201, 210), (82, 100), (207, 210), (82, 109), (5, 32), (83, 89), (83, 86), (101, 128), (198, 201)}
E2: {(1, 28), (81, 82), (226, 232), (4, 58), (58, 59), (151, 232), (29, 32), (39, 42), (133, 214), (84, 102), (75, 78), (66, 75), (76, 79), (199, 226), (151, 152), (1, 82), (39, 66), (218, 236), (223, 232), (72, 75), (83, 164), (82, 83), (81, 84), (79, 160), (133, 134), (58, 76), (64, 226), (28, 29), (4, 166), (231, 232), (25, 79), (177, 231), (81, 135), (76, 157), (151, 160), (164, 218), (42, 43), (211, 214), (45, 72), (199, 200), (82, 109), (1, 4), (75, 76), (133, 160), (83, 89)}
Obj: 31977

