Log for instance aco_tuning_out/inst09.txt.

Used ({'tau_0': 7.271888129177242e-06, 'xi': 0.05984220487362216, 'q0': 0.5127813632941683, 'alpha': 0.28049908432308224, 'beta': 1.9767044196304102, 'rho': 0.05712818954691315, 'ants': 28}) and found best instance after 274.421875 seconds.
E1: {(96, 177), (159, 160), (236, 242), (150, 159), (123, 150), (81, 82), (84, 93), (84, 102), (78, 159), (81, 84), (82, 83), (223, 241), (79, 160), (173, 176), (164, 173), (85, 166), (241, 242), (6, 15), (43, 70), (6, 8), (83, 164), (154, 160), (14, 176), (84, 85), (96, 123), (15, 177), (93, 96), (120, 123), (69, 150), (0, 81), (154, 157), (69, 70), (81, 108), (108, 135), (79, 241), (8, 89)}
E2: {(120, 129), (171, 198), (76, 79), (72, 75), (85, 139), (31, 58), (130, 211), (21, 75), (18, 21), (85, 86), (83, 89), (179, 233), (62, 224), (143, 224), (172, 175), (35, 197), (58, 76), (35, 53), (25, 79), (224, 233), (53, 134), (175, 178), (0, 18), (162, 171), (31, 32), (50, 131), (129, 131), (178, 179), (172, 199), (162, 164), (83, 164), (195, 197), (50, 53), (197, 224), (58, 139), (143, 152), (83, 86), (166, 175), (48, 75), (48, 50), (198, 199), (76, 157), (177, 179), (59, 62), (45, 72), (130, 131), (223, 224)}
Obj: 33275

