Log for instance aco_tuning_out/inst15.txt.

Used ({'tau_0': 3.462877209278076e-06, 'xi': 0.0658154748162855, 'q0': 0.6970370798529836, 'alpha': 1.3037173239481683, 'beta': 0.3291761938293081, 'rho': 0.413035014315252, 'ants': 16}) and found best instance after 6.828125 seconds.
E1: {(4, 58), (39, 201), (3, 4), (162, 171), (162, 180), (76, 238), (64, 145), (30, 33), (162, 216), (81, 84), (30, 39), (28, 109), (171, 173), (157, 238), (72, 78), (136, 145), (180, 182), (118, 124), (58, 76), (43, 124), (173, 200), (118, 145), (153, 234), (174, 177), (109, 136), (91, 118), (81, 162), (174, 201), (72, 153), (3, 84), (4, 31), (174, 228), (28, 31), (33, 195), (216, 234), (30, 31)}
E2: {(81, 82), (226, 232), (3, 4), (162, 171), (226, 229), (5, 59), (162, 168), (171, 177), (175, 202), (226, 235), (228, 229), (43, 52), (75, 78), (20, 47), (5, 86), (45, 46), (83, 164), (171, 173), (18, 19), (82, 83), (81, 84), (181, 235), (47, 128), (164, 173), (46, 47), (168, 195), (25, 52), (86, 89), (135, 137), (64, 226), (173, 200), (235, 236), (19, 20), (205, 214), (175, 176), (4, 166), (128, 134), (21, 75), (18, 21), (146, 155), (137, 146), (14, 176), (0, 162), (205, 232), (181, 182), (202, 211), (128, 155), (46, 52), (82, 109), (3, 84), (202, 229), (5, 32), (83, 86), (0, 18), (52, 214)}
Obj: 34753

