Log for instance aco_tuning_out/inst09.txt.

Used ({'tau_0': 6.7016855702575265e-06, 'xi': 0.11061032973207813, 'q0': 0.8522979141088549, 'alpha': 0.9933756089527778, 'beta': 1.0108153997499625, 'rho': 0.20257431029412304, 'ants': 17}) and found best instance after 15.53125 seconds.
E1: {(39, 201), (162, 171), (54, 135), (139, 157), (38, 47), (171, 198), (166, 220), (58, 220), (54, 55), (102, 104), (201, 202), (83, 164), (171, 173), (82, 83), (72, 78), (173, 176), (164, 173), (36, 198), (86, 89), (209, 236), (139, 220), (85, 139), (86, 104), (39, 120), (174, 177), (55, 58), (82, 85), (14, 176), (54, 72), (202, 205), (0, 162), (220, 223), (174, 201), (47, 209), (83, 86), (36, 38), (43, 205), (174, 176)}
E2: {(68, 149), (166, 184), (39, 201), (84, 87), (21, 22), (87, 89), (6, 33), (139, 157), (184, 211), (116, 134), (66, 75), (149, 152), (166, 220), (39, 66), (89, 116), (72, 75), (22, 184), (6, 87), (22, 25), (3, 21), (139, 220), (66, 68), (39, 120), (174, 177), (21, 75), (220, 223), (59, 68), (45, 72), (174, 201), (32, 59), (0, 3), (3, 84), (33, 195)}
Obj: 29969

