Log for instance aco_tuning_out/inst15.txt.

Used ({'tau_0': 5.7232384546733595e-06, 'xi': 0.1429672685027304, 'q0': 0.57445047410033, 'alpha': 1.4195433954167913, 'beta': 1.4047255855017542, 'rho': 0.4106053256096564, 'ants': 31}) and found best instance after 15.296875 seconds.
E1: {(119, 200), (118, 119), (73, 154), (64, 145), (179, 233), (70, 79), (43, 70), (178, 179), (16, 178), (231, 233), (7, 16), (154, 157), (145, 154), (228, 231), (182, 188), (7, 34), (78, 79), (118, 145), (109, 118), (16, 70), (177, 231), (33, 34), (91, 118), (73, 79), (179, 188), (33, 195)}
E2: {(185, 188), (4, 58), (51, 53), (128, 209), (84, 87), (66, 228), (43, 52), (87, 89), (64, 145), (127, 128), (53, 215), (185, 212), (167, 185), (57, 66), (195, 204), (200, 206), (209, 212), (136, 145), (209, 215), (211, 212), (4, 5), (51, 52), (182, 188), (25, 52), (177, 204), (118, 127), (209, 236), (57, 59), (204, 206), (118, 145), (45, 51), (4, 166), (109, 118), (5, 167), (206, 215), (128, 134), (3, 57), (135, 136), (5, 14), (57, 58), (0, 3), (3, 84), (51, 78), (5, 32)}
Obj: 27971

