Log for instance aco_tuning_out/inst15.txt.

Used ({'tau_0': 1.4630188820263259e-06, 'xi': 0.0776783694791692, 'q0': 0.7839075030693623, 'alpha': 0.5603503117369445, 'beta': 0.5204984007438819, 'rho': 0.4796233950660777, 'ants': 12}) and found best instance after 6.078125 seconds.
E1: {(81, 82), (226, 232), (3, 4), (226, 229), (171, 174), (4, 58), (6, 24), (228, 229), (84, 87), (171, 177), (6, 33), (24, 78), (83, 164), (171, 173), (82, 83), (81, 84), (6, 87), (164, 173), (58, 76), (164, 182), (64, 226), (173, 200), (76, 157), (82, 91), (205, 232), (82, 109), (3, 84), (174, 228), (33, 195), (43, 205)}
E2: {(166, 175), (43, 205), (28, 46), (226, 232), (212, 239), (226, 229), (175, 202), (34, 196), (84, 87), (171, 177), (87, 89), (228, 229), (179, 233), (59, 140), (176, 185), (75, 78), (135, 153), (227, 233), (227, 236), (185, 239), (45, 46), (140, 158), (77, 239), (171, 173), (72, 75), (28, 109), (211, 212), (182, 185), (173, 176), (17, 179), (173, 179), (200, 227), (31, 34), (75, 77), (3, 30), (64, 226), (134, 215), (17, 26), (196, 205), (175, 176), (30, 32), (158, 239), (205, 232), (72, 153), (14, 17), (0, 3), (202, 229), (3, 84), (195, 196), (212, 215), (28, 34), (30, 31), (25, 26)}
Obj: 30865

