Log for instance aco_tuning_out/inst27.txt.

Used ({'tau_0': 1.4630188820263259e-06, 'xi': 0.0776783694791692, 'q0': 0.7839075030693623, 'alpha': 0.5603503117369445, 'beta': 0.5204984007438819, 'rho': 0.4796233950660777, 'ants': 12}) and found best instance after 8.765625 seconds.
E1: {(196, 228), (146, 154), (155, 187), (147, 155), (60, 62), (0, 2), (87, 95), (114, 115), (1, 3), (27, 31), (14, 46), (249, 251), (209, 213), (128, 132), (62, 190), (0, 32), (146, 147), (32, 36), (128, 144), (147, 151), (29, 31), (46, 47), (31, 95), (0, 1), (112, 114), (31, 159), (14, 30), (39, 47), (114, 242), (10, 14), (46, 62), (187, 251), (2, 10), (132, 196), (213, 215), (213, 221), (47, 111), (110, 238), (151, 215), (2, 34), (250, 251), (43, 47), (46, 110), (23, 87), (113, 115), (14, 142), (112, 116), (0, 128), (242, 250), (196, 204), (62, 63), (30, 31), (151, 159), (54, 62)}
E2: {(128, 136), (136, 137), (105, 107), (58, 59), (243, 251), (202, 234), (87, 95), (97, 105), (123, 127), (251, 255), (48, 176), (253, 255), (56, 58), (87, 119), (240, 242), (240, 248), (216, 248), (6, 14), (128, 132), (137, 141), (125, 127), (226, 234), (151, 159), (147, 151), (221, 253), (14, 15), (127, 255), (31, 95), (97, 101), (48, 56), (31, 159), (10, 14), (234, 250), (134, 166), (144, 176), (56, 57), (111, 127), (59, 123), (15, 31), (107, 111), (132, 134), (242, 250), (30, 31), (95, 127), (250, 251), (6, 134)}
Obj: 28844

