Log for instance aco_tuning_out/inst15.txt.

Used ({'tau0': 1.6439317200303233e-06, 'xi': 0.07746694961935612, 'q0': 0.6106338054732293, 'alpha': 1.8489351800014946, 'beta': 0.9702307798494468, 'rho': 0.2665529796010956, 'ants': 30}) and found best instance after 14.40625 seconds.
E1: {(185, 188), (55, 136), (119, 200), (118, 119), (24, 51), (43, 52), (33, 51), (185, 239), (54, 55), (72, 75), (136, 145), (177, 186), (51, 52), (21, 24), (182, 188), (52, 133), (186, 188), (118, 145), (109, 118), (21, 75), (91, 118), (55, 64), (54, 72), (228, 230), (24, 186), (133, 160), (51, 78), (33, 195), (157, 160), (230, 239)}
E2: {(166, 175), (188, 242), (106, 133), (81, 82), (226, 229), (14, 68), (175, 202), (180, 186), (21, 22), (24, 51), (43, 52), (33, 51), (49, 50), (66, 75), (236, 242), (0, 81), (45, 46), (24, 78), (97, 178), (83, 164), (82, 83), (177, 186), (211, 212), (180, 182), (51, 52), (228, 231), (21, 24), (164, 173), (22, 25), (66, 68), (52, 133), (64, 226), (134, 215), (50, 212), (173, 200), (22, 49), (100, 106), (175, 178), (231, 232), (81, 135), (21, 75), (59, 68), (32, 50), (178, 232), (82, 100), (46, 52), (82, 109), (24, 186), (202, 229), (97, 106), (188, 215), (83, 89), (33, 195), (212, 215)}
Obj: 30786

