Log for instance aco_tuning_out/inst06.txt.

Used ({'tau_0': 4.4510989038433445e-06, 'xi': 0.08945606202546638, 'q0': 0.47345622448593194, 'alpha': 1.2900775735272525, 'beta': 0.7464788134566036, 'rho': 0.4234734074527042, 'ants': 18}) and found best instance after 13.546875 seconds.
E1: {(81, 85), (232, 248), (4, 6), (4, 12), (237, 253), (12, 28), (38, 166), (192, 224), (210, 211), (114, 115), (1, 3), (2, 130), (252, 253), (212, 214), (212, 220), (78, 110), (233, 249), (172, 236), (45, 61), (6, 14), (240, 248), (83, 115), (206, 222), (220, 221), (224, 240), (180, 182), (21, 85), (12, 76), (221, 253), (78, 79), (6, 38), (248, 252), (10, 14), (28, 29), (29, 61), (76, 78), (2, 10), (214, 222), (110, 238), (24, 28), (249, 253), (105, 233), (81, 83), (81, 89), (166, 182), (175, 191), (21, 23), (46, 110), (182, 190), (21, 29), (38, 39), (190, 191), (23, 151), (78, 206), (2, 3), (1, 129), (135, 151), (83, 211), (21, 53), (236, 252), (79, 207)}
E2: {(64, 66), (200, 201), (193, 201), (82, 90), (229, 231), (163, 179), (64, 96), (40, 44), (202, 234), (1, 3), (36, 37), (156, 188), (179, 187), (5, 37), (53, 181), (149, 213), (196, 212), (64, 65), (166, 174), (197, 213), (174, 175), (174, 190), (193, 197), (82, 83), (180, 182), (35, 163), (226, 234), (188, 189), (229, 245), (181, 189), (36, 44), (225, 229), (170, 174), (1, 5), (132, 196), (149, 151), (68, 196), (1, 17), (65, 81), (200, 202), (119, 247), (37, 53), (81, 83), (81, 89), (2, 34), (180, 181), (166, 182), (213, 245), (231, 247), (1, 65), (129, 193), (66, 70), (2, 3), (1, 129), (3, 35), (68, 70), (37, 101), (2, 18), (83, 211), (195, 211), (151, 159)}
Obj: 36305

