Log for instance aco_tuning_out/inst27.txt.

Used ({'tau0': 6.233831045293282e-06, 'xi': 0.10451661342493951, 'q0': 0.8893124268375978, 'alpha': 1.349306787935924, 'beta': 0.6109712049564031, 'rho': 0.46309129670203547, 'ants': 8}) and found best instance after 3.71875 seconds.
E1: {(17, 21), (58, 122), (147, 151), (28, 60), (20, 22), (93, 125), (31, 95), (112, 114), (106, 107), (24, 28), (2, 34), (112, 116), (122, 126), (151, 159), (209, 213), (132, 164), (243, 251), (147, 155), (3, 19), (39, 167), (27, 31), (132, 148), (93, 95), (62, 126), (249, 251), (10, 42), (116, 124), (142, 143), (165, 181), (95, 223), (132, 196), (213, 215), (106, 122), (36, 164), (249, 253), (30, 31), (215, 223), (196, 228), (146, 154), (165, 167), (86, 87), (43, 171), (87, 95), (187, 191), (76, 204), (174, 175), (146, 147), (221, 253), (143, 159), (114, 242), (28, 29), (2, 10), (76, 78), (110, 238), (46, 110), (42, 58), (23, 87), (78, 206), (196, 198), (115, 243), (19, 83), (242, 250), (62, 63), (20, 148), (198, 206), (53, 181), (56, 58), (143, 175), (174, 190), (83, 115), (52, 54), (124, 125), (24, 56), (22, 86), (17, 81), (46, 62), (19, 23), (27, 155), (20, 52), (81, 83), (175, 191), (60, 124), (107, 111), (113, 115), (144, 148), (171, 187), (21, 53)}
E2: {(105, 107), (17, 21), (146, 178), (87, 119), (105, 109), (147, 151), (90, 218), (20, 22), (93, 125), (176, 178), (14, 15), (31, 95), (31, 159), (48, 56), (166, 167), (240, 244), (151, 159), (90, 94), (243, 251), (108, 109), (216, 218), (132, 148), (93, 95), (249, 251), (10, 42), (142, 143), (165, 181), (97, 101), (132, 196), (230, 231), (249, 253), (56, 57), (6, 22), (76, 108), (30, 31), (196, 228), (165, 167), (86, 87), (228, 244), (87, 95), (97, 105), (253, 255), (146, 147), (221, 253), (10, 14), (76, 78), (199, 231), (144, 176), (194, 198), (226, 242), (42, 58), (23, 87), (107, 123), (78, 206), (196, 198), (242, 250), (19, 83), (115, 243), (20, 148), (198, 206), (53, 181), (30, 94), (56, 58), (6, 14), (83, 115), (194, 202), (22, 86), (142, 158), (17, 81), (19, 23), (198, 199), (226, 230), (81, 83), (107, 111), (141, 143), (21, 53), (158, 159)}
Obj: 41658

