Log for instance aco_tuning_out/inst18.txt.

Used ({'tau0': 5.27015365896669e-06, 'xi': 0.12993599333145528, 'q0': 0.31614692226037566, 'alpha': 1.9457803192705339, 'beta': 1.0826765605366773, 'rho': 0.462237565316319, 'ants': 26}) and found best instance after 15.796875 seconds.
E1: {(25, 29), (105, 107), (82, 90), (86, 87), (150, 151), (0, 2), (128, 160), (126, 254), (87, 95), (2, 66), (73, 105), (1, 3), (1, 9), (220, 252), (5, 37), (37, 45), (85, 213), (62, 126), (197, 213), (238, 254), (10, 42), (220, 221), (82, 86), (147, 151), (245, 253), (221, 253), (80, 82), (46, 62), (1, 5), (2, 10), (213, 215), (9, 25), (213, 221), (6, 7), (151, 215), (73, 201), (42, 46), (54, 62), (107, 111), (99, 107), (42, 58), (87, 215), (7, 39), (9, 73), (25, 57), (0, 128), (2, 3), (2, 6), (66, 82), (62, 63), (151, 159), (209, 213)}
E2: {(232, 236), (168, 172), (160, 168), (72, 76), (163, 167), (146, 154), (168, 184), (101, 103), (86, 87), (144, 208), (87, 95), (82, 114), (2, 66), (40, 56), (48, 176), (114, 118), (1, 3), (212, 220), (142, 174), (115, 123), (1, 9), (168, 232), (166, 174), (146, 150), (220, 221), (82, 86), (108, 236), (24, 56), (144, 146), (208, 210), (80, 82), (31, 95), (176, 184), (48, 56), (212, 213), (1, 5), (236, 238), (172, 174), (76, 78), (166, 167), (54, 118), (102, 103), (144, 176), (208, 240), (56, 60), (102, 118), (82, 210), (81, 89), (76, 108), (51, 115), (213, 245), (118, 126), (113, 115), (208, 212), (80, 81), (81, 113), (2, 3), (66, 82), (30, 31), (236, 252)}
Obj: 32586

