Log for instance aco_tuning_out/inst03.txt.

Used ({'tau_0': 1.34326092400037e-06, 'xi': 0.13441645763893803, 'q0': 0.4083523399061119, 'alpha': 0.5070175800996563, 'beta': 0.9994669821848109, 'rho': 0.2873914507152631, 'ants': 17}) and found best instance after 266.140625 seconds.
E1: {(204, 220), (101, 103), (211, 219), (68, 100), (39, 103), (39, 167), (210, 211), (100, 101), (36, 37), (57, 185), (224, 228), (185, 187), (36, 52), (9, 41), (65, 97), (224, 240), (220, 221), (33, 41), (202, 203), (52, 54), (147, 151), (41, 57), (20, 28), (97, 101), (167, 175), (20, 52), (97, 113), (149, 151), (195, 203), (100, 228), (135, 167), (33, 37), (24, 28), (37, 53), (147, 211), (203, 207), (103, 119), (135, 151), (37, 101), (28, 92), (92, 220), (195, 211), (224, 232)}
E2: {(192, 194), (177, 181), (32, 34), (132, 164), (193, 201), (15, 143), (98, 226), (107, 235), (43, 107), (181, 245), (164, 180), (216, 218), (40, 41), (210, 214), (36, 37), (34, 98), (5, 37), (53, 181), (37, 45), (160, 164), (192, 193), (9, 41), (193, 197), (32, 36), (154, 218), (33, 41), (32, 48), (150, 214), (15, 47), (0, 1), (194, 226), (143, 159), (1, 5), (214, 222), (1, 17), (33, 37), (198, 214), (37, 53), (32, 160), (47, 63), (194, 198), (164, 166), (107, 111), (99, 107), (164, 172), (98, 114), (107, 123), (218, 222), (45, 47), (47, 111)}
Obj: 28077

