Log for instance aco_tuning_out/inst21.txt.

Used ({'tau0': 7.812894719628246e-06, 'xi': 0.0766649900567211, 'q0': 0.3937027431240757, 'alpha': 1.3517471324904988, 'beta': 1.9563494025351882, 'rho': 0.17338412974172868, 'ants': 20}) and found best instance after 51.21875 seconds.
E1: {(67, 68), (198, 225), (162, 171), (14, 68), (162, 168), (171, 177), (31, 32), (171, 198), (198, 200), (162, 216), (171, 173), (58, 61), (58, 67), (36, 198), (173, 182), (135, 216), (68, 71), (31, 58), (36, 45), (64, 67), (71, 152), (169, 223), (225, 228), (166, 169), (168, 169), (61, 223)}
E2: {(90, 91), (58, 59), (43, 52), (31, 32), (135, 141), (60, 141), (171, 198), (27, 28), (198, 200), (117, 120), (28, 109), (171, 173), (73, 74), (58, 61), (49, 211), (60, 61), (89, 143), (36, 198), (25, 52), (58, 76), (173, 182), (49, 52), (31, 49), (27, 33), (31, 58), (27, 36), (36, 45), (76, 157), (117, 198), (73, 76), (64, 73), (74, 236), (141, 143), (90, 171), (143, 152), (60, 78), (28, 31), (33, 195), (0, 27), (61, 223)}
Obj: 27117

