Log for instance aco_tuning_out/inst12.txt.

Used ({'tau_0': 4.020220899909005e-06, 'xi': 0.13174644598316573, 'q0': 0.6110235189733683, 'alpha': 1.6598844502421457, 'beta': 1.4439786122174993, 'rho': 0.18623233223962188, 'ants': 32}) and found best instance after 30.296875 seconds.
E1: {(33, 42), (3, 4), (4, 58), (6, 33), (31, 32), (208, 211), (190, 199), (84, 102), (181, 208), (190, 208), (6, 8), (28, 109), (42, 44), (3, 6), (42, 123), (44, 53), (31, 58), (36, 42), (4, 166), (36, 45), (42, 43), (53, 134), (91, 118), (181, 182), (28, 190), (3, 84), (0, 6), (118, 199), (28, 31), (33, 195), (8, 89), (120, 123)}
E2: {(81, 82), (145, 146), (226, 232), (3, 4), (226, 235), (119, 200), (84, 102), (223, 232), (81, 84), (136, 145), (82, 83), (157, 238), (51, 52), (25, 52), (57, 59), (64, 226), (235, 236), (205, 214), (45, 51), (4, 166), (81, 135), (128, 134), (3, 57), (119, 128), (205, 232), (146, 152), (145, 226), (119, 146), (178, 232), (32, 59), (82, 109), (3, 84), (211, 238), (51, 78), (83, 89), (235, 238), (43, 205), (82, 136), (177, 178), (52, 214)}
Obj: 30754

