Log for instance aco_tuning_out/inst15.txt.

Used ({'tau0': 5.27015365896669e-06, 'xi': 0.12993599333145528, 'q0': 0.31614692226037566, 'alpha': 1.9457803192705339, 'beta': 1.0826765605366773, 'rho': 0.462237565316319, 'ants': 26}) and found best instance after 11.53125 seconds.
E1: {(15, 24), (162, 171), (55, 136), (162, 168), (118, 119), (119, 200), (66, 228), (15, 42), (171, 180), (171, 198), (24, 78), (154, 157), (136, 145), (180, 182), (145, 154), (168, 195), (36, 198), (118, 145), (117, 119), (36, 42), (42, 43), (117, 198), (55, 64), (64, 67), (91, 118), (109, 136), (15, 177), (66, 67)}
E2: {(58, 59), (162, 171), (108, 109), (162, 168), (228, 229), (87, 89), (61, 70), (76, 238), (49, 50), (171, 198), (43, 70), (87, 168), (13, 14), (198, 200), (209, 212), (200, 209), (209, 215), (58, 61), (168, 177), (163, 166), (108, 117), (49, 211), (69, 70), (36, 198), (22, 25), (58, 76), (209, 236), (134, 215), (108, 135), (50, 212), (182, 209), (36, 45), (49, 76), (13, 22), (64, 70), (117, 198), (162, 163), (9, 171), (22, 76), (32, 50), (229, 238), (69, 78), (0, 9), (87, 114), (114, 195)}
Obj: 29681

