Log for instance aco_tuning_out/inst06.txt.

Used ({'tau0': 4.020220899909005e-06, 'xi': 0.13174644598316573, 'q0': 0.6110235189733683, 'alpha': 1.6598844502421457, 'beta': 1.4439786122174993, 'rho': 0.18623233223962188, 'ants': 32}) and found best instance after 128.34375 seconds.
E1: {(128, 130), (232, 236), (180, 244), (206, 238), (228, 244), (237, 253), (210, 211), (39, 167), (17, 21), (2, 130), (121, 249), (172, 236), (206, 207), (128, 129), (174, 175), (45, 61), (174, 190), (206, 222), (212, 244), (21, 85), (105, 121), (221, 253), (167, 175), (17, 145), (172, 174), (129, 145), (28, 29), (29, 61), (85, 87), (166, 167), (83, 87), (236, 238), (135, 167), (24, 28), (130, 162), (240, 244), (162, 166), (128, 192), (249, 253), (89, 121), (50, 114), (50, 178), (162, 178), (228, 236), (21, 29), (23, 87), (46, 174), (78, 206), (236, 237), (2, 3), (2, 6), (83, 211), (21, 53)}
E2: {(193, 195), (193, 201), (32, 34), (32, 40), (163, 167), (82, 90), (156, 158), (180, 244), (86, 87), (129, 131), (193, 225), (196, 197), (2, 66), (187, 191), (68, 69), (69, 101), (189, 191), (196, 212), (87, 119), (193, 197), (32, 36), (212, 244), (82, 86), (3, 131), (167, 175), (17, 81), (17, 145), (244, 245), (132, 196), (129, 145), (170, 186), (166, 167), (230, 231), (32, 96), (226, 230), (175, 191), (81, 89), (2, 34), (131, 163), (158, 190), (5, 69), (69, 197), (129, 193), (2, 3), (186, 190), (2, 18), (166, 230), (66, 82), (158, 159), (159, 191)}
Obj: 30518

