Log for instance aco_tuning_out/inst30.txt.

Used ({'tau_0': 4.5971794894411765e-06, 'xi': 0.07935886436067696, 'q0': 0.6133148179425765, 'alpha': 0.959591163017489, 'beta': 1.7442602148622774, 'rho': 0.32248764047634604, 'ants': 29}) and found best instance after 30.296875 seconds.
E1: {(93, 102), (226, 229), (147, 149), (93, 120), (171, 177), (29, 32), (116, 134), (91, 92), (14, 95), (149, 152), (93, 147), (93, 95), (92, 173), (200, 209), (171, 173), (148, 229), (209, 215), (147, 148), (28, 109), (164, 173), (191, 197), (25, 52), (209, 236), (116, 197), (195, 197), (64, 226), (164, 191), (28, 29), (197, 215), (211, 214), (9, 171), (0, 9), (92, 95), (214, 215), (29, 191), (52, 214)}
E2: {(166, 175), (154, 155), (145, 146), (33, 42), (39, 201), (66, 228), (0, 2), (39, 42), (144, 147), (135, 144), (20, 47), (65, 146), (39, 66), (174, 175), (2, 20), (154, 157), (200, 209), (47, 128), (144, 146), (209, 236), (64, 226), (118, 145), (19, 20), (109, 118), (66, 147), (174, 177), (128, 134), (146, 155), (91, 118), (71, 152), (145, 226), (174, 201), (128, 155), (47, 209), (65, 71), (19, 25), (33, 195), (45, 47), (20, 182)}
Obj: 32278

