Log for instance aco_tuning_out/inst24.txt.

Used ({'tau0': 1.3887935962446564e-06, 'xi': 0.06336511258122715, 'q0': 0.5149941610044446, 'alpha': 1.5531450358806447, 'beta': 0.41875271579630713, 'rho': 0.16981098283759344, 'ants': 13}) and found best instance after 8.828125 seconds.
E1: {(154, 155), (42, 106), (90, 94), (162, 226), (188, 190), (243, 251), (99, 103), (156, 158), (0, 2), (248, 250), (155, 159), (252, 253), (156, 188), (92, 94), (57, 185), (122, 250), (34, 162), (30, 94), (30, 158), (240, 248), (249, 251), (45, 61), (10, 42), (160, 176), (99, 227), (12, 76), (221, 253), (248, 252), (176, 184), (10, 11), (143, 159), (10, 14), (2, 10), (106, 122), (235, 251), (144, 176), (249, 253), (184, 185), (130, 162), (226, 227), (42, 43), (139, 143), (2, 34), (12, 14), (188, 252), (76, 108), (141, 143), (71, 103), (42, 58), (40, 42), (57, 61), (11, 15), (158, 159), (184, 248)}
E2: {(177, 181), (42, 106), (156, 158), (181, 245), (237, 253), (252, 253), (251, 255), (156, 188), (114, 118), (1, 3), (34, 162), (117, 245), (53, 181), (158, 222), (249, 251), (231, 239), (88, 90), (10, 42), (181, 183), (245, 253), (221, 253), (176, 178), (88, 120), (165, 181), (127, 255), (118, 246), (1, 5), (187, 251), (2, 10), (63, 127), (199, 231), (120, 124), (144, 176), (249, 253), (88, 89), (162, 166), (226, 230), (145, 147), (180, 181), (2, 34), (237, 239), (188, 252), (60, 124), (85, 117), (124, 252), (162, 178), (228, 230), (176, 177), (145, 177), (195, 199), (230, 246), (2, 3), (166, 230), (175, 239)}
Obj: 30827

