Log for instance aco_tuning_out/inst24.txt.

Used ({'tau0': 7.103605161777611e-06, 'xi': 0.13387993202949272, 'q0': 0.5522845785971021, 'alpha': 0.8010267528590788, 'beta': 1.1979962907017299, 'rho': 0.33102581714472007, 'ants': 26}) and found best instance after 41.234375 seconds.
E1: {(76, 92), (42, 106), (99, 103), (15, 143), (188, 190), (44, 45), (155, 187), (107, 235), (43, 107), (0, 2), (128, 160), (40, 44), (252, 253), (186, 250), (2, 130), (179, 187), (240, 242), (45, 61), (74, 106), (58, 186), (44, 108), (128, 144), (12, 76), (221, 253), (143, 159), (106, 107), (34, 42), (74, 90), (139, 143), (2, 34), (188, 252), (76, 108), (141, 143), (99, 107), (71, 103), (139, 155), (42, 58), (40, 42), (186, 187), (0, 128), (154, 186), (57, 61), (179, 243), (186, 190), (242, 250)}
E2: {(162, 226), (188, 190), (155, 187), (147, 155), (84, 212), (237, 253), (0, 2), (187, 191), (186, 250), (212, 214), (122, 250), (34, 162), (253, 255), (53, 181), (120, 122), (231, 239), (88, 90), (148, 180), (180, 188), (181, 183), (221, 253), (191, 255), (88, 120), (165, 181), (0, 1), (1, 5), (2, 10), (106, 122), (214, 222), (63, 191), (88, 89), (162, 166), (175, 191), (180, 181), (2, 34), (147, 211), (84, 85), (162, 178), (60, 188), (228, 236), (144, 148), (186, 187), (236, 237), (186, 190), (178, 186), (114, 122), (148, 212), (195, 211), (175, 239)}
Obj: 27545

