Log for instance aco_tuning_out/inst15.txt.

Used ({'tau0': 3.462877209278076e-06, 'xi': 0.0658154748162855, 'q0': 0.6970370798529836, 'alpha': 1.3037173239481683, 'beta': 0.3291761938293081, 'rho': 0.413035014315252, 'ants': 16}) and found best instance after 6.296875 seconds.
E1: {(4, 58), (3, 4), (39, 201), (171, 180), (64, 145), (34, 43), (30, 33), (28, 109), (136, 145), (81, 84), (30, 39), (171, 173), (180, 234), (72, 78), (180, 182), (81, 99), (58, 76), (31, 34), (118, 145), (173, 200), (31, 58), (153, 234), (174, 177), (76, 157), (91, 118), (109, 136), (72, 153), (174, 201), (201, 228), (99, 180), (3, 84), (33, 195), (28, 34), (30, 31)}
E2: {(81, 82), (3, 4), (4, 58), (162, 171), (166, 184), (226, 229), (162, 168), (171, 177), (21, 22), (2, 164), (88, 106), (226, 235), (5, 59), (184, 211), (228, 229), (75, 78), (2, 11), (11, 14), (5, 86), (20, 47), (45, 46), (83, 164), (171, 173), (82, 83), (81, 84), (22, 184), (181, 235), (40, 202), (209, 215), (47, 128), (164, 173), (58, 67), (46, 47), (168, 195), (86, 89), (58, 76), (40, 43), (20, 101), (64, 226), (50, 212), (173, 200), (235, 236), (40, 67), (81, 135), (128, 134), (21, 75), (0, 162), (82, 88), (181, 182), (25, 106), (22, 76), (32, 50), (82, 109), (3, 84), (202, 229), (47, 209), (83, 86), (212, 215), (83, 101)}
Obj: 34378

