Log for instance aco_tuning_out/inst18.txt.

Used ({'tau0': 8.524438848395618e-06, 'xi': 0.08260719400248602, 'q0': 0.6770641636613806, 'alpha': 0.6089210219484695, 'beta': 0.5746980829231113, 'rho': 0.06462761009956378, 'ants': 17}) and found best instance after 229.125 seconds.
E1: {(193, 201), (81, 85), (58, 62), (5, 7), (150, 151), (0, 2), (128, 160), (2, 66), (1, 3), (1, 9), (252, 253), (85, 213), (62, 126), (197, 213), (45, 61), (193, 197), (26, 90), (61, 63), (147, 151), (245, 253), (31, 95), (31, 159), (39, 47), (46, 62), (1, 5), (29, 61), (213, 215), (47, 111), (6, 7), (151, 215), (110, 238), (47, 63), (54, 62), (213, 245), (107, 111), (99, 107), (46, 110), (7, 39), (80, 81), (57, 61), (0, 128), (26, 58), (2, 6), (62, 63), (31, 63), (151, 159), (209, 213)}
E2: {(168, 172), (160, 168), (154, 158), (168, 184), (40, 44), (113, 117), (44, 60), (112, 240), (8, 9), (161, 163), (82, 114), (252, 253), (114, 118), (1, 9), (8, 24), (78, 110), (115, 123), (117, 245), (30, 158), (62, 126), (168, 232), (160, 161), (82, 86), (44, 108), (44, 172), (245, 253), (221, 253), (101, 117), (142, 158), (112, 114), (8, 72), (46, 62), (1, 5), (54, 118), (110, 238), (108, 110), (82, 210), (81, 89), (51, 115), (46, 110), (30, 62), (113, 115), (150, 158), (112, 113), (80, 81), (81, 113), (66, 82), (54, 62), (8, 40)}
Obj: 27663

