Log for instance aco_tuning_out/inst18.txt.

Used ({'tau_0': 9.519734246967097e-06, 'xi': 0.07937813294122376, 'q0': 0.41673979688805995, 'alpha': 1.6749976300577816, 'beta': 0.7383106546614165, 'rho': 0.29031514757956295, 'ants': 27}) and found best instance after 18.078125 seconds.
E1: {(128, 136), (193, 201), (105, 107), (82, 90), (108, 109), (3, 7), (50, 58), (5, 7), (86, 87), (150, 151), (12, 28), (128, 160), (87, 95), (252, 253), (114, 118), (136, 140), (85, 213), (197, 213), (9, 41), (110, 126), (193, 197), (105, 109), (82, 86), (147, 151), (12, 76), (245, 253), (46, 47), (41, 57), (12, 140), (80, 82), (39, 47), (28, 29), (213, 215), (85, 87), (54, 118), (47, 111), (6, 7), (151, 215), (110, 238), (47, 63), (50, 114), (41, 105), (213, 245), (76, 108), (99, 107), (46, 110), (118, 126), (7, 39), (66, 82), (109, 111), (45, 47), (86, 118), (151, 159), (209, 213)}
E2: {(168, 172), (24, 88), (32, 40), (220, 222), (168, 184), (72, 88), (206, 238), (113, 117), (210, 214), (82, 114), (28, 30), (220, 252), (1, 9), (172, 236), (244, 252), (117, 245), (168, 232), (110, 126), (206, 222), (220, 221), (82, 86), (163, 227), (52, 54), (99, 227), (28, 60), (150, 214), (52, 60), (80, 82), (101, 117), (49, 113), (106, 110), (40, 168), (80, 88), (106, 107), (236, 238), (244, 245), (138, 142), (1, 5), (214, 222), (88, 89), (1, 17), (138, 154), (110, 238), (240, 244), (24, 28), (32, 160), (108, 110), (82, 210), (99, 107), (142, 206), (107, 123), (78, 206), (49, 51), (66, 82), (17, 49)}
Obj: 32685

