Log for instance aco_tuning_out/inst27.txt.

Used ({'tau0': 4.426929263156353e-06, 'xi': 0.06025838234537617, 'q0': 0.705001489203017, 'alpha': 1.7379886783859488, 'beta': 1.7095931918554976, 'rho': 0.10716913974093385, 'ants': 23}) and found best instance after 108.9375 seconds.
E1: {(204, 220), (243, 251), (146, 154), (155, 187), (147, 155), (4, 6), (43, 107), (60, 62), (108, 124), (23, 31), (4, 36), (27, 31), (249, 251), (209, 213), (6, 14), (62, 190), (146, 147), (220, 221), (116, 124), (108, 236), (29, 31), (144, 146), (14, 30), (39, 47), (236, 238), (27, 155), (187, 251), (213, 215), (213, 221), (47, 111), (47, 63), (2, 34), (60, 124), (107, 111), (204, 236), (228, 236), (4, 132), (113, 115), (14, 142), (2, 3), (115, 243), (2, 6), (62, 63), (30, 31), (31, 63), (250, 251), (54, 62)}
E2: {(177, 181), (58, 59), (243, 251), (108, 109), (155, 187), (165, 167), (147, 155), (12, 13), (216, 218), (101, 109), (57, 121), (121, 249), (253, 255), (240, 242), (249, 251), (109, 125), (6, 14), (16, 144), (12, 76), (202, 218), (221, 253), (14, 15), (165, 181), (121, 123), (14, 30), (49, 177), (10, 14), (187, 251), (115, 119), (166, 167), (249, 253), (13, 141), (218, 250), (59, 123), (76, 108), (107, 111), (226, 242), (107, 123), (48, 49), (16, 48), (121, 125), (49, 57), (242, 250), (115, 243), (13, 15), (250, 251)}
Obj: 26767

