Log for instance aco_tuning_out/inst06.txt.

Used ({'tau0': 5.072339472437726e-06, 'xi': 0.06750660483788565, 'q0': 0.39673942663117334, 'alpha': 1.3764884196051321, 'beta': 0.7955077619397278, 'rho': 0.4521931615046479, 'ants': 17}) and found best instance after 11.359375 seconds.
E1: {(7, 23), (132, 164), (196, 228), (108, 109), (44, 45), (4, 6), (4, 12), (84, 212), (20, 84), (164, 180), (3, 19), (101, 109), (8, 12), (97, 105), (82, 114), (1, 3), (221, 223), (8, 24), (142, 174), (238, 239), (83, 211), (37, 45), (128, 129), (224, 228), (128, 132), (7, 135), (192, 196), (166, 230), (82, 83), (174, 190), (224, 240), (44, 108), (142, 143), (12, 76), (159, 223), (135, 143), (4, 20), (97, 101), (143, 159), (19, 23), (138, 142), (132, 196), (130, 138), (76, 78), (109, 237), (217, 249), (110, 238), (37, 53), (147, 211), (82, 210), (228, 230), (76, 108), (84, 85), (222, 223), (46, 110), (164, 172), (4, 132), (46, 174), (143, 207), (7, 39), (217, 221), (1, 129), (89, 93), (19, 147), (93, 221), (224, 232), (175, 239)}
E2: {(119, 127), (241, 245), (193, 195), (32, 34), (196, 228), (81, 85), (162, 226), (193, 201), (32, 40), (84, 212), (197, 229), (2, 66), (1, 3), (186, 250), (156, 188), (157, 159), (34, 162), (189, 191), (224, 225), (196, 212), (224, 228), (174, 175), (174, 190), (193, 197), (32, 36), (162, 170), (90, 218), (188, 189), (180, 188), (157, 189), (31, 95), (14, 30), (225, 229), (17, 81), (170, 174), (1, 5), (10, 14), (132, 196), (2, 10), (225, 241), (68, 196), (230, 231), (1, 17), (32, 96), (226, 230), (175, 191), (162, 163), (2, 34), (228, 230), (81, 89), (84, 85), (218, 250), (101, 229), (186, 187), (1, 129), (186, 190), (2, 18), (166, 230), (30, 31), (95, 127)}
Obj: 37438

