Log for instance aco_tuning_out/inst15.txt.

Used ({'tau_0': 5.449825531692064e-06, 'xi': 0.10463551100918586, 'q0': 0.3791032022582517, 'alpha': 1.5968901194470106, 'beta': 0.6682022659911173, 'rho': 0.3643260630360847, 'ants': 18}) and found best instance after 7.515625 seconds.
E1: {(43, 205), (162, 171), (55, 136), (171, 177), (139, 148), (171, 180), (124, 205), (162, 189), (189, 191), (54, 55), (63, 64), (121, 148), (136, 139), (171, 225), (180, 182), (118, 124), (118, 121), (191, 200), (63, 225), (109, 118), (63, 69), (54, 60), (91, 118), (60, 69), (225, 228), (60, 78), (189, 195), (148, 157)}
E2: {(43, 205), (72, 73), (58, 59), (39, 201), (54, 135), (237, 238), (75, 237), (96, 177), (184, 211), (66, 75), (20, 47), (14, 95), (205, 206), (57, 75), (189, 191), (184, 238), (78, 159), (39, 66), (105, 106), (72, 75), (30, 39), (82, 83), (209, 215), (20, 74), (237, 240), (86, 89), (191, 200), (209, 236), (20, 101), (86, 95), (191, 209), (134, 215), (30, 32), (72, 74), (206, 215), (96, 105), (82, 85), (27, 54), (64, 73), (54, 72), (85, 166), (25, 106), (201, 228), (57, 58), (82, 109), (47, 209), (159, 240), (83, 86), (45, 47), (189, 195), (83, 101), (20, 182), (0, 27), (105, 159)}
Obj: 30809

