Log for instance aco_tuning_out/inst06.txt.

Used ({'tau0': 6.651155935593466e-06, 'xi': 0.0698190378741818, 'q0': 0.8638669115585977, 'alpha': 1.1622049190539232, 'beta': 1.595958584283492, 'rho': 0.31540247478897615, 'ants': 9}) and found best instance after 8.390625 seconds.
E1: {(177, 181), (17, 21), (156, 188), (240, 242), (105, 109), (147, 151), (112, 114), (29, 61), (166, 167), (24, 28), (151, 159), (108, 109), (156, 158), (0, 2), (210, 211), (1, 3), (158, 222), (142, 143), (78, 79), (129, 145), (135, 167), (249, 253), (76, 108), (188, 252), (112, 113), (14, 142), (135, 151), (130, 146), (200, 201), (47, 175), (87, 95), (91, 95), (196, 212), (174, 175), (45, 61), (146, 147), (221, 253), (49, 113), (49, 177), (143, 159), (114, 242), (10, 14), (172, 174), (28, 29), (2, 10), (76, 78), (110, 238), (105, 233), (180, 181), (46, 110), (23, 87), (200, 232), (46, 174), (78, 206), (143, 207), (196, 198), (17, 49), (206, 238), (237, 253), (201, 233), (252, 253), (198, 206), (53, 181), (192, 196), (6, 14), (174, 190), (83, 115), (206, 222), (21, 85), (89, 91), (0, 1), (142, 158), (28, 156), (39, 47), (17, 145), (146, 210), (79, 95), (113, 115), (83, 211)}
E2: {(181, 245), (244, 246), (156, 188), (2, 130), (96, 97), (105, 109), (188, 189), (31, 95), (31, 159), (115, 119), (68, 196), (166, 167), (2, 34), (213, 245), (97, 225), (132, 164), (90, 94), (243, 251), (108, 109), (156, 158), (70, 198), (0, 2), (193, 225), (1, 3), (131, 195), (158, 222), (249, 251), (44, 108), (142, 143), (97, 101), (1, 5), (132, 196), (187, 251), (36, 164), (249, 253), (18, 146), (76, 108), (188, 252), (131, 163), (66, 70), (130, 146), (30, 31), (193, 195), (40, 44), (129, 131), (97, 105), (187, 191), (91, 95), (244, 252), (174, 175), (193, 197), (143, 159), (212, 213), (244, 245), (76, 78), (199, 231), (180, 181), (78, 206), (196, 198), (115, 243), (193, 201), (163, 167), (252, 253), (198, 206), (30, 94), (174, 190), (83, 115), (206, 222), (89, 91), (0, 1), (142, 158), (170, 174), (17, 81), (198, 199), (226, 230), (81, 83), (175, 191), (230, 246), (1, 129)}
Obj: 42553

