Log for instance aco_tuning_out/inst21.txt.

Used ({'tau_0': 5.449825531692064e-06, 'xi': 0.10463551100918586, 'q0': 0.3791032022582517, 'alpha': 1.5968901194470106, 'beta': 0.6682022659911173, 'rho': 0.3643260630360847, 'ants': 18}) and found best instance after 8.75 seconds.
E1: {(37, 64), (147, 149), (66, 228), (190, 199), (29, 32), (208, 214), (144, 147), (217, 220), (135, 144), (181, 208), (190, 208), (36, 37), (166, 220), (190, 217), (168, 177), (168, 186), (36, 45), (168, 222), (66, 147), (187, 214), (12, 66), (146, 149), (146, 152), (181, 182), (12, 14), (222, 223), (199, 200), (190, 191), (37, 199), (9, 12), (186, 187), (29, 191), (9, 36)}
E2: {(111, 120), (43, 205), (106, 133), (3, 4), (4, 58), (109, 190), (18, 20), (58, 59), (159, 160), (190, 199), (184, 211), (190, 196), (89, 98), (123, 124), (84, 111), (100, 101), (78, 159), (0, 81), (111, 113), (106, 187), (157, 160), (81, 84), (58, 67), (150, 159), (135, 137), (20, 101), (32, 194), (169, 187), (114, 123), (100, 106), (196, 205), (91, 100), (123, 150), (169, 196), (64, 67), (137, 146), (184, 187), (146, 152), (182, 236), (25, 106), (150, 152), (124, 133), (169, 223), (199, 200), (18, 45), (3, 84), (195, 196), (96, 150), (113, 194), (20, 182), (96, 98), (111, 114)}
Obj: 33571

