Log for instance aco_tuning_out/inst24.txt.

Used ({'tau_0': 9.519734246967097e-06, 'xi': 0.07937813294122376, 'q0': 0.41673979688805995, 'alpha': 1.6749976300577816, 'beta': 0.7383106546614165, 'rho': 0.29031514757956295, 'ants': 27}) and found best instance after 17.328125 seconds.
E1: {(76, 92), (15, 143), (188, 190), (44, 45), (107, 235), (43, 107), (12, 13), (152, 154), (0, 2), (40, 44), (128, 160), (112, 240), (114, 115), (252, 253), (40, 56), (2, 130), (122, 250), (56, 58), (71, 199), (58, 122), (74, 106), (44, 108), (128, 144), (12, 76), (221, 253), (14, 15), (144, 152), (112, 114), (143, 159), (106, 107), (10, 14), (2, 10), (106, 122), (74, 90), (56, 57), (13, 141), (151, 215), (56, 60), (139, 143), (2, 34), (188, 252), (76, 108), (60, 188), (0, 128), (199, 215), (114, 122), (115, 243), (10, 74), (151, 159)}
E2: {(98, 226), (165, 167), (72, 88), (125, 253), (237, 253), (178, 179), (147, 179), (131, 195), (34, 98), (179, 187), (253, 255), (53, 181), (88, 90), (74, 106), (61, 63), (60, 61), (21, 85), (181, 183), (221, 253), (176, 178), (88, 120), (165, 181), (5, 21), (167, 175), (179, 183), (2, 10), (166, 167), (230, 231), (214, 222), (53, 61), (117, 125), (72, 74), (88, 89), (144, 176), (226, 230), (230, 246), (180, 181), (2, 34), (228, 230), (85, 117), (214, 246), (98, 114), (10, 74), (166, 230), (21, 53), (131, 147)}
Obj: 28448

