Log for instance aco_tuning_out/inst24.txt.

Used ({'tau_0': 1.34326092400037e-06, 'xi': 0.13441645763893803, 'q0': 0.4083523399061119, 'alpha': 0.5070175800996563, 'beta': 0.9994669821848109, 'rho': 0.2873914507152631, 'ants': 17}) and found best instance after 262.953125 seconds.
E1: {(76, 92), (42, 106), (58, 59), (243, 251), (15, 143), (12, 13), (13, 45), (0, 2), (104, 108), (128, 160), (242, 243), (186, 250), (2, 130), (220, 252), (122, 250), (7, 71), (240, 242), (220, 221), (128, 144), (12, 76), (40, 104), (57, 59), (143, 159), (34, 42), (106, 122), (235, 251), (13, 141), (7, 15), (139, 143), (2, 34), (76, 108), (141, 143), (42, 58), (104, 106), (43, 59), (90, 122), (154, 186), (0, 128), (186, 190), (242, 250), (92, 220)}
E2: {(183, 191), (90, 91), (90, 94), (98, 226), (237, 253), (146, 178), (187, 191), (34, 98), (178, 182), (253, 255), (53, 181), (120, 122), (94, 222), (146, 147), (180, 182), (21, 85), (181, 183), (221, 253), (191, 255), (165, 181), (89, 91), (144, 146), (5, 21), (2, 10), (106, 122), (230, 231), (120, 124), (199, 231), (63, 191), (226, 230), (166, 182), (180, 181), (2, 34), (228, 230), (175, 191), (60, 124), (98, 114), (90, 122), (195, 199), (114, 122), (166, 230), (21, 53)}
Obj: 25088

