Log for instance aco_tuning_out/inst06.txt.

Used ({'tau0': 3.5413625395276035e-06, 'xi': 0.13677021617214064, 'q0': 0.40454797157881806, 'alpha': 1.9054287973649844, 'beta': 1.2761266989533575, 'rho': 0.43117638553854254, 'ants': 24}) and found best instance after 13.71875 seconds.
E1: {(128, 130), (128, 136), (136, 137), (105, 107), (58, 59), (81, 85), (188, 190), (58, 62), (27, 59), (43, 107), (4, 12), (50, 58), (52, 180), (86, 87), (84, 212), (3, 19), (210, 214), (252, 253), (129, 137), (19, 27), (174, 175), (14, 46), (240, 248), (6, 14), (62, 190), (174, 190), (143, 175), (180, 188), (12, 76), (46, 47), (221, 253), (86, 214), (135, 143), (248, 252), (39, 47), (0, 4), (234, 238), (46, 62), (0, 16), (172, 174), (19, 23), (76, 78), (232, 234), (214, 222), (174, 238), (249, 253), (128, 192), (16, 24), (166, 182), (81, 83), (50, 114), (237, 239), (12, 14), (188, 252), (84, 85), (81, 89), (52, 53), (182, 190), (23, 87), (43, 59), (143, 207), (0, 128), (19, 83), (45, 47), (175, 239)}
E2: {(192, 194), (168, 172), (193, 195), (193, 201), (132, 164), (188, 190), (82, 90), (84, 212), (197, 229), (164, 180), (129, 131), (193, 225), (17, 21), (89, 217), (66, 194), (156, 188), (187, 191), (132, 133), (142, 174), (189, 191), (68, 84), (128, 129), (192, 193), (174, 175), (128, 132), (174, 190), (82, 83), (83, 115), (193, 197), (192, 208), (201, 217), (180, 182), (188, 189), (142, 143), (3, 131), (229, 245), (5, 21), (194, 226), (40, 168), (143, 159), (0, 16), (172, 174), (115, 119), (36, 164), (199, 231), (168, 170), (16, 18), (128, 192), (166, 182), (66, 98), (131, 163), (182, 190), (101, 229), (208, 212), (5, 133), (0, 128), (34, 35), (195, 199), (3, 35), (66, 82), (96, 98)}
Obj: 37097

