Log for instance aco_tuning_out/inst09.txt.

Used ({'tau_0': 7.812894719628246e-06, 'xi': 0.0766649900567211, 'q0': 0.3937027431240757, 'alpha': 1.3517471324904988, 'beta': 1.9563494025351882, 'rho': 0.17338412974172868, 'ants': 20}) and found best instance after 27.109375 seconds.
E1: {(188, 242), (13, 94), (54, 135), (0, 54), (139, 157), (84, 102), (234, 236), (72, 234), (166, 220), (13, 14), (85, 94), (240, 242), (94, 121), (84, 86), (86, 89), (139, 220), (40, 43), (85, 139), (54, 57), (120, 121), (177, 179), (78, 240), (54, 72), (220, 223), (13, 40), (58, 139), (57, 58), (234, 240), (179, 188), (85, 86)}
E2: {(123, 204), (80, 242), (32, 113), (125, 134), (59, 140), (122, 125), (195, 204), (238, 239), (166, 220), (157, 238), (220, 221), (177, 204), (86, 89), (113, 122), (27, 30), (86, 113), (30, 32), (25, 79), (79, 80), (113, 140), (140, 221), (123, 150), (27, 45), (220, 223), (150, 152), (239, 242), (220, 238), (211, 238), (123, 125), (0, 27), (120, 123)}
Obj: 26865

