Log for instance aco_tuning_out/inst27.txt.

Used ({'tau0': 7.103605161777611e-06, 'xi': 0.13387993202949272, 'q0': 0.5522845785971021, 'alpha': 0.8010267528590788, 'beta': 1.1979962907017299, 'rho': 0.33102581714472007, 'ants': 26}) and found best instance after 59.5625 seconds.
E1: {(204, 220), (196, 228), (154, 158), (52, 116), (206, 238), (152, 154), (23, 31), (186, 250), (27, 31), (30, 158), (36, 52), (81, 209), (220, 221), (52, 54), (211, 215), (29, 31), (221, 253), (52, 60), (144, 152), (142, 158), (39, 47), (204, 206), (132, 196), (47, 111), (209, 211), (249, 253), (47, 63), (158, 190), (43, 47), (35, 43), (142, 206), (30, 62), (23, 87), (87, 215), (186, 187), (154, 186), (34, 35), (81, 113), (3, 35), (196, 204), (62, 63), (30, 31), (54, 62)}
E2: {(119, 127), (58, 62), (101, 103), (216, 218), (176, 240), (141, 157), (242, 243), (123, 127), (48, 176), (157, 159), (56, 58), (62, 126), (240, 242), (6, 14), (166, 230), (220, 221), (125, 127), (147, 151), (202, 218), (14, 15), (216, 220), (127, 255), (14, 30), (48, 56), (10, 14), (144, 176), (56, 57), (226, 230), (111, 127), (218, 250), (226, 242), (126, 127), (30, 62), (103, 119), (242, 250), (157, 221), (151, 159)}
Obj: 24620

