Log for instance aco_tuning_out/inst21.txt.

Used ({'tau0': 1.8744203829802787e-06, 'xi': 0.06974601013646063, 'q0': 0.6646227429685135, 'alpha': 0.837812461347453, 'beta': 0.9110718814664547, 'rho': 0.3627109167529502, 'ants': 14}) and found best instance after 8.015625 seconds.
E1: {(101, 155), (39, 201), (162, 171), (226, 229), (162, 168), (66, 228), (135, 138), (29, 32), (29, 47), (171, 198), (11, 14), (20, 47), (11, 20), (39, 66), (201, 202), (200, 209), (30, 39), (168, 177), (36, 198), (20, 101), (64, 226), (182, 209), (27, 30), (27, 36), (66, 147), (27, 45), (146, 155), (146, 152), (169, 223), (202, 229), (47, 209), (27, 29), (138, 147), (166, 169), (168, 169)}
E2: {(4, 58), (3, 4), (58, 59), (55, 136), (84, 87), (61, 70), (69, 71), (208, 211), (190, 199), (87, 89), (31, 32), (43, 70), (190, 208), (54, 55), (81, 84), (136, 145), (200, 209), (30, 39), (195, 222), (16, 25), (180, 182), (46, 47), (81, 99), (58, 76), (81, 108), (209, 236), (54, 216), (3, 30), (108, 135), (118, 145), (39, 120), (31, 58), (16, 70), (55, 58), (76, 157), (46, 208), (55, 61), (55, 64), (109, 136), (91, 118), (71, 152), (222, 223), (70, 71), (208, 209), (60, 69), (99, 180), (0, 3), (60, 78), (216, 222), (3, 84), (118, 199), (45, 47)}
Obj: 33893

