Log for instance aco_tuning_out/inst12.txt.

Used ({'tau_0': 2.760703391532889e-06, 'xi': 0.11284095755067615, 'q0': 0.39431429333058177, 'alpha': 1.2851296972235255, 'beta': 1.3966465894197229, 'rho': 0.20591685095973755, 'ants': 13}) and found best instance after 13.984375 seconds.
E1: {(93, 102), (189, 207), (39, 201), (128, 209), (93, 120), (208, 211), (207, 209), (84, 93), (40, 41), (199, 208), (120, 201), (84, 86), (27, 189), (40, 43), (45, 207), (182, 209), (109, 118), (128, 134), (91, 118), (201, 210), (85, 166), (32, 41), (84, 85), (208, 209), (39, 40), (207, 210), (83, 89), (118, 199), (83, 86), (189, 195), (0, 27)}
E2: {(106, 133), (4, 58), (58, 59), (189, 216), (99, 100), (110, 191), (98, 107), (43, 52), (89, 98), (75, 78), (109, 110), (189, 191), (98, 152), (223, 232), (72, 75), (99, 102), (49, 211), (133, 134), (58, 67), (58, 76), (191, 200), (209, 236), (54, 216), (49, 52), (191, 209), (52, 133), (106, 107), (135, 216), (100, 106), (4, 166), (231, 232), (177, 231), (49, 76), (76, 157), (64, 67), (54, 72), (205, 232), (25, 106), (45, 72), (32, 59), (75, 76), (43, 205)}
Obj: 32086

