Log for instance aco_tuning_out/inst06.txt.

Used ({'tau0': 4.4510989038433445e-06, 'xi': 0.08945606202546638, 'q0': 0.47345622448593194, 'alpha': 1.2900775735272525, 'beta': 0.7464788134566036, 'rho': 0.4234734074527042, 'ants': 18}) and found best instance after 12.890625 seconds.
E1: {(210, 242), (81, 85), (220, 222), (6, 134), (232, 248), (86, 87), (206, 238), (237, 253), (233, 237), (17, 21), (39, 167), (1, 3), (212, 220), (192, 193), (240, 242), (45, 61), (240, 248), (174, 190), (206, 222), (220, 221), (180, 182), (221, 253), (248, 249), (86, 214), (78, 79), (6, 38), (38, 46), (167, 175), (17, 81), (114, 242), (83, 87), (172, 174), (28, 29), (29, 61), (134, 166), (1, 17), (214, 222), (174, 238), (53, 61), (249, 253), (24, 28), (105, 233), (81, 83), (81, 89), (166, 182), (134, 135), (182, 190), (21, 29), (23, 87), (38, 39), (78, 206), (129, 193), (130, 134), (1, 129), (79, 207)}
E2: {(64, 66), (193, 195), (193, 201), (162, 226), (188, 190), (18, 26), (229, 231), (163, 179), (197, 229), (64, 96), (40, 44), (193, 225), (2, 66), (1, 3), (156, 188), (147, 179), (179, 187), (34, 162), (196, 212), (192, 193), (64, 65), (231, 239), (192, 196), (62, 190), (193, 197), (26, 90), (180, 182), (162, 170), (188, 189), (245, 247), (147, 151), (179, 183), (17, 81), (46, 62), (1, 5), (34, 42), (132, 196), (68, 196), (65, 81), (183, 247), (119, 247), (162, 166), (166, 182), (81, 89), (2, 34), (162, 163), (42, 46), (44, 46), (101, 229), (129, 193), (1, 129), (65, 193), (2, 18), (36, 44), (151, 159), (175, 239)}
Obj: 32936

