Log for instance aco_tuning_out/inst12.txt.

Used ({'tau0': 7.814861621349648e-06, 'xi': 0.138307434456488, 'q0': 0.43841983460807055, 'alpha': 1.339632899369741, 'beta': 1.2581696145841696, 'rho': 0.4518495513690369, 'ants': 15}) and found best instance after 8.265625 seconds.
E1: {(39, 201), (92, 119), (166, 193), (118, 119), (43, 52), (49, 50), (83, 101), (171, 198), (39, 48), (91, 92), (45, 46), (192, 193), (92, 173), (171, 173), (211, 212), (173, 182), (134, 215), (50, 212), (21, 48), (39, 120), (109, 118), (192, 195), (192, 201), (9, 171), (32, 50), (46, 49), (46, 52), (48, 49), (0, 9), (21, 102), (83, 89), (92, 101), (212, 215), (198, 201)}
E2: {(58, 59), (19, 46), (99, 100), (55, 136), (151, 232), (105, 186), (43, 52), (76, 238), (33, 51), (29, 32), (107, 134), (100, 101), (76, 79), (227, 233), (166, 220), (227, 236), (151, 152), (45, 46), (89, 107), (223, 232), (99, 105), (177, 186), (79, 160), (99, 102), (51, 52), (78, 79), (58, 76), (200, 227), (20, 101), (19, 20), (27, 33), (55, 58), (76, 157), (151, 160), (109, 136), (64, 73), (73, 79), (135, 136), (101, 107), (46, 52), (220, 238), (211, 238), (19, 25), (46, 73), (27, 29), (232, 233)}
Obj: 32998

