Log for instance aco_tuning_out/inst30.txt.

Used ({'tau0': 5.420704371762057e-06, 'xi': 0.09688583805471983, 'q0': 0.31023948946680013, 'alpha': 0.7611440380801126, 'beta': 1.2418611307887504, 'rho': 0.4656758616586811, 'ants': 22}) and found best instance after 35.625 seconds.
E1: {(93, 102), (171, 174), (109, 190), (208, 211), (190, 199), (190, 208), (195, 204), (227, 236), (64, 65), (172, 199), (93, 174), (120, 201), (177, 204), (200, 227), (26, 53), (17, 26), (201, 204), (53, 134), (171, 172), (9, 171), (50, 53), (65, 227), (71, 152), (32, 50), (174, 201), (199, 200), (17, 71), (14, 17), (0, 9), (65, 71), (25, 26), (91, 172)}
E2: {(231, 240), (165, 219), (109, 190), (159, 160), (18, 99), (190, 199), (64, 145), (135, 141), (190, 196), (133, 214), (236, 242), (195, 204), (152, 233), (157, 160), (240, 242), (99, 105), (204, 231), (165, 166), (133, 134), (228, 231), (219, 228), (177, 204), (25, 52), (141, 159), (164, 182), (233, 242), (118, 145), (164, 191), (196, 214), (91, 118), (190, 191), (199, 200), (18, 45), (159, 240), (133, 160), (118, 199), (0, 18), (105, 159), (52, 214)}
Obj: 31043

