Log for instance aco_tuning_out/inst12.txt.

Used ({'tau0': 4.822265207889503e-06, 'xi': 0.13540262306958187, 'q0': 0.6138627392147109, 'alpha': 1.667403283011879, 'beta': 1.0113699636281308, 'rho': 0.16684714562074338, 'ants': 26}) and found best instance after 19.625 seconds.
E1: {(34, 196), (31, 32), (190, 199), (190, 196), (107, 134), (34, 43), (83, 164), (30, 39), (99, 102), (49, 211), (164, 167), (31, 34), (164, 182), (31, 49), (27, 30), (164, 191), (39, 120), (166, 167), (109, 118), (27, 45), (99, 101), (91, 118), (190, 191), (101, 107), (83, 89), (195, 196), (118, 199), (30, 31), (83, 101), (0, 27)}
E2: {(123, 204), (4, 58), (3, 4), (58, 59), (84, 87), (87, 89), (31, 32), (64, 145), (199, 205), (84, 102), (204, 213), (34, 43), (34, 52), (34, 61), (81, 84), (209, 215), (51, 52), (177, 204), (25, 52), (58, 76), (209, 236), (31, 34), (134, 215), (118, 145), (45, 51), (31, 58), (213, 215), (4, 166), (109, 118), (51, 213), (81, 135), (76, 157), (123, 150), (202, 205), (202, 211), (150, 152), (199, 200), (3, 84), (51, 78), (204, 205), (118, 199), (61, 223)}
Obj: 30097

