Log for instance aco_tuning_out/inst27.txt.

Used ({'tau0': 7.35696843598511e-06, 'xi': 0.13099405837312028, 'q0': 0.39430175087041053, 'alpha': 1.838983583452214, 'beta': 0.7213281426644318, 'rho': 0.11968092308615733, 'ants': 31}) and found best instance after 296.0625 seconds.
E1: {(132, 164), (146, 154), (52, 116), (23, 31), (186, 250), (27, 31), (249, 251), (209, 213), (62, 190), (36, 52), (52, 54), (164, 228), (29, 31), (52, 60), (144, 146), (14, 30), (113, 241), (39, 47), (10, 14), (236, 238), (187, 251), (2, 10), (213, 215), (47, 111), (217, 249), (36, 164), (241, 249), (47, 63), (209, 217), (2, 34), (204, 236), (43, 47), (228, 236), (30, 62), (217, 221), (14, 142), (154, 186), (186, 190), (2, 3), (62, 63), (30, 31), (250, 251), (54, 62)}
E2: {(119, 127), (101, 103), (216, 218), (176, 240), (242, 243), (251, 255), (48, 176), (56, 58), (240, 242), (249, 251), (6, 14), (146, 147), (10, 42), (125, 127), (202, 218), (14, 15), (144, 146), (127, 255), (14, 30), (48, 56), (103, 111), (10, 14), (123, 251), (144, 176), (217, 249), (56, 57), (13, 141), (226, 230), (111, 127), (218, 250), (226, 242), (42, 58), (217, 221), (242, 250), (166, 230), (13, 15), (250, 251)}
Obj: 23522

