Log for instance aco_tuning_out/inst03.txt.

Used ({'tau_0': 5.449825531692064e-06, 'xi': 0.10463551100918586, 'q0': 0.3791032022582517, 'alpha': 1.5968901194470106, 'beta': 0.6682022659911173, 'rho': 0.3643260630360847, 'ants': 18}) and found best instance after 11.125 seconds.
E1: {(76, 92), (47, 175), (193, 195), (200, 216), (155, 187), (211, 219), (216, 218), (210, 211), (40, 41), (8, 12), (200, 204), (17, 21), (8, 24), (76, 204), (87, 119), (240, 248), (143, 175), (6, 14), (9, 41), (216, 248), (65, 97), (220, 221), (12, 76), (20, 22), (41, 57), (21, 149), (216, 220), (6, 38), (135, 143), (39, 47), (17, 81), (97, 101), (83, 87), (155, 219), (65, 81), (200, 202), (81, 83), (147, 211), (6, 22), (12, 14), (204, 236), (134, 135), (228, 236), (200, 232), (143, 207), (81, 113), (210, 218), (65, 193), (36, 38), (83, 211), (21, 53), (68, 76), (22, 54), (6, 134), (8, 40)}
E2: {(154, 155), (197, 205), (15, 79), (193, 201), (32, 40), (98, 226), (107, 235), (211, 219), (4, 6), (13, 45), (43, 107), (215, 247), (5, 13), (164, 180), (216, 218), (38, 166), (210, 211), (210, 214), (123, 127), (34, 98), (148, 150), (132, 148), (160, 164), (192, 193), (32, 33), (73, 77), (148, 180), (4, 5), (245, 247), (32, 48), (150, 214), (77, 205), (6, 38), (79, 111), (49, 177), (0, 4), (155, 219), (63, 127), (214, 222), (36, 164), (13, 77), (151, 215), (198, 214), (32, 160), (111, 127), (73, 201), (98, 99), (107, 111), (99, 107), (164, 172), (4, 132), (98, 114), (48, 49), (9, 73), (218, 222), (34, 38), (214, 215), (151, 159), (17, 49)}
Obj: 34677

