Log for instance aco_tuning_out/inst15.txt.

Used ({'tau0': 1.909159906569024e-06, 'xi': 0.11956886836355252, 'q0': 0.3752425237189395, 'alpha': 1.7473087080286895, 'beta': 0.3768151318487377, 'rho': 0.3399270042677068, 'ants': 31}) and found best instance after 14.390625 seconds.
E1: {(72, 73), (37, 64), (162, 171), (171, 198), (36, 37), (195, 204), (198, 200), (37, 118), (162, 164), (72, 78), (204, 231), (228, 231), (177, 204), (36, 198), (164, 182), (109, 118), (76, 157), (73, 76), (91, 118), (64, 73), (198, 204), (37, 43)}
E2: {(38, 200), (58, 59), (108, 109), (162, 168), (38, 41), (40, 41), (51, 132), (234, 236), (162, 216), (7, 16), (72, 78), (8, 170), (4, 5), (40, 202), (168, 177), (16, 25), (219, 228), (58, 67), (168, 195), (16, 43), (54, 216), (31, 40), (108, 135), (31, 58), (4, 166), (27, 45), (168, 170), (64, 67), (27, 54), (54, 72), (0, 162), (4, 7), (202, 211), (182, 236), (5, 8), (216, 219), (4, 31), (132, 134), (51, 78), (5, 32), (8, 89), (216, 234), (14, 41), (27, 108)}
Obj: 27576

