Log for instance aco_tuning_out/inst12.txt.

Used ({'tau0': 5.498217034018323e-06, 'xi': 0.07476910638285614, 'q0': 0.4717218972346363, 'alpha': 1.947841791710605, 'beta': 1.831830451033867, 'rho': 0.12093333427234658, 'ants': 15}) and found best instance after 27.3125 seconds.
E1: {(175, 184), (166, 184), (162, 171), (110, 191), (116, 125), (125, 134), (29, 191), (29, 32), (184, 211), (171, 198), (109, 110), (122, 125), (172, 175), (189, 191), (120, 122), (89, 116), (99, 102), (90, 99), (124, 125), (36, 198), (43, 124), (164, 182), (164, 191), (36, 45), (110, 116), (171, 172), (0, 162), (90, 171), (189, 195), (189, 198), (91, 172)}
E2: {(166, 175), (43, 205), (58, 59), (88, 106), (50, 131), (218, 227), (135, 153), (218, 224), (131, 134), (143, 224), (102, 104), (218, 236), (72, 75), (72, 78), (99, 102), (173, 176), (89, 143), (58, 76), (200, 227), (55, 217), (64, 226), (205, 214), (175, 176), (88, 89), (55, 58), (104, 131), (99, 153), (226, 227), (178, 205), (76, 157), (177, 178), (211, 214), (82, 88), (173, 227), (25, 106), (45, 72), (72, 153), (32, 50), (217, 218), (143, 152), (82, 109), (75, 76), (175, 178), (223, 224)}
Obj: 31964

