Log for instance aco_tuning_out/inst24.txt.

Used ({'tau_0': 9.84719681858141e-06, 'xi': 0.07010842379960239, 'q0': 0.6134461647846249, 'alpha': 1.8618032848172066, 'beta': 0.8495777604552623, 'rho': 0.35523900559656113, 'ants': 21}) and found best instance after 7.21875 seconds.
E1: {(105, 107), (15, 143), (132, 164), (99, 103), (146, 154), (243, 251), (164, 165), (43, 107), (50, 58), (133, 141), (0, 2), (104, 108), (112, 240), (97, 105), (146, 178), (57, 121), (252, 253), (121, 249), (104, 120), (2, 130), (132, 133), (186, 250), (53, 181), (160, 164), (7, 71), (249, 251), (45, 61), (96, 97), (58, 122), (96, 112), (142, 143), (12, 76), (221, 253), (134, 142), (88, 120), (144, 146), (165, 181), (40, 104), (112, 114), (112, 120), (143, 159), (106, 122), (53, 61), (120, 121), (88, 92), (249, 253), (105, 233), (7, 15), (139, 143), (50, 114), (2, 34), (50, 178), (76, 108), (99, 107), (71, 103), (233, 235), (90, 122), (186, 190), (132, 134), (34, 50), (250, 251)}
E2: {(55, 63), (177, 181), (81, 85), (132, 164), (124, 126), (196, 228), (155, 187), (164, 165), (147, 155), (237, 253), (57, 121), (147, 179), (121, 249), (187, 191), (83, 91), (5, 37), (253, 255), (198, 206), (53, 181), (120, 122), (88, 90), (50, 51), (83, 115), (206, 222), (221, 253), (88, 120), (165, 181), (89, 91), (49, 113), (179, 183), (49, 177), (198, 199), (2, 10), (132, 196), (106, 122), (230, 231), (134, 166), (53, 55), (144, 176), (199, 231), (55, 183), (249, 253), (37, 53), (226, 230), (81, 83), (180, 181), (2, 34), (50, 114), (147, 211), (50, 178), (60, 124), (175, 191), (51, 179), (113, 115), (176, 177), (122, 126), (49, 57), (132, 134), (114, 122), (196, 198), (195, 211), (34, 50)}
Obj: 34762

