Log for instance aco_tuning_out/inst09.txt.

Used ({'tau_0': 4.822265207889503e-06, 'xi': 0.13540262306958187, 'q0': 0.6138627392147109, 'alpha': 1.667403283011879, 'beta': 1.0113699636281308, 'rho': 0.16684714562074338, 'ants': 26}) and found best instance after 21.28125 seconds.
E1: {(39, 201), (226, 229), (226, 235), (54, 135), (165, 167), (0, 54), (39, 42), (217, 223), (217, 235), (5, 86), (54, 55), (201, 202), (102, 183), (148, 229), (165, 166), (120, 201), (86, 89), (55, 217), (235, 236), (5, 167), (54, 60), (174, 177), (42, 43), (165, 174), (174, 201), (5, 14), (165, 183), (60, 78), (202, 229), (148, 157)}
E2: {(33, 42), (4, 58), (39, 201), (58, 59), (3, 4), (166, 193), (31, 32), (39, 42), (134, 161), (31, 193), (156, 157), (58, 61), (120, 201), (84, 86), (42, 123), (150, 159), (86, 89), (31, 40), (31, 58), (24, 25), (174, 177), (123, 150), (156, 159), (18, 24), (150, 152), (193, 211), (174, 201), (159, 161), (39, 40), (0, 3), (18, 45), (3, 84), (33, 195), (0, 18), (61, 223)}
Obj: 27268

