Log for instance aco_tuning_out/inst06.txt.

Used ({'tau_0': 6.651390889237055e-06, 'xi': 0.11158156951036152, 'q0': 0.3891327832249725, 'alpha': 0.5704086329673803, 'beta': 0.45022269695520334, 'rho': 0.05657845121910911, 'ants': 23}) and found best instance after 299.8125 seconds.
E1: {(232, 236), (81, 85), (166, 174), (25, 89), (208, 210), (83, 87), (81, 89), (208, 212), (121, 249), (206, 207), (180, 182), (46, 47), (3, 131), (240, 241), (24, 25), (249, 253), (241, 249), (37, 53), (182, 190), (14, 78), (172, 188), (220, 222), (129, 131), (130, 194), (212, 220), (37, 39), (174, 175), (14, 46), (180, 188), (221, 253), (114, 242), (194, 198), (23, 87), (78, 206), (45, 47), (131, 135), (192, 194), (210, 242), (206, 238), (237, 253), (198, 206), (6, 14), (174, 190), (206, 222), (220, 221), (105, 121), (39, 47), (236, 238), (174, 238), (89, 121), (81, 83), (130, 131)}
E2: {(193, 195), (193, 201), (162, 226), (81, 85), (96, 104), (68, 100), (193, 225), (225, 227), (2, 66), (1, 3), (187, 191), (100, 101), (156, 188), (34, 162), (189, 191), (117, 245), (132, 148), (166, 174), (148, 156), (88, 90), (174, 190), (193, 197), (96, 100), (163, 227), (162, 170), (188, 189), (180, 188), (40, 104), (97, 101), (1, 5), (17, 81), (117, 119), (36, 100), (1, 17), (88, 89), (162, 166), (175, 191), (162, 163), (2, 34), (81, 89), (85, 117), (190, 191), (2, 3), (1, 129), (227, 231), (97, 225), (2, 18), (148, 212), (159, 191)}
Obj: 30556

