Log for instance aco_tuning_out/inst09.txt.

Used ({'tau_0': 8.990632486830376e-06, 'xi': 0.09595706500151588, 'q0': 0.4417965567940394, 'alpha': 1.6457162341639056, 'beta': 1.8792939670585154, 'rho': 0.14228615039412212, 'ants': 30}) and found best instance after 37.09375 seconds.
E1: {(43, 205), (188, 242), (185, 188), (171, 174), (162, 171), (176, 185), (169, 170), (236, 242), (201, 202), (240, 242), (148, 229), (102, 183), (120, 201), (89, 170), (174, 177), (174, 183), (81, 135), (78, 240), (14, 176), (202, 205), (0, 162), (81, 162), (174, 201), (169, 223), (202, 229), (170, 188), (166, 169), (174, 176), (148, 157)}
E2: {(33, 42), (4, 58), (58, 59), (6, 33), (76, 238), (29, 32), (87, 89), (223, 241), (42, 44), (6, 87), (7, 25), (42, 123), (44, 53), (58, 76), (238, 241), (27, 33), (4, 166), (177, 231), (6, 7), (76, 157), (123, 150), (27, 45), (53, 134), (4, 7), (150, 152), (211, 238), (0, 6), (150, 231), (33, 195), (27, 29), (120, 123)}
Obj: 26674

