Log for instance aco_tuning_out/inst12.txt.

Used ({'tau0': 5.886189817315941e-06, 'xi': 0.08222368157872886, 'q0': 0.5177131034654385, 'alpha': 1.8715621976373542, 'beta': 1.496250370264296, 'rho': 0.33920762188241993, 'ants': 22}) and found best instance after 11.4375 seconds.
E1: {(166, 175), (81, 82), (203, 206), (32, 113), (116, 125), (125, 134), (208, 211), (190, 199), (84, 102), (171, 198), (190, 208), (0, 81), (176, 203), (89, 116), (83, 164), (81, 84), (82, 83), (171, 173), (173, 176), (164, 173), (36, 198), (113, 116), (125, 206), (195, 197), (36, 39), (198, 199), (182, 209), (39, 120), (175, 176), (197, 206), (27, 36), (109, 118), (27, 45), (82, 91), (43, 44), (208, 209), (44, 125), (118, 199)}
E2: {(166, 175), (171, 177), (21, 22), (96, 177), (87, 89), (64, 145), (190, 199), (208, 211), (208, 214), (133, 214), (171, 198), (66, 75), (190, 208), (125, 152), (205, 206), (172, 175), (198, 200), (172, 199), (72, 75), (154, 160), (72, 78), (133, 134), (22, 25), (234, 235), (66, 68), (125, 206), (135, 216), (118, 145), (235, 236), (205, 214), (153, 234), (197, 206), (109, 118), (21, 75), (171, 172), (43, 44), (59, 68), (197, 224), (45, 72), (154, 235), (72, 153), (87, 96), (44, 125), (32, 59), (21, 102), (133, 160), (118, 199), (216, 234), (157, 160), (223, 224)}
Obj: 34632

