Log for instance aco_tuning_out/inst27.txt.

Used ({'tau0': 9.119507042405133e-06, 'xi': 0.08312134642286392, 'q0': 0.652583610347572, 'alpha': 1.9538629702340153, 'beta': 0.5827075905861862, 'rho': 0.2829709186785237, 'ants': 20}) and found best instance after 13.703125 seconds.
E1: {(47, 175), (154, 155), (243, 251), (146, 154), (60, 62), (116, 244), (228, 244), (3, 19), (0, 2), (87, 95), (252, 253), (186, 250), (4, 36), (78, 110), (27, 31), (244, 252), (76, 204), (110, 111), (249, 251), (62, 190), (143, 175), (83, 115), (142, 143), (211, 215), (29, 31), (221, 253), (46, 47), (144, 146), (31, 95), (39, 47), (31, 159), (143, 159), (46, 62), (83, 87), (236, 238), (0, 4), (27, 155), (187, 251), (76, 78), (209, 211), (110, 238), (2, 34), (43, 47), (46, 110), (228, 236), (23, 87), (4, 132), (113, 115), (186, 187), (2, 3), (115, 243), (19, 83), (83, 211), (30, 31), (31, 63), (54, 62)}
E2: {(128, 136), (136, 137), (15, 79), (119, 127), (58, 59), (250, 254), (243, 251), (200, 216), (0, 2), (244, 246), (252, 253), (251, 255), (238, 239), (78, 110), (244, 252), (30, 94), (136, 200), (137, 141), (16, 144), (143, 175), (10, 42), (238, 254), (128, 144), (147, 151), (125, 127), (221, 253), (78, 79), (101, 117), (78, 94), (57, 59), (143, 159), (239, 255), (2, 10), (117, 125), (200, 202), (110, 238), (240, 244), (226, 230), (111, 127), (230, 246), (42, 46), (59, 123), (46, 110), (42, 58), (94, 126), (126, 127), (16, 48), (0, 128), (2, 6), (252, 254), (166, 230), (151, 159), (175, 239)}
Obj: 31660

