Log for instance aco_tuning_out/inst18.txt.

Used ({'tau0': 6.7016855702575265e-06, 'xi': 0.11061032973207813, 'q0': 0.8522979141088549, 'alpha': 0.9933756089527778, 'beta': 1.0108153997499625, 'rho': 0.20257431029412304, 'ants': 17}) and found best instance after 28.015625 seconds.
E1: {(64, 66), (128, 136), (136, 137), (90, 94), (58, 62), (156, 158), (70, 198), (206, 238), (150, 151), (128, 160), (2, 66), (156, 188), (148, 150), (5, 37), (198, 206), (158, 222), (37, 45), (132, 148), (94, 222), (62, 126), (148, 156), (45, 61), (128, 132), (37, 39), (110, 111), (209, 213), (85, 213), (206, 222), (197, 213), (64, 80), (61, 63), (147, 151), (46, 62), (29, 61), (213, 215), (110, 238), (151, 215), (137, 201), (188, 252), (107, 111), (213, 245), (99, 107), (46, 110), (66, 70), (9, 137), (57, 61), (2, 3), (62, 63), (94, 95), (6, 70), (151, 159), (54, 62)}
E2: {(55, 63), (128, 136), (136, 137), (232, 236), (154, 158), (108, 109), (156, 158), (163, 179), (206, 238), (70, 198), (101, 109), (128, 160), (210, 211), (114, 115), (252, 253), (156, 188), (1, 9), (148, 150), (8, 24), (115, 123), (198, 206), (158, 222), (83, 211), (132, 148), (148, 156), (62, 126), (30, 158), (244, 252), (128, 132), (83, 115), (206, 222), (51, 55), (108, 236), (221, 253), (142, 158), (179, 183), (8, 72), (46, 62), (8, 136), (236, 238), (244, 245), (1, 5), (184, 188), (110, 238), (55, 183), (240, 244), (81, 83), (81, 89), (188, 252), (51, 115), (60, 188), (46, 110), (113, 115), (78, 206), (80, 81), (66, 70), (9, 137), (70, 86), (62, 63), (172, 188), (54, 62), (8, 40)}
Obj: 30478

