Log for instance aco_tuning_out/inst18.txt.

Used ({'tau0': 6.013615341921658e-06, 'xi': 0.14211938125893342, 'q0': 0.3248975661404837, 'alpha': 1.1289454136305503, 'beta': 1.4285276537384943, 'rho': 0.3107997616316016, 'ants': 20}) and found best instance after 121.609375 seconds.
E1: {(32, 34), (99, 103), (124, 126), (82, 90), (50, 58), (150, 151), (39, 103), (2, 66), (1, 3), (1, 9), (110, 111), (85, 213), (197, 213), (45, 61), (110, 126), (50, 54), (61, 63), (147, 151), (80, 82), (31, 95), (31, 159), (103, 111), (46, 62), (1, 5), (29, 61), (213, 215), (151, 215), (110, 238), (137, 201), (32, 160), (2, 34), (54, 62), (213, 245), (124, 252), (46, 110), (57, 61), (9, 137), (2, 3), (2, 6), (66, 82), (62, 63), (34, 50), (31, 63), (151, 159), (209, 213)}
E2: {(168, 172), (160, 168), (146, 154), (168, 184), (232, 248), (72, 88), (163, 179), (8, 9), (113, 117), (82, 114), (28, 30), (1, 9), (123, 127), (252, 253), (8, 24), (78, 110), (117, 245), (168, 232), (240, 248), (146, 150), (50, 51), (110, 126), (50, 54), (82, 86), (28, 60), (245, 253), (221, 253), (80, 82), (248, 252), (101, 117), (14, 30), (40, 168), (8, 72), (80, 88), (1, 5), (88, 89), (110, 238), (24, 28), (146, 210), (108, 110), (82, 210), (50, 114), (51, 179), (126, 127), (14, 78), (14, 142), (66, 82), (8, 40)}
Obj: 27567

