Log for instance aco_tuning_out/inst12.txt.

Used ({'tau0': 7.199516623553175e-06, 'xi': 0.11757684122784635, 'q0': 0.8950304976400971, 'alpha': 1.7862372914817117, 'beta': 1.3396042945590478, 'rho': 0.08070539620138223, 'ants': 25}) and found best instance after 133.40625 seconds.
E1: {(166, 175), (84, 87), (175, 202), (87, 89), (33, 51), (29, 32), (51, 132), (84, 102), (34, 43), (0, 81), (97, 178), (96, 97), (81, 84), (28, 109), (99, 102), (180, 182), (28, 29), (123, 132), (91, 97), (45, 51), (33, 34), (202, 211), (87, 96), (96, 123), (99, 180), (132, 134), (33, 195), (175, 178), (28, 34), (120, 123)}
E2: {(166, 175), (226, 232), (171, 174), (175, 202), (21, 22), (38, 41), (171, 198), (75, 78), (135, 153), (152, 233), (174, 175), (21, 183), (223, 232), (83, 164), (171, 173), (82, 83), (72, 75), (102, 183), (164, 173), (36, 198), (22, 25), (153, 155), (64, 226), (173, 200), (174, 177), (174, 183), (76, 157), (128, 134), (21, 75), (202, 205), (205, 232), (59, 68), (32, 41), (202, 211), (45, 72), (22, 76), (72, 153), (128, 155), (41, 68), (82, 109), (83, 89), (36, 38), (43, 205), (232, 233), (155, 236)}
Obj: 31135

