Log for instance aco_tuning_out/inst27.txt.

Used ({'tau0': 1.7311092028219667e-06, 'xi': 0.08252852050291277, 'q0': 0.30102382451999166, 'alpha': 1.4307200972470873, 'beta': 1.366990204180299, 'rho': 0.3910589486840866, 'ants': 12}) and found best instance after 4.78125 seconds.
E1: {(137, 139), (136, 137), (33, 97), (105, 107), (171, 235), (15, 143), (136, 152), (107, 235), (155, 187), (7, 23), (43, 171), (152, 154), (113, 117), (44, 60), (97, 105), (1, 3), (187, 191), (186, 250), (28, 30), (205, 221), (224, 228), (249, 251), (96, 97), (6, 14), (81, 209), (1, 33), (10, 42), (142, 143), (211, 215), (28, 60), (15, 47), (144, 152), (234, 235), (36, 44), (14, 30), (39, 47), (234, 238), (10, 14), (27, 155), (2, 10), (97, 113), (28, 29), (235, 251), (217, 249), (54, 182), (6, 7), (96, 224), (42, 43), (81, 83), (209, 217), (47, 63), (116, 117), (107, 111), (43, 47), (2, 34), (139, 155), (190, 191), (182, 190), (171, 187), (217, 221), (186, 187), (132, 134), (204, 205), (83, 211), (6, 134)}
E2: {(119, 127), (105, 107), (162, 226), (132, 164), (15, 143), (98, 226), (202, 234), (144, 208), (242, 243), (97, 105), (186, 250), (147, 179), (123, 127), (115, 123), (34, 98), (184, 186), (160, 164), (240, 242), (6, 14), (10, 42), (58, 186), (125, 127), (188, 189), (98, 106), (142, 143), (157, 189), (134, 142), (208, 216), (49, 113), (127, 255), (14, 30), (97, 101), (106, 107), (34, 42), (10, 14), (170, 186), (184, 188), (208, 240), (162, 166), (107, 111), (141, 143), (113, 115), (48, 49), (107, 123), (170, 234), (179, 243), (49, 57), (242, 250), (115, 243), (132, 134), (157, 221), (160, 162)}
Obj: 34174

