Log for instance aco_tuning_out/inst27.txt.

Used ({'tau0': 4.822265207889503e-06, 'xi': 0.13540262306958187, 'q0': 0.6138627392147109, 'alpha': 1.667403283011879, 'beta': 1.0113699636281308, 'rho': 0.16684714562074338, 'ants': 26}) and found best instance after 19.96875 seconds.
E1: {(250, 254), (154, 155), (155, 187), (190, 254), (0, 2), (155, 159), (252, 253), (140, 204), (83, 211), (76, 204), (100, 116), (128, 132), (62, 190), (238, 254), (83, 115), (128, 144), (61, 63), (60, 61), (142, 143), (211, 215), (221, 253), (39, 47), (143, 159), (27, 155), (29, 61), (140, 142), (36, 100), (100, 228), (209, 211), (110, 238), (249, 253), (151, 215), (108, 110), (47, 63), (2, 34), (54, 62), (76, 108), (62, 63), (43, 47), (30, 62), (113, 115), (23, 151), (0, 128), (2, 3), (252, 254), (100, 108), (132, 140), (151, 159), (47, 111)}
E2: {(119, 127), (250, 254), (15, 143), (58, 62), (216, 218), (0, 2), (126, 254), (101, 109), (242, 243), (123, 127), (56, 58), (62, 126), (240, 242), (109, 125), (6, 14), (125, 127), (128, 144), (147, 151), (202, 218), (93, 125), (14, 15), (127, 255), (14, 30), (48, 56), (143, 159), (10, 14), (2, 10), (56, 57), (226, 230), (111, 127), (218, 250), (141, 143), (226, 242), (126, 127), (30, 62), (0, 128), (242, 250), (166, 230), (93, 221), (151, 159)}
Obj: 26184

