Log for instance aco_tuning_out/inst27.txt.

Used ({'tau0': 1.8744203829802787e-06, 'xi': 0.06974601013646063, 'q0': 0.6646227429685135, 'alpha': 0.837812461347453, 'beta': 0.9110718814664547, 'rho': 0.3627109167529502, 'ants': 14}) and found best instance after 8.90625 seconds.
E1: {(55, 63), (58, 59), (196, 228), (146, 154), (27, 59), (4, 6), (60, 62), (0, 2), (49, 53), (186, 250), (4, 36), (54, 55), (110, 111), (76, 204), (23, 55), (249, 251), (6, 14), (10, 42), (59, 63), (58, 186), (128, 144), (116, 124), (221, 253), (144, 146), (49, 113), (46, 62), (10, 14), (2, 10), (132, 196), (29, 61), (123, 251), (213, 221), (213, 215), (53, 55), (53, 61), (110, 238), (249, 253), (108, 110), (2, 34), (59, 123), (60, 124), (76, 108), (46, 110), (42, 58), (4, 132), (30, 62), (43, 59), (14, 142), (186, 187), (0, 128), (2, 3), (186, 190), (39, 55), (62, 63), (209, 213)}
E2: {(137, 139), (136, 137), (128, 136), (58, 59), (243, 251), (136, 152), (118, 119), (50, 58), (0, 2), (97, 105), (57, 121), (121, 249), (251, 255), (114, 118), (198, 206), (249, 251), (6, 14), (202, 206), (10, 42), (224, 240), (147, 151), (198, 230), (105, 121), (221, 253), (14, 15), (144, 152), (14, 30), (121, 123), (97, 101), (143, 159), (48, 50), (10, 14), (2, 10), (54, 118), (54, 182), (249, 253), (226, 230), (166, 182), (139, 143), (59, 123), (250, 251), (50, 114), (107, 111), (141, 143), (42, 58), (107, 123), (152, 216), (0, 128), (121, 125), (166, 230), (224, 226), (151, 159)}
Obj: 30691

