Log for instance aco_tuning_out/inst30.txt.

Used ({'tau0': 7.151935564269642e-06, 'xi': 0.10184361707760894, 'q0': 0.5077701235510973, 'alpha': 0.5847895154504361, 'beta': 0.6413829753178264, 'rho': 0.2990121644546394, 'ants': 8}) and found best instance after 9.25 seconds.
E1: {(111, 120), (226, 232), (3, 4), (118, 119), (29, 32), (199, 205), (84, 102), (84, 111), (236, 242), (134, 161), (195, 204), (161, 242), (13, 14), (232, 241), (22, 25), (177, 204), (64, 226), (29, 110), (238, 241), (109, 118), (25, 79), (110, 119), (13, 22), (91, 118), (205, 232), (199, 200), (4, 22), (0, 3), (152, 161), (79, 241), (211, 238), (3, 84), (204, 205), (118, 199), (241, 242)}
E2: {(226, 232), (106, 133), (54, 135), (228, 229), (0, 54), (152, 233), (97, 178), (200, 206), (157, 238), (209, 215), (232, 233), (133, 134), (209, 236), (127, 133), (64, 226), (169, 178), (182, 209), (91, 97), (109, 127), (206, 215), (169, 196), (229, 232), (54, 72), (206, 233), (25, 106), (45, 72), (229, 238), (178, 232), (47, 209), (97, 106), (195, 196), (45, 47), (166, 169), (177, 178)}
Obj: 31721

