Log for instance aco_tuning_out/inst30.txt.

Used ({'tau_0': 5.572049615801917e-06, 'xi': 0.06325004225542018, 'q0': 0.8461092587771804, 'alpha': 1.389681207393384, 'beta': 0.3366413033928038, 'rho': 0.4612946765120627, 'ants': 22}) and found best instance after 9.890625 seconds.
E1: {(145, 146), (226, 232), (39, 201), (212, 215), (175, 202), (118, 119), (0, 54), (88, 115), (112, 115), (176, 185), (171, 198), (152, 233), (198, 200), (30, 33), (201, 202), (21, 183), (83, 164), (171, 173), (82, 83), (30, 39), (209, 215), (72, 75), (173, 176), (164, 173), (36, 198), (25, 52), (209, 236), (64, 226), (38, 119), (118, 145), (50, 212), (39, 120), (205, 214), (175, 176), (109, 112), (174, 177), (128, 134), (21, 75), (14, 176), (146, 155), (91, 118), (54, 72), (82, 88), (205, 232), (211, 214), (32, 50), (128, 155), (178, 232), (174, 201), (21, 102), (33, 195), (36, 38), (214, 215), (175, 178), (183, 185), (232, 233), (52, 214)}
E2: {(1, 28), (81, 82), (38, 200), (33, 42), (3, 4), (39, 201), (4, 58), (19, 46), (165, 167), (118, 119), (66, 228), (179, 233), (38, 47), (38, 44), (83, 137), (171, 198), (20, 47), (152, 233), (45, 46), (39, 66), (21, 183), (83, 164), (171, 173), (82, 83), (81, 84), (28, 109), (42, 44), (47, 128), (164, 173), (58, 67), (36, 198), (173, 179), (58, 76), (3, 21), (135, 137), (0, 1), (209, 236), (164, 182), (38, 119), (19, 20), (166, 167), (174, 177), (76, 157), (128, 134), (64, 67), (91, 118), (174, 201), (1, 19), (165, 183), (3, 84), (47, 209), (19, 25), (33, 195), (36, 38), (198, 201)}
Obj: 41988

