Log for instance aco_tuning_out/inst03.txt.

Used ({'tau0': 9.519734246967097e-06, 'xi': 0.07937813294122376, 'q0': 0.41673979688805995, 'alpha': 1.6749976300577816, 'beta': 0.7383106546614165, 'rho': 0.29031514757956295, 'ants': 27}) and found best instance after 79.703125 seconds.
E1: {(76, 92), (177, 181), (168, 172), (132, 164), (101, 103), (211, 219), (20, 148), (39, 103), (210, 211), (135, 199), (112, 240), (68, 69), (69, 101), (206, 207), (53, 181), (54, 55), (132, 148), (76, 204), (189, 253), (174, 175), (168, 232), (202, 206), (164, 228), (221, 253), (181, 189), (49, 113), (199, 207), (49, 177), (204, 206), (65, 69), (172, 174), (148, 149), (9, 25), (53, 55), (36, 164), (24, 25), (147, 211), (149, 181), (171, 175), (164, 172), (171, 187), (112, 113), (25, 57), (103, 119), (49, 57), (195, 199), (39, 55), (195, 211), (68, 76)}
E2: {(177, 181), (132, 164), (146, 154), (44, 45), (220, 222), (107, 235), (43, 107), (98, 226), (150, 151), (181, 245), (40, 44), (210, 214), (196, 197), (48, 176), (1, 9), (34, 98), (160, 164), (146, 150), (192, 196), (1, 33), (160, 176), (44, 172), (216, 220), (15, 47), (0, 1), (49, 177), (1, 5), (132, 196), (214, 222), (36, 164), (1, 17), (198, 214), (146, 210), (47, 63), (98, 99), (73, 201), (164, 166), (33, 49), (43, 47), (107, 111), (99, 107), (164, 172), (107, 123), (176, 177), (9, 73), (98, 114), (176, 180), (196, 198), (45, 47), (151, 159)}
Obj: 29969

