Log for instance aco_tuning_out/inst24.txt.

Used ({'tau0': 3.986574795084688e-06, 'xi': 0.12869898263116974, 'q0': 0.7324104580466773, 'alpha': 0.38736117587741714, 'beta': 0.6247624947394189, 'rho': 0.4525392981526261, 'ants': 9}) and found best instance after 7.96875 seconds.
E1: {(76, 92), (42, 106), (99, 103), (171, 235), (243, 251), (188, 190), (146, 154), (15, 143), (43, 107), (43, 171), (61, 189), (0, 2), (176, 240), (252, 253), (2, 130), (122, 250), (249, 251), (45, 61), (220, 221), (160, 176), (188, 189), (12, 76), (221, 253), (144, 146), (139, 171), (143, 159), (106, 107), (34, 42), (106, 122), (144, 176), (249, 253), (139, 143), (2, 34), (188, 252), (76, 108), (141, 143), (99, 107), (71, 103), (42, 58), (40, 42), (90, 122), (57, 61), (130, 146), (92, 220), (250, 251)}
E2: {(183, 191), (193, 195), (237, 253), (87, 95), (146, 178), (187, 191), (121, 249), (221, 223), (122, 250), (133, 165), (253, 255), (53, 181), (120, 122), (193, 197), (146, 147), (26, 90), (181, 183), (221, 253), (191, 255), (165, 181), (144, 146), (95, 223), (178, 242), (114, 242), (2, 10), (85, 87), (166, 167), (230, 231), (106, 122), (10, 26), (63, 191), (120, 124), (249, 253), (120, 121), (226, 230), (89, 121), (175, 191), (180, 181), (2, 34), (228, 230), (133, 197), (60, 124), (222, 223), (5, 133), (90, 122), (167, 183), (242, 250), (166, 230)}
Obj: 27315

