Log for instance aco_tuning_out/inst24.txt.

Used ({'tau_0': 6.651155935593466e-06, 'xi': 0.0698190378741818, 'q0': 0.8638669115585977, 'alpha': 1.1622049190539232, 'beta': 1.595958584283492, 'rho': 0.31540247478897615, 'ants': 9}) and found best instance after 7.1875 seconds.
E1: {(154, 155), (105, 107), (15, 143), (90, 94), (243, 251), (146, 154), (155, 187), (108, 109), (147, 155), (99, 103), (0, 2), (146, 178), (244, 246), (252, 253), (114, 118), (187, 191), (92, 94), (40, 56), (34, 162), (30, 94), (56, 58), (174, 175), (249, 251), (0, 32), (174, 190), (10, 42), (105, 109), (151, 159), (147, 151), (98, 106), (12, 76), (221, 253), (96, 98), (176, 178), (14, 15), (118, 246), (78, 94), (31, 159), (143, 159), (114, 242), (10, 14), (235, 239), (2, 10), (76, 78), (144, 176), (45, 173), (240, 244), (32, 96), (249, 253), (56, 57), (32, 160), (130, 162), (175, 191), (139, 143), (2, 34), (42, 43), (76, 108), (141, 143), (99, 107), (71, 103), (42, 58), (98, 114), (242, 250), (141, 173), (30, 31), (250, 251), (175, 239)}
E2: {(177, 181), (105, 107), (244, 246), (156, 188), (105, 109), (147, 151), (181, 183), (176, 178), (31, 95), (31, 159), (56, 60), (2, 34), (122, 126), (151, 159), (124, 126), (108, 109), (156, 158), (147, 155), (12, 13), (5, 7), (178, 182), (121, 249), (83, 91), (158, 222), (7, 71), (62, 126), (10, 42), (165, 181), (106, 122), (249, 253), (76, 108), (188, 252), (71, 103), (98, 114), (195, 211), (90, 91), (99, 103), (155, 187), (228, 244), (187, 191), (91, 95), (253, 255), (244, 252), (12, 76), (221, 253), (143, 159), (2, 10), (76, 78), (144, 176), (199, 231), (120, 121), (166, 182), (180, 181), (42, 58), (176, 177), (78, 206), (62, 63), (151, 183), (237, 253), (108, 124), (252, 253), (198, 206), (53, 181), (56, 58), (206, 222), (98, 106), (21, 85), (89, 91), (198, 199), (13, 141), (226, 230), (175, 191), (230, 246), (60, 124), (141, 143), (99, 107), (83, 211), (21, 53)}
Obj: 37978

