Log for instance aco_tuning_out/inst12.txt.

Used ({'tau0': 2.760703391532889e-06, 'xi': 0.11284095755067615, 'q0': 0.39431429333058177, 'alpha': 1.2851296972235255, 'beta': 1.3966465894197229, 'rho': 0.20591685095973755, 'ants': 13}) and found best instance after 17.421875 seconds.
E1: {(208, 211), (116, 134), (84, 102), (46, 127), (20, 47), (189, 191), (45, 46), (89, 116), (30, 39), (84, 86), (46, 47), (191, 197), (27, 189), (86, 89), (118, 124), (118, 127), (43, 124), (116, 197), (27, 30), (39, 120), (30, 32), (109, 118), (27, 45), (91, 118), (85, 166), (84, 85), (127, 208), (189, 195), (20, 182), (0, 27)}
E2: {(63, 144), (171, 177), (32, 113), (84, 102), (171, 198), (135, 144), (130, 133), (100, 101), (236, 242), (134, 161), (161, 242), (112, 130), (189, 191), (63, 64), (103, 130), (130, 157), (223, 241), (85, 112), (133, 134), (36, 198), (78, 79), (43, 124), (191, 194), (191, 200), (57, 59), (100, 103), (109, 112), (36, 45), (25, 79), (130, 211), (3, 57), (36, 63), (85, 166), (84, 85), (124, 133), (112, 113), (152, 161), (79, 241), (3, 84), (83, 89), (113, 194), (83, 101), (189, 198), (241, 242)}
Obj: 31567

