Log for instance aco_tuning_out/inst21.txt.

Used ({'tau0': 2.693231228771534e-06, 'xi': 0.06741045013783678, 'q0': 0.34341334065428447, 'alpha': 1.6251653731737596, 'beta': 0.8948148014172467, 'rho': 0.1267448319977672, 'ants': 32}) and found best instance after 149.578125 seconds.
E1: {(72, 73), (203, 206), (54, 135), (176, 185), (125, 152), (176, 203), (200, 203), (168, 177), (182, 185), (36, 198), (125, 206), (27, 30), (30, 32), (27, 36), (174, 177), (14, 176), (27, 54), (64, 73), (54, 72), (45, 72), (174, 201), (169, 223), (174, 228), (166, 169), (174, 176), (198, 201), (168, 169)}
E2: {(72, 73), (63, 144), (109, 190), (87, 89), (208, 211), (106, 160), (234, 236), (181, 208), (190, 208), (117, 120), (151, 152), (0, 81), (200, 203), (72, 78), (181, 235), (81, 87), (195, 222), (117, 144), (43, 124), (234, 235), (66, 68), (135, 216), (41, 203), (73, 235), (100, 106), (63, 66), (91, 100), (81, 135), (151, 160), (63, 72), (64, 73), (181, 182), (32, 41), (25, 106), (45, 72), (222, 223), (59, 68), (41, 68), (216, 222), (124, 151), (216, 234), (157, 160), (100, 181)}
Obj: 29054

