Log for instance aco_tuning_out/inst09.txt.

Used ({'tau0': 3.151708497185101e-06, 'xi': 0.05632693656731169, 'q0': 0.5279577748463967, 'alpha': 0.47226881213046684, 'beta': 1.430973702133798, 'rho': 0.06294574331706608, 'ants': 24}) and found best instance after 273.296875 seconds.
E1: {(139, 157), (217, 220), (117, 123), (42, 123), (86, 89), (90, 117), (139, 220), (85, 139), (81, 135), (42, 43), (84, 85), (217, 218), (5, 14), (15, 177), (85, 86), (42, 51), (15, 42), (84, 102), (5, 86), (0, 81), (117, 120), (218, 236), (81, 84), (81, 90), (85, 166), (220, 223), (51, 78)}
E2: {(120, 129), (89, 107), (107, 161), (139, 220), (57, 59), (48, 129), (48, 51), (140, 143), (33, 35), (3, 30), (35, 62), (24, 25), (193, 211), (193, 220), (6, 168), (6, 24), (6, 33), (33, 51), (142, 223), (30, 33), (168, 177), (168, 195), (3, 57), (143, 152), (0, 6), (143, 161), (166, 193), (134, 161), (160, 161), (45, 51), (139, 140), (32, 35), (62, 143), (142, 160), (157, 160)}
Obj: 26727

