Log for instance aco_tuning_out/inst15.txt.

Used ({'tau0': 5.341643627837584e-06, 'xi': 0.12828902895224037, 'q0': 0.5825040751853071, 'alpha': 1.680352012001748, 'beta': 1.7927432976473112, 'rho': 0.24781837895583786, 'ants': 32}) and found best instance after 33.765625 seconds.
E1: {(37, 64), (162, 171), (162, 168), (171, 177), (171, 180), (159, 160), (171, 198), (36, 37), (78, 159), (198, 200), (37, 118), (154, 160), (145, 154), (180, 182), (168, 195), (36, 198), (118, 145), (109, 118), (91, 118), (201, 228), (157, 160), (37, 43), (198, 201)}
E2: {(166, 175), (212, 239), (4, 58), (226, 229), (58, 59), (171, 174), (162, 171), (175, 202), (171, 177), (43, 52), (194, 212), (171, 198), (236, 239), (46, 127), (131, 134), (238, 239), (13, 14), (198, 200), (45, 46), (174, 175), (83, 164), (162, 164), (51, 52), (25, 52), (127, 130), (13, 175), (164, 182), (64, 226), (32, 194), (130, 211), (81, 135), (131, 212), (109, 127), (0, 162), (81, 162), (229, 238), (4, 13), (46, 52), (130, 131), (202, 229), (51, 78), (174, 228), (83, 89), (189, 195), (189, 198)}
Obj: 26894

