Log for instance aco_tuning_out/inst21.txt.

Used ({'tau_0': 6.7016855702575265e-06, 'xi': 0.11061032973207813, 'q0': 0.8522979141088549, 'alpha': 0.9933756089527778, 'beta': 1.0108153997499625, 'rho': 0.20257431029412304, 'ants': 17}) and found best instance after 29.390625 seconds.
E1: {(166, 175), (226, 232), (175, 202), (66, 228), (207, 209), (40, 41), (144, 147), (135, 144), (152, 233), (39, 66), (223, 232), (200, 203), (209, 215), (202, 203), (40, 202), (45, 207), (64, 226), (182, 209), (205, 214), (66, 147), (177, 178), (205, 232), (32, 41), (178, 232), (39, 40), (214, 215), (175, 178), (14, 41), (232, 233)}
E2: {(43, 205), (226, 232), (226, 229), (28, 55), (54, 135), (20, 23), (175, 202), (0, 54), (29, 32), (171, 198), (75, 78), (54, 55), (117, 123), (97, 178), (223, 232), (96, 97), (83, 164), (171, 173), (28, 109), (51, 52), (164, 173), (86, 89), (164, 182), (64, 226), (164, 191), (173, 200), (19, 20), (28, 29), (205, 214), (196, 205), (91, 97), (45, 51), (76, 157), (123, 150), (21, 75), (117, 198), (211, 214), (205, 232), (21, 23), (182, 236), (150, 152), (120, 123), (96, 123), (32, 59), (202, 229), (75, 76), (51, 78), (19, 25), (195, 196), (83, 86), (175, 178), (29, 191), (52, 214)}
Obj: 31509

