Log for instance aco_tuning_out/inst18.txt.

Used ({'tau0': 4.854876741746394e-06, 'xi': 0.1452545140568255, 'q0': 0.42195591018398276, 'alpha': 0.3555439034289861, 'beta': 0.8668501148752592, 'rho': 0.11887721475075397, 'ants': 32}) and found best instance after 290.671875 seconds.
E1: {(5, 37), (61, 63), (147, 151), (57, 59), (31, 159), (29, 61), (32, 160), (118, 126), (66, 82), (151, 159), (209, 213), (82, 90), (59, 63), (193, 209), (159, 223), (46, 47), (95, 223), (213, 215), (47, 63), (10, 74), (47, 111), (90, 91), (221, 223), (91, 95), (45, 61), (110, 126), (193, 197), (32, 36), (245, 253), (221, 253), (80, 82), (10, 14), (213, 221), (110, 238), (3, 11), (46, 110), (193, 201), (58, 59), (150, 151), (9, 11), (252, 253), (36, 37), (37, 45), (85, 213), (6, 14), (39, 47), (10, 11), (66, 74), (54, 118), (107, 111), (99, 107), (31, 63)}
E2: {(72, 73), (113, 117), (114, 118), (5, 37), (117, 245), (82, 86), (240, 244), (32, 160), (162, 163), (118, 126), (37, 101), (66, 82), (160, 162), (114, 115), (115, 123), (62, 126), (44, 108), (73, 89), (44, 172), (40, 104), (72, 74), (9, 73), (154, 158), (146, 154), (168, 184), (40, 44), (44, 60), (8, 24), (110, 126), (32, 36), (245, 253), (221, 253), (80, 82), (8, 72), (104, 232), (244, 245), (110, 238), (108, 110), (82, 210), (51, 115), (150, 158), (168, 172), (160, 168), (252, 253), (36, 37), (142, 158), (74, 78), (66, 74), (54, 118), (146, 210), (30, 62), (113, 115), (86, 118)}
Obj: 29709

