Log for instance aco_tuning_out/inst21.txt.

Used ({'tau0': 4.4510989038433445e-06, 'xi': 0.08945606202546638, 'q0': 0.47345622448593194, 'alpha': 1.2900775735272525, 'beta': 0.7464788134566036, 'rho': 0.4234734074527042, 'ants': 18}) and found best instance after 8.828125 seconds.
E1: {(68, 149), (38, 200), (165, 219), (14, 68), (171, 177), (137, 218), (194, 221), (217, 223), (218, 221), (149, 152), (38, 65), (65, 146), (64, 65), (171, 173), (165, 166), (164, 173), (219, 228), (135, 137), (164, 182), (32, 194), (36, 45), (164, 218), (146, 149), (137, 146), (219, 221), (217, 218), (36, 38)}
E2: {(162, 171), (175, 202), (162, 168), (64, 145), (199, 205), (42, 69), (83, 137), (171, 198), (20, 47), (45, 46), (201, 202), (97, 178), (223, 232), (96, 97), (154, 157), (200, 209), (136, 145), (82, 83), (209, 215), (42, 44), (136, 154), (35, 44), (120, 201), (46, 47), (42, 123), (168, 195), (209, 236), (135, 137), (182, 209), (198, 199), (19, 20), (205, 214), (91, 97), (123, 150), (32, 35), (43, 44), (202, 205), (205, 232), (202, 211), (0, 162), (150, 152), (96, 123), (50, 77), (69, 78), (59, 77), (82, 109), (91, 145), (47, 209), (19, 25), (83, 89), (214, 215), (175, 178), (82, 136), (47, 50)}
Obj: 31572

