Log for instance aco_tuning_out/inst09.txt.

Used ({'tau0': 7.35696843598511e-06, 'xi': 0.13099405837312028, 'q0': 0.39430175087041053, 'alpha': 1.838983583452214, 'beta': 0.7213281426644318, 'rho': 0.11968092308615733, 'ants': 31}) and found best instance after 69.46875 seconds.
E1: {(84, 87), (162, 168), (87, 89), (135, 138), (217, 223), (84, 102), (217, 235), (6, 60), (39, 66), (6, 8), (168, 177), (156, 157), (84, 138), (6, 87), (163, 166), (40, 43), (8, 17), (235, 236), (39, 120), (66, 147), (163, 217), (162, 163), (14, 17), (39, 40), (60, 78), (6, 168), (0, 6), (138, 147), (138, 156)}
E2: {(111, 120), (4, 58), (98, 107), (58, 59), (45, 126), (84, 87), (87, 89), (139, 157), (31, 32), (89, 98), (107, 134), (7, 169), (84, 111), (98, 152), (168, 177), (6, 87), (108, 111), (49, 211), (7, 25), (168, 195), (108, 126), (31, 49), (31, 58), (4, 7), (169, 223), (58, 139), (6, 168), (0, 6), (166, 169), (168, 169)}
Obj: 25783

