Log for instance aco_tuning_out/inst27.txt.

Used ({'tau0': 3.0612586277534457e-06, 'xi': 0.1329622135219483, 'q0': 0.7756772068120196, 'alpha': 1.8931956829423289, 'beta': 1.9972080014998133, 'rho': 0.18753105830604566, 'ants': 22}) and found best instance after 24.65625 seconds.
E1: {(154, 155), (132, 164), (243, 251), (155, 187), (206, 238), (0, 2), (87, 95), (114, 115), (28, 30), (1, 3), (142, 174), (27, 31), (198, 206), (76, 204), (249, 251), (209, 213), (128, 132), (174, 190), (128, 144), (164, 228), (28, 60), (221, 253), (46, 47), (31, 95), (0, 1), (112, 114), (39, 47), (46, 62), (114, 242), (132, 196), (27, 155), (76, 78), (213, 215), (28, 29), (187, 251), (47, 111), (36, 164), (249, 253), (2, 34), (43, 47), (142, 206), (46, 174), (23, 87), (78, 206), (87, 215), (113, 115), (0, 128), (112, 116), (196, 198), (115, 243), (242, 250), (62, 63), (30, 31), (31, 63), (54, 62)}
E2: {(119, 127), (105, 107), (26, 30), (15, 143), (243, 251), (216, 218), (97, 105), (244, 246), (123, 127), (253, 255), (198, 206), (56, 58), (132, 148), (249, 251), (6, 14), (202, 206), (26, 90), (125, 127), (147, 151), (90, 218), (202, 218), (198, 230), (221, 253), (14, 15), (127, 255), (31, 95), (31, 159), (97, 101), (143, 159), (48, 56), (10, 14), (132, 196), (56, 57), (249, 253), (240, 244), (226, 230), (111, 127), (218, 250), (230, 246), (107, 111), (141, 143), (144, 148), (26, 58), (196, 198), (166, 230), (30, 31), (95, 127), (151, 159)}
Obj: 29806

