Log for instance aco_tuning_out/inst24.txt.

Used ({'tau0': 4.854876741746394e-06, 'xi': 0.1452545140568255, 'q0': 0.42195591018398276, 'alpha': 0.3555439034289861, 'beta': 0.8668501148752592, 'rho': 0.11887721475075397, 'ants': 32}) and found best instance after 252.1875 seconds.
E1: {(76, 92), (15, 79), (58, 59), (243, 251), (146, 154), (44, 45), (188, 190), (12, 13), (0, 2), (40, 44), (176, 240), (252, 253), (187, 191), (11, 139), (122, 250), (2, 130), (58, 122), (10, 42), (160, 176), (12, 76), (221, 253), (144, 146), (57, 59), (10, 11), (187, 251), (2, 10), (106, 122), (235, 251), (144, 176), (13, 141), (71, 79), (2, 34), (188, 252), (76, 108), (42, 58), (190, 191), (40, 42), (43, 59), (90, 122), (11, 15), (130, 146), (12, 44), (159, 191), (250, 251)}
E2: {(146, 178), (120, 122), (231, 239), (181, 183), (93, 125), (222, 254), (63, 191), (120, 124), (2, 34), (254, 255), (5, 133), (89, 93), (114, 122), (59, 63), (10, 42), (165, 181), (106, 122), (230, 231), (166, 230), (42, 106), (187, 191), (133, 165), (253, 255), (146, 147), (221, 253), (2, 10), (199, 231), (180, 181), (228, 230), (226, 242), (42, 58), (195, 199), (183, 191), (58, 59), (53, 181), (124, 125), (21, 85), (144, 146), (178, 242), (239, 255), (226, 230), (175, 191), (237, 239), (60, 124), (90, 122), (21, 53), (175, 239)}
Obj: 26184

