Log for instance aco_tuning_out/inst06.txt.

Used ({'tau_0': 1.7311092028219667e-06, 'xi': 0.08252852050291277, 'q0': 0.30102382451999166, 'alpha': 1.4307200972470873, 'beta': 1.366990204180299, 'rho': 0.3910589486840866, 'ants': 12}) and found best instance after 8.671875 seconds.
E1: {(192, 194), (128, 136), (200, 201), (15, 79), (190, 254), (3, 19), (38, 166), (79, 207), (34, 98), (233, 249), (8, 24), (34, 162), (53, 181), (128, 129), (174, 175), (166, 174), (136, 200), (6, 14), (62, 190), (82, 83), (201, 217), (180, 182), (175, 239), (46, 47), (14, 15), (6, 38), (208, 210), (78, 79), (69, 85), (39, 47), (46, 62), (65, 69), (19, 23), (8, 136), (172, 174), (222, 254), (134, 166), (65, 81), (208, 240), (174, 238), (130, 162), (128, 192), (105, 233), (81, 83), (82, 210), (81, 89), (237, 239), (166, 182), (140, 172), (180, 181), (162, 166), (134, 135), (194, 210), (182, 190), (200, 232), (98, 114), (208, 212), (217, 221), (19, 83), (45, 47), (232, 233), (136, 140)}
E2: {(128, 130), (140, 156), (32, 34), (32, 40), (82, 90), (246, 247), (181, 245), (40, 44), (226, 230), (89, 217), (196, 197), (1, 3), (11, 139), (34, 162), (196, 212), (128, 129), (96, 97), (128, 132), (62, 190), (82, 83), (138, 170), (201, 217), (180, 182), (3, 67), (245, 247), (67, 195), (182, 246), (170, 171), (36, 44), (181, 189), (139, 171), (17, 81), (143, 159), (97, 101), (1, 5), (46, 62), (130, 138), (132, 196), (230, 231), (68, 196), (136, 138), (119, 247), (130, 162), (32, 96), (18, 82), (162, 166), (81, 83), (163, 171), (139, 143), (81, 89), (166, 182), (171, 175), (3, 11), (230, 246), (44, 46), (171, 187), (66, 67), (97, 225), (83, 211), (195, 211), (136, 140)}
Obj: 35687

