Log for instance aco_tuning_out/inst15.txt.

Used ({'tau0': 6.293660666238772e-06, 'xi': 0.0765998967889499, 'q0': 0.6265340995784354, 'alpha': 0.31196112568590606, 'beta': 0.6324794380700602, 'rho': 0.3069899243645694, 'ants': 19}) and found best instance after 41.3125 seconds.
E1: {(226, 232), (231, 240), (226, 229), (139, 157), (199, 205), (200, 209), (228, 231), (139, 220), (64, 226), (182, 209), (196, 205), (231, 232), (177, 231), (109, 118), (78, 240), (91, 118), (205, 232), (220, 229), (199, 200), (195, 196), (118, 199), (43, 205)}
E2: {(166, 175), (87, 114), (226, 232), (175, 202), (87, 89), (114, 115), (0, 81), (115, 196), (200, 203), (200, 209), (81, 87), (202, 203), (79, 160), (133, 134), (177, 204), (78, 79), (209, 236), (64, 226), (41, 203), (182, 209), (196, 205), (109, 115), (25, 79), (201, 204), (81, 135), (202, 205), (202, 211), (205, 232), (32, 41), (201, 228), (32, 59), (47, 209), (133, 160), (204, 205), (195, 196), (45, 47), (43, 205), (14, 41), (115, 133)}
Obj: 25350

