Log for instance aco_tuning_out/inst27.txt.

Used ({'tau_0': 9.24915798617957e-06, 'xi': 0.05399113180694906, 'q0': 0.5348646852525689, 'alpha': 0.8177192610685395, 'beta': 1.9504865720120417, 'rho': 0.35361961105123524, 'ants': 16}) and found best instance after 9.875 seconds.
E1: {(55, 63), (250, 254), (196, 228), (146, 154), (219, 223), (27, 59), (4, 6), (211, 219), (190, 254), (146, 178), (28, 30), (187, 191), (114, 118), (34, 98), (221, 223), (121, 249), (4, 36), (54, 55), (110, 111), (23, 55), (6, 14), (238, 254), (59, 63), (116, 118), (28, 60), (144, 146), (14, 30), (121, 123), (83, 87), (10, 14), (2, 10), (28, 29), (132, 196), (54, 118), (63, 191), (209, 211), (110, 238), (2, 34), (50, 114), (59, 123), (50, 178), (190, 191), (23, 87), (4, 132), (98, 114), (14, 142), (43, 59), (2, 3), (113, 121), (196, 204), (39, 55), (83, 211), (215, 223)}
E2: {(119, 127), (15, 143), (58, 59), (243, 251), (98, 226), (182, 183), (151, 183), (216, 218), (0, 2), (113, 117), (112, 240), (48, 112), (251, 255), (123, 127), (253, 255), (6, 14), (128, 144), (147, 151), (125, 127), (202, 218), (221, 253), (14, 15), (101, 117), (14, 30), (112, 114), (57, 59), (143, 159), (10, 14), (2, 10), (115, 119), (166, 182), (218, 250), (111, 127), (250, 251), (59, 123), (141, 143), (113, 115), (112, 113), (98, 114), (0, 128), (115, 243), (10, 74), (74, 202), (151, 159)}
Obj: 28759

