Log for instance aco_tuning_out/inst18.txt.

Used ({'tau0': 4.879942623985006e-06, 'xi': 0.08399557345205959, 'q0': 0.8878104132072444, 'alpha': 1.876793500103366, 'beta': 1.500849913875006, 'rho': 0.45614013825443306, 'ants': 13}) and found best instance after 4.84375 seconds.
E1: {(105, 107), (81, 85), (57, 185), (114, 118), (96, 97), (147, 151), (90, 218), (179, 183), (29, 61), (153, 185), (80, 81), (0, 128), (210, 218), (151, 159), (209, 213), (55, 63), (136, 137), (243, 251), (156, 158), (70, 198), (0, 2), (128, 160), (210, 211), (1, 3), (158, 222), (62, 126), (249, 251), (10, 42), (142, 143), (78, 79), (1, 5), (213, 215), (249, 253), (96, 224), (145, 153), (14, 78), (98, 114), (66, 70), (9, 137), (96, 98), (47, 111), (228, 244), (97, 105), (224, 228), (45, 61), (193, 197), (143, 159), (10, 14), (244, 245), (2, 10), (28, 29), (55, 183), (110, 238), (105, 233), (3, 11), (46, 110), (42, 58), (78, 206), (115, 243), (62, 63), (128, 136), (193, 201), (150, 151), (201, 233), (252, 253), (147, 179), (233, 249), (198, 206), (83, 211), (85, 213), (6, 14), (83, 115), (206, 222), (142, 158), (10, 11), (17, 81), (39, 47), (46, 62), (17, 145), (54, 118), (81, 83), (79, 95), (107, 111), (99, 107), (179, 243), (28, 156)}
E2: {(105, 107), (114, 118), (96, 97), (105, 109), (147, 151), (31, 95), (31, 159), (179, 183), (97, 113), (240, 244), (32, 96), (153, 185), (32, 160), (228, 236), (80, 81), (151, 159), (55, 63), (136, 137), (243, 251), (108, 109), (5, 7), (70, 198), (210, 211), (121, 249), (158, 222), (62, 126), (249, 251), (7, 71), (125, 127), (142, 143), (121, 123), (97, 101), (249, 253), (145, 153), (76, 108), (71, 103), (98, 114), (9, 137), (66, 70), (30, 31), (96, 98), (8, 40), (99, 103), (146, 154), (163, 179), (86, 87), (72, 88), (228, 244), (87, 95), (97, 105), (8, 24), (91, 95), (224, 228), (174, 175), (146, 147), (137, 153), (221, 253), (143, 159), (8, 136), (172, 174), (244, 245), (76, 78), (88, 89), (55, 183), (110, 238), (51, 115), (46, 110), (126, 127), (78, 206), (115, 243), (62, 63), (224, 232), (150, 151), (252, 253), (198, 206), (143, 175), (83, 115), (206, 222), (124, 125), (89, 91), (142, 158), (17, 81), (46, 62), (17, 145), (236, 238), (54, 118), (184, 185), (81, 83), (60, 124), (99, 107), (113, 115), (179, 243), (83, 211)}
Obj: 44716

