Log for instance aco_tuning_out/inst27.txt.

Used ({'tau0': 2.924453704862743e-06, 'xi': 0.10102715591656777, 'q0': 0.8483785554218048, 'alpha': 1.0515532863745962, 'beta': 0.39867352753450425, 'rho': 0.28727195311451986, 'ants': 26}) and found best instance after 30.734375 seconds.
E1: {(154, 155), (105, 107), (99, 103), (154, 158), (196, 228), (155, 187), (156, 158), (43, 107), (52, 116), (60, 62), (52, 180), (206, 238), (39, 103), (23, 31), (97, 105), (252, 253), (114, 118), (156, 188), (34, 98), (198, 206), (158, 222), (36, 52), (96, 97), (206, 222), (116, 118), (180, 188), (142, 143), (29, 31), (221, 253), (142, 158), (31, 159), (143, 159), (114, 242), (204, 206), (132, 196), (27, 155), (97, 113), (213, 221), (54, 118), (213, 215), (144, 176), (249, 253), (2, 34), (107, 111), (188, 252), (158, 190), (99, 107), (60, 188), (98, 114), (176, 180), (2, 3), (196, 198), (242, 250), (62, 63), (30, 31), (96, 98), (209, 213)}
E2: {(119, 127), (154, 155), (105, 107), (154, 158), (156, 158), (147, 155), (216, 218), (176, 240), (97, 105), (242, 243), (252, 253), (123, 127), (156, 188), (48, 176), (178, 182), (253, 255), (56, 58), (240, 242), (6, 14), (154, 218), (125, 127), (142, 143), (202, 218), (221, 253), (176, 178), (14, 15), (127, 255), (142, 158), (31, 159), (14, 30), (143, 159), (97, 101), (10, 14), (48, 56), (144, 176), (56, 57), (111, 127), (218, 250), (166, 182), (188, 252), (107, 111), (141, 143), (226, 242), (242, 250), (30, 31)}
Obj: 28029

