Log for instance aco_tuning_out/inst09.txt.

Used ({'tau_0': 6.937615535889433e-06, 'xi': 0.07000322226687372, 'q0': 0.8259328344322499, 'alpha': 1.4144702071977722, 'beta': 1.897582215362626, 'rho': 0.08176475094706645, 'ants': 18}) and found best instance after 38.1875 seconds.
E1: {(166, 175), (43, 205), (3, 4), (4, 58), (67, 68), (14, 68), (84, 87), (87, 89), (75, 78), (135, 153), (61, 223), (175, 229), (67, 229), (72, 75), (58, 61), (99, 102), (58, 67), (58, 76), (72, 74), (99, 153), (76, 157), (178, 205), (74, 236), (72, 153), (87, 96), (96, 123), (0, 3), (3, 84), (75, 76), (175, 178), (177, 178), (120, 123)}
E2: {(166, 175), (4, 58), (3, 4), (58, 59), (212, 215), (84, 87), (6, 33), (194, 212), (87, 89), (175, 229), (152, 233), (67, 229), (39, 66), (223, 232), (72, 75), (6, 87), (58, 67), (25, 52), (58, 76), (134, 215), (32, 194), (39, 120), (205, 214), (76, 157), (177, 178), (211, 214), (205, 232), (45, 72), (178, 232), (0, 3), (3, 84), (66, 67), (75, 76), (33, 195), (214, 215), (175, 178), (232, 233), (52, 214)}
Obj: 27199

