Log for instance aco_tuning_out/inst21.txt.

Used ({'tau0': 5.072339472437726e-06, 'xi': 0.06750660483788565, 'q0': 0.39673942663117334, 'alpha': 1.3764884196051321, 'beta': 0.7955077619397278, 'rho': 0.4521931615046479, 'ants': 17}) and found best instance after 7.0625 seconds.
E1: {(166, 175), (171, 174), (39, 201), (54, 135), (171, 177), (9, 63), (63, 64), (174, 175), (72, 75), (171, 173), (173, 182), (75, 77), (173, 200), (12, 39), (80, 161), (54, 63), (72, 74), (54, 72), (9, 171), (12, 14), (45, 72), (32, 50), (174, 201), (169, 223), (50, 77), (152, 161), (74, 80), (174, 228), (166, 169)}
E2: {(56, 65), (188, 242), (19, 46), (111, 138), (135, 138), (38, 41), (40, 41), (19, 73), (38, 65), (45, 46), (64, 65), (240, 242), (6, 8), (200, 203), (130, 157), (30, 39), (189, 195), (27, 189), (39, 41), (182, 188), (127, 130), (40, 43), (40, 49), (41, 203), (27, 30), (19, 20), (39, 120), (73, 235), (235, 236), (130, 211), (109, 127), (196, 223), (78, 240), (82, 91), (30, 111), (32, 41), (71, 152), (46, 49), (82, 109), (0, 6), (65, 71), (195, 196), (19, 25), (8, 89), (49, 130), (20, 182), (0, 27), (56, 59)}
Obj: 32416

