Log for instance aco_tuning_out/inst03.txt.

Used ({'tau_0': 6.937615535889433e-06, 'xi': 0.07000322226687372, 'q0': 0.8259328344322499, 'alpha': 1.4144702071977722, 'beta': 1.897582215362626, 'rho': 0.08176475094706645, 'ants': 18}) and found best instance after 36.71875 seconds.
E1: {(76, 92), (136, 137), (128, 136), (132, 164), (211, 219), (86, 87), (228, 244), (39, 103), (210, 211), (49, 53), (187, 191), (206, 207), (76, 204), (143, 175), (136, 200), (128, 132), (202, 206), (83, 115), (65, 97), (220, 221), (147, 151), (164, 228), (92, 220), (20, 22), (24, 56), (135, 143), (49, 113), (22, 86), (97, 101), (143, 159), (83, 87), (115, 119), (149, 151), (76, 78), (97, 113), (36, 164), (200, 202), (56, 57), (240, 244), (175, 191), (147, 211), (200, 232), (113, 115), (143, 207), (78, 206), (9, 137), (103, 119), (49, 57), (83, 211), (195, 211), (68, 76), (22, 54), (151, 159)}
E2: {(154, 155), (128, 136), (136, 137), (32, 34), (15, 143), (154, 158), (32, 40), (98, 226), (155, 187), (156, 158), (147, 155), (43, 107), (107, 235), (5, 7), (200, 216), (128, 160), (210, 211), (114, 115), (252, 253), (187, 191), (34, 98), (156, 188), (115, 123), (200, 201), (198, 206), (158, 222), (166, 174), (128, 132), (136, 200), (193, 197), (83, 115), (32, 36), (206, 222), (147, 151), (180, 188), (32, 48), (245, 253), (49, 113), (49, 177), (143, 159), (172, 174), (45, 109), (63, 191), (32, 160), (7, 15), (128, 192), (147, 211), (98, 99), (33, 49), (188, 252), (107, 111), (99, 107), (113, 115), (98, 114), (150, 158), (9, 137), (0, 128), (193, 201), (109, 111), (83, 211), (172, 188), (151, 159), (17, 49)}
Obj: 32824

