Log for instance aco_tuning_out/inst30.txt.

Used ({'tau_0': 4.324890613407541e-06, 'xi': 0.12290267674013398, 'q0': 0.47304418264323866, 'alpha': 0.9643516325370455, 'beta': 0.8937714391186662, 'rho': 0.17837160642396882, 'ants': 18}) and found best instance after 34.375 seconds.
E1: {(93, 102), (101, 155), (92, 119), (6, 24), (93, 120), (118, 119), (119, 200), (20, 26), (6, 33), (64, 145), (92, 146), (14, 95), (93, 95), (24, 26), (93, 174), (211, 212), (20, 101), (26, 53), (118, 145), (50, 212), (109, 118), (174, 177), (53, 134), (91, 118), (146, 155), (50, 53), (146, 152), (32, 50), (0, 6), (92, 95), (33, 195), (25, 26), (155, 236)}
E2: {(166, 175), (34, 196), (64, 145), (199, 205), (151, 152), (34, 52), (174, 175), (162, 216), (157, 160), (218, 236), (136, 145), (145, 151), (51, 52), (25, 52), (216, 217), (135, 216), (118, 145), (196, 205), (45, 51), (109, 118), (174, 177), (178, 205), (151, 160), (53, 134), (91, 118), (0, 162), (182, 236), (52, 53), (136, 217), (217, 218), (199, 200), (174, 228), (118, 199), (195, 196), (175, 178)}
Obj: 29977

