Log for instance aco_tuning_out/inst27.txt.

Used ({'tau_0': 1.34326092400037e-06, 'xi': 0.13441645763893803, 'q0': 0.4083523399061119, 'alpha': 0.5070175800996563, 'beta': 0.9994669821848109, 'rho': 0.2873914507152631, 'ants': 17}) and found best instance after 130.25 seconds.
E1: {(196, 228), (60, 62), (0, 2), (23, 31), (186, 250), (221, 223), (27, 31), (110, 111), (100, 116), (128, 132), (62, 190), (128, 144), (29, 31), (159, 223), (221, 253), (14, 30), (39, 47), (31, 159), (10, 14), (113, 241), (2, 10), (132, 196), (47, 111), (36, 100), (100, 228), (249, 253), (110, 238), (241, 249), (47, 63), (2, 34), (43, 47), (14, 142), (186, 187), (0, 128), (154, 186), (209, 241), (186, 190), (2, 3), (196, 204), (62, 63), (30, 31), (31, 63), (215, 223), (54, 62)}
E2: {(119, 127), (128, 136), (136, 137), (162, 226), (200, 216), (0, 2), (176, 240), (101, 109), (242, 243), (48, 176), (211, 243), (123, 127), (122, 250), (253, 255), (56, 58), (240, 242), (109, 125), (6, 14), (136, 200), (137, 141), (128, 144), (125, 127), (221, 253), (14, 15), (127, 255), (14, 30), (48, 56), (10, 14), (2, 10), (144, 176), (200, 202), (56, 57), (162, 166), (111, 127), (147, 211), (226, 242), (0, 128), (242, 250), (122, 123)}
Obj: 24434

