Log for instance aco_tuning_out/inst15.txt.

Used ({'tau_0': 9.926534885232458e-06, 'xi': 0.06692036828162971, 'q0': 0.3019379808030227, 'alpha': 1.9521308295520166, 'beta': 1.4674217120935573, 'rho': 0.15756254670228562, 'ants': 22}) and found best instance after 22.03125 seconds.
E1: {(145, 146), (39, 201), (92, 119), (64, 145), (121, 124), (92, 146), (124, 205), (75, 78), (66, 75), (109, 110), (195, 204), (121, 148), (39, 66), (145, 148), (92, 173), (177, 204), (43, 124), (173, 182), (173, 200), (201, 204), (110, 119), (201, 228), (91, 145), (204, 205), (148, 157)}
E2: {(47, 53), (4, 58), (39, 201), (3, 4), (58, 59), (37, 64), (108, 109), (118, 119), (119, 200), (20, 26), (38, 41), (38, 47), (53, 215), (49, 50), (14, 41), (75, 78), (236, 242), (195, 213), (186, 213), (177, 186), (49, 211), (39, 41), (58, 76), (26, 53), (20, 182), (108, 135), (38, 119), (37, 38), (213, 215), (89, 170), (4, 166), (109, 118), (49, 76), (197, 215), (37, 43), (53, 134), (32, 41), (215, 242), (201, 228), (0, 3), (75, 76), (45, 47), (170, 197), (25, 26), (47, 50)}
Obj: 28214

