Log for instance aco_tuning_out/inst18.txt.

Used ({'tau0': 5.471123269221564e-06, 'xi': 0.0880541662185767, 'q0': 0.30146902385350893, 'alpha': 1.0903620529266727, 'beta': 0.772236865018257, 'rho': 0.4288390189950044, 'ants': 23}) and found best instance after 23.359375 seconds.
E1: {(193, 201), (58, 62), (150, 151), (0, 2), (2, 66), (1, 3), (48, 176), (1, 9), (252, 253), (56, 58), (85, 213), (62, 126), (16, 80), (197, 213), (209, 213), (193, 197), (160, 176), (147, 151), (21, 85), (245, 253), (0, 1), (5, 21), (39, 47), (48, 56), (46, 62), (0, 16), (1, 5), (213, 215), (47, 111), (110, 238), (56, 57), (151, 215), (47, 63), (107, 111), (213, 245), (99, 107), (46, 110), (126, 127), (21, 29), (16, 48), (90, 122), (122, 126), (2, 6), (45, 47), (62, 63), (95, 127), (151, 159), (54, 62)}
E2: {(168, 172), (160, 168), (154, 158), (168, 184), (72, 88), (60, 62), (8, 9), (113, 117), (114, 115), (82, 114), (252, 253), (1, 9), (8, 24), (78, 110), (115, 123), (117, 245), (168, 232), (30, 158), (240, 242), (110, 126), (82, 86), (245, 253), (221, 253), (70, 78), (80, 82), (101, 117), (142, 158), (40, 168), (8, 72), (80, 88), (1, 5), (46, 62), (114, 242), (88, 89), (110, 238), (108, 110), (82, 210), (162, 163), (51, 115), (46, 110), (30, 62), (113, 115), (150, 158), (66, 70), (70, 86), (160, 162), (54, 62), (8, 40)}
Obj: 28215

