Log for instance aco_tuning_out/inst12.txt.

Used ({'tau0': 5.420704371762057e-06, 'xi': 0.09688583805471983, 'q0': 0.31023948946680013, 'alpha': 0.7611440380801126, 'beta': 1.2418611307887504, 'rho': 0.4656758616586811, 'ants': 22}) and found best instance after 17.703125 seconds.
E1: {(33, 42), (3, 4), (45, 126), (55, 136), (84, 87), (87, 89), (125, 134), (31, 32), (207, 209), (84, 102), (34, 43), (34, 61), (136, 145), (209, 215), (49, 211), (42, 123), (31, 34), (125, 206), (31, 49), (126, 207), (182, 209), (4, 166), (55, 61), (206, 215), (33, 34), (109, 136), (0, 3), (3, 84), (4, 31), (91, 145), (123, 125), (33, 195), (120, 123)}
E2: {(99, 100), (119, 200), (162, 168), (118, 119), (61, 70), (217, 223), (43, 70), (61, 79), (46, 127), (45, 46), (162, 216), (218, 236), (168, 177), (79, 160), (163, 166), (99, 102), (133, 134), (89, 143), (78, 79), (127, 130), (118, 127), (216, 217), (127, 133), (55, 217), (35, 62), (135, 216), (109, 118), (25, 79), (130, 211), (163, 217), (55, 61), (32, 35), (55, 64), (100, 127), (59, 62), (62, 143), (61, 62), (217, 218), (143, 152), (133, 160), (157, 160)}
Obj: 31739

