Log for instance aco_tuning_out/inst18.txt.

Used ({'tau_0': 7.199516623553175e-06, 'xi': 0.11757684122784635, 'q0': 0.8950304976400971, 'alpha': 1.7862372914817117, 'beta': 1.3396042945590478, 'rho': 0.08070539620138223, 'ants': 25}) and found best instance after 38.390625 seconds.
E1: {(128, 136), (136, 137), (99, 103), (81, 85), (90, 94), (58, 62), (5, 7), (70, 198), (128, 160), (196, 197), (2, 66), (156, 188), (148, 150), (132, 148), (148, 156), (7, 71), (197, 213), (85, 213), (128, 132), (62, 126), (45, 61), (61, 63), (147, 151), (31, 95), (31, 159), (103, 111), (46, 62), (132, 196), (29, 61), (213, 215), (54, 118), (6, 7), (151, 215), (110, 238), (137, 201), (188, 252), (213, 245), (70, 71), (71, 103), (46, 110), (118, 126), (94, 126), (7, 39), (80, 81), (66, 70), (9, 137), (57, 61), (2, 3), (196, 198), (62, 63), (31, 63), (151, 159), (209, 213)}
E2: {(128, 136), (136, 137), (154, 158), (156, 158), (5, 7), (70, 198), (163, 179), (104, 108), (128, 160), (210, 211), (114, 115), (252, 253), (156, 188), (114, 118), (148, 150), (8, 24), (115, 123), (244, 252), (132, 148), (148, 156), (7, 71), (30, 158), (128, 132), (110, 126), (83, 115), (221, 253), (70, 78), (40, 104), (142, 158), (97, 101), (8, 72), (104, 232), (8, 136), (244, 245), (132, 196), (97, 113), (54, 118), (184, 188), (110, 238), (240, 244), (108, 110), (81, 83), (81, 89), (188, 252), (51, 115), (70, 71), (60, 188), (51, 179), (118, 126), (113, 115), (80, 81), (66, 70), (9, 137), (70, 86), (196, 198), (83, 211), (172, 188), (8, 40)}
Obj: 29905

