Log for instance aco_tuning_out/inst24.txt.

Used ({'tau0': 3.0001635742109975e-06, 'xi': 0.10185978321027386, 'q0': 0.44627514452798456, 'alpha': 0.42223734675301555, 'beta': 0.774592723916731, 'rho': 0.08073686501278173, 'ants': 8}) and found best instance after 260.953125 seconds.
E1: {(76, 92), (42, 106), (15, 143), (171, 235), (41, 43), (44, 45), (43, 171), (0, 2), (176, 240), (248, 250), (40, 44), (40, 41), (178, 179), (186, 250), (157, 159), (2, 130), (7, 71), (160, 176), (58, 186), (26, 90), (44, 108), (12, 76), (41, 57), (176, 178), (248, 252), (139, 171), (143, 159), (34, 42), (144, 176), (42, 43), (7, 15), (139, 143), (2, 34), (76, 108), (141, 143), (42, 58), (154, 186), (26, 58), (186, 190), (179, 243), (178, 186), (157, 221)}
E2: {(183, 191), (98, 226), (229, 231), (229, 237), (178, 179), (187, 191), (34, 98), (221, 223), (147, 179), (53, 181), (88, 90), (61, 63), (60, 61), (98, 106), (181, 183), (21, 85), (176, 178), (191, 255), (88, 120), (165, 181), (5, 21), (179, 183), (2, 10), (230, 231), (63, 191), (199, 231), (144, 176), (85, 93), (88, 89), (226, 230), (175, 191), (180, 181), (2, 34), (228, 230), (165, 229), (222, 223), (98, 114), (223, 255), (195, 199), (89, 93), (166, 230), (21, 53)}
Obj: 25339

