Log for instance aco_tuning_out/inst21.txt.

Used ({'tau0': 8.990632486830376e-06, 'xi': 0.09595706500151588, 'q0': 0.4417965567940394, 'alpha': 1.6457162341639056, 'beta': 1.8792939670585154, 'rho': 0.14228615039412212, 'ants': 30}) and found best instance after 234.0625 seconds.
E1: {(166, 175), (226, 232), (54, 135), (226, 235), (226, 229), (72, 234), (175, 229), (176, 203), (98, 152), (223, 232), (200, 203), (180, 234), (180, 182), (95, 98), (234, 235), (64, 226), (41, 203), (175, 176), (174, 177), (14, 176), (54, 72), (32, 41), (45, 72), (95, 176), (174, 228), (174, 176)}
E2: {(81, 82), (226, 235), (5, 59), (43, 52), (217, 223), (210, 211), (180, 207), (234, 236), (217, 235), (5, 86), (195, 204), (0, 81), (160, 161), (81, 84), (180, 234), (154, 160), (180, 182), (51, 52), (120, 201), (84, 86), (86, 89), (25, 52), (234, 235), (200, 227), (45, 207), (64, 226), (45, 51), (201, 204), (226, 227), (81, 135), (82, 91), (201, 210), (136, 217), (154, 235), (207, 210), (82, 109), (152, 161), (5, 32), (51, 78), (157, 160), (82, 136)}
Obj: 27831

