Log for instance aco_tuning_out/inst24.txt.

Used ({'tau0': 1.6998009274389792e-06, 'xi': 0.07574288908876978, 'q0': 0.3437997878588728, 'alpha': 0.9960324515524092, 'beta': 0.6033193519507508, 'rho': 0.22849098583736227, 'ants': 30}) and found best instance after 31.4375 seconds.
E1: {(137, 139), (250, 254), (154, 155), (42, 106), (15, 79), (58, 59), (171, 235), (44, 45), (43, 171), (0, 2), (128, 160), (40, 44), (242, 243), (155, 159), (220, 252), (186, 250), (2, 130), (240, 242), (137, 141), (74, 106), (220, 221), (58, 186), (44, 108), (128, 144), (15, 47), (57, 59), (34, 42), (74, 90), (71, 79), (2, 34), (43, 47), (139, 155), (42, 58), (43, 59), (154, 186), (0, 128), (186, 190), (242, 250), (252, 254), (45, 47), (92, 220), (12, 44)}
E2: {(183, 191), (98, 226), (164, 165), (164, 180), (237, 253), (178, 179), (147, 179), (34, 98), (187, 191), (133, 165), (253, 255), (85, 213), (88, 90), (74, 106), (61, 63), (164, 228), (98, 106), (60, 61), (221, 253), (176, 178), (191, 255), (88, 120), (179, 183), (230, 231), (222, 254), (213, 221), (74, 90), (144, 176), (63, 191), (88, 89), (53, 61), (226, 230), (175, 191), (147, 211), (228, 230), (254, 255), (98, 114), (5, 133), (176, 180), (10, 74), (166, 230), (195, 211)}
Obj: 25882

