Log for instance aco_tuning_out/inst30.txt.

Used ({'tau_0': 4.020220899909005e-06, 'xi': 0.13174644598316573, 'q0': 0.6110235189733683, 'alpha': 1.6598844502421457, 'beta': 1.4439786122174993, 'rho': 0.18623233223962188, 'ants': 32}) and found best instance after 35.65625 seconds.
E1: {(81, 82), (37, 64), (171, 177), (41, 122), (125, 134), (184, 211), (176, 185), (84, 102), (171, 198), (236, 239), (122, 125), (195, 204), (125, 152), (0, 81), (185, 239), (120, 122), (83, 164), (171, 173), (82, 83), (81, 84), (22, 184), (173, 176), (164, 173), (22, 25), (173, 200), (198, 199), (184, 185), (14, 176), (82, 91), (32, 41), (37, 199), (82, 109), (198, 204), (14, 41)}
E2: {(145, 146), (55, 136), (119, 200), (162, 168), (162, 180), (66, 228), (57, 66), (34, 52), (136, 145), (168, 177), (163, 166), (180, 182), (47, 128), (168, 195), (25, 52), (58, 76), (31, 34), (55, 217), (31, 58), (55, 58), (163, 217), (76, 157), (128, 134), (55, 64), (109, 136), (119, 128), (146, 152), (146, 155), (162, 163), (0, 162), (128, 155), (135, 136), (57, 58), (91, 145), (45, 47), (155, 236)}
Obj: 31858

