Log for instance aco_tuning_out/inst27.txt.

Used ({'tau0': 9.546586330686151e-06, 'xi': 0.07432857356120594, 'q0': 0.39855006298732903, 'alpha': 1.1362553523500754, 'beta': 1.13375631131127, 'rho': 0.39805176799684205, 'ants': 18}) and found best instance after 15.90625 seconds.
E1: {(55, 63), (154, 155), (132, 164), (154, 158), (155, 187), (49, 53), (1, 3), (36, 37), (28, 30), (5, 37), (37, 39), (110, 111), (30, 158), (23, 55), (100, 116), (76, 204), (249, 251), (145, 209), (209, 213), (164, 228), (28, 60), (153, 155), (49, 113), (142, 158), (46, 62), (1, 5), (34, 42), (28, 29), (27, 155), (187, 251), (213, 221), (36, 100), (213, 215), (53, 55), (36, 164), (110, 238), (37, 53), (42, 43), (108, 110), (145, 153), (42, 46), (158, 190), (76, 108), (46, 110), (30, 62), (144, 145), (62, 63), (250, 251), (54, 62)}
E2: {(119, 127), (58, 59), (15, 143), (132, 164), (58, 62), (150, 151), (216, 218), (101, 109), (242, 243), (123, 127), (148, 150), (122, 250), (132, 148), (240, 242), (109, 125), (6, 14), (36, 52), (125, 127), (147, 151), (202, 218), (93, 125), (14, 15), (127, 255), (144, 152), (57, 59), (14, 30), (10, 14), (36, 164), (111, 127), (218, 250), (59, 123), (164, 166), (226, 242), (141, 143), (30, 62), (152, 216), (144, 148), (48, 52), (242, 250), (122, 123), (93, 221)}
Obj: 27454

