Log for instance aco_tuning_out/inst09.txt.

Used ({'tau_0': 7.199516623553175e-06, 'xi': 0.11757684122784635, 'q0': 0.8950304976400971, 'alpha': 1.7862372914817117, 'beta': 1.3396042945590478, 'rho': 0.08070539620138223, 'ants': 25}) and found best instance after 32.859375 seconds.
E1: {(166, 175), (81, 82), (175, 202), (171, 177), (120, 147), (179, 233), (84, 102), (234, 236), (135, 153), (0, 81), (83, 164), (171, 173), (171, 225), (82, 83), (81, 84), (148, 229), (147, 148), (72, 78), (173, 176), (164, 173), (173, 179), (175, 176), (153, 234), (224, 233), (14, 176), (202, 205), (72, 153), (202, 229), (225, 234), (83, 89), (43, 205), (148, 157), (223, 224)}
E2: {(166, 175), (145, 146), (58, 59), (162, 171), (55, 136), (175, 202), (171, 177), (31, 32), (201, 202), (83, 164), (136, 145), (82, 83), (171, 173), (51, 52), (173, 176), (164, 173), (120, 201), (25, 52), (58, 76), (31, 58), (175, 176), (196, 205), (205, 214), (45, 51), (55, 58), (76, 157), (128, 134), (196, 223), (146, 155), (202, 205), (146, 152), (0, 162), (202, 211), (128, 155), (83, 89), (195, 196), (82, 136), (52, 214)}
Obj: 28195

