Log for instance aco_tuning_out/inst12.txt.

Used ({'tau0': 7.271888129177242e-06, 'xi': 0.05984220487362216, 'q0': 0.5127813632941683, 'alpha': 0.28049908432308224, 'beta': 1.9767044196304102, 'rho': 0.05712818954691315, 'ants': 28}) and found best instance after 248.59375 seconds.
E1: {(83, 110), (171, 180), (207, 209), (171, 198), (198, 201), (189, 198), (81, 82), (84, 102), (84, 111), (109, 110), (81, 84), (82, 83), (180, 182), (164, 173), (36, 198), (36, 45), (53, 134), (30, 111), (52, 53), (204, 205), (189, 195), (43, 205), (198, 207), (195, 204), (83, 164), (209, 215), (211, 212), (120, 201), (86, 89), (84, 165), (82, 91), (83, 86), (0, 81), (171, 173), (165, 166), (30, 32), (205, 214), (212, 215), (52, 214)}
E2: {(83, 110), (116, 134), (171, 198), (57, 75), (21, 183), (173, 179), (118, 124), (25, 52), (57, 59), (64, 226), (86, 113), (31, 58), (166, 167), (110, 116), (21, 75), (205, 232), (173, 227), (174, 201), (199, 200), (60, 78), (83, 89), (85, 86), (97, 124), (208, 214), (223, 232), (164, 173), (36, 198), (36, 45), (201, 204), (165, 183), (204, 205), (118, 199), (171, 174), (165, 167), (146, 227), (208, 211), (97, 151), (178, 179), (34, 43), (227, 236), (83, 164), (135, 137), (174, 177), (137, 146), (143, 152), (143, 161), (83, 86), (4, 58), (32, 113), (4, 85), (57, 60), (199, 226), (97, 178), (160, 161), (171, 173), (102, 183), (31, 34), (205, 214), (109, 118), (174, 183), (151, 160), (157, 160), (52, 214)}
Obj: 37962

