Log for instance aco_tuning_out/inst15.txt.

Used ({'tau0': 7.812894719628246e-06, 'xi': 0.0766649900567211, 'q0': 0.3937027431240757, 'alpha': 1.3517471324904988, 'beta': 1.9563494025351882, 'rho': 0.17338412974172868, 'ants': 20}) and found best instance after 40.515625 seconds.
E1: {(162, 171), (162, 168), (171, 177), (11, 173), (66, 228), (38, 41), (40, 41), (57, 66), (91, 92), (76, 79), (92, 173), (171, 173), (11, 38), (168, 195), (78, 79), (58, 76), (173, 182), (40, 43), (31, 40), (173, 200), (31, 58), (109, 112), (76, 157), (64, 73), (73, 79), (57, 58), (31, 112)}
E2: {(18, 72), (33, 42), (92, 119), (14, 68), (18, 20), (166, 193), (119, 200), (66, 228), (15, 42), (31, 32), (125, 134), (39, 42), (135, 153), (39, 66), (0, 18), (42, 44), (72, 78), (58, 67), (20, 101), (66, 68), (19, 20), (112, 193), (31, 58), (109, 112), (119, 125), (42, 43), (64, 67), (59, 68), (182, 236), (45, 72), (193, 211), (72, 153), (44, 125), (15, 177), (66, 67), (83, 89), (19, 25), (33, 195), (92, 101), (83, 92), (31, 112), (20, 182)}
Obj: 28143

