Log for instance aco_tuning_out/inst03.txt.

Used ({'tau0': 1.7311092028219667e-06, 'xi': 0.08252852050291277, 'q0': 0.30102382451999166, 'alpha': 1.4307200972470873, 'beta': 1.366990204180299, 'rho': 0.3910589486840866, 'ants': 12}) and found best instance after 7.15625 seconds.
E1: {(204, 220), (47, 175), (15, 79), (128, 136), (136, 137), (105, 107), (99, 103), (99, 115), (133, 141), (69, 77), (133, 135), (0, 2), (97, 105), (73, 105), (92, 94), (140, 204), (4, 36), (8, 24), (172, 236), (136, 140), (69, 101), (36, 52), (136, 200), (73, 77), (65, 97), (224, 240), (194, 202), (220, 221), (52, 54), (147, 151), (78, 79), (15, 47), (217, 219), (24, 56), (78, 94), (39, 47), (0, 4), (133, 149), (74, 78), (2, 10), (66, 74), (149, 151), (20, 52), (56, 57), (194, 195), (171, 175), (140, 172), (52, 53), (99, 107), (194, 210), (228, 236), (200, 232), (171, 187), (217, 221), (9, 73), (113, 115), (8, 10), (0, 128), (66, 70), (9, 137), (103, 119), (68, 70), (140, 141), (10, 74), (74, 202), (224, 232), (79, 207)}
E2: {(136, 137), (128, 136), (55, 63), (177, 181), (193, 201), (136, 152), (107, 235), (182, 183), (43, 107), (99, 115), (51, 59), (150, 151), (152, 154), (0, 2), (192, 224), (216, 218), (17, 21), (210, 214), (114, 115), (36, 37), (123, 127), (212, 214), (115, 123), (37, 39), (198, 206), (37, 45), (196, 212), (197, 213), (128, 132), (202, 206), (1, 33), (206, 222), (193, 197), (51, 55), (180, 182), (99, 227), (180, 188), (181, 183), (202, 218), (15, 47), (0, 1), (5, 21), (39, 47), (57, 59), (48, 56), (212, 213), (132, 196), (1, 17), (55, 183), (33, 37), (160, 224), (56, 57), (128, 192), (226, 227), (47, 63), (166, 182), (2, 34), (42, 43), (111, 127), (51, 115), (213, 245), (99, 107), (40, 42), (0, 128), (9, 137), (196, 198), (150, 182), (172, 188), (151, 159)}
Obj: 40300

