Log for instance aco_tuning_out/inst30.txt.

Used ({'tau_0': 5.886189817315941e-06, 'xi': 0.08222368157872886, 'q0': 0.5177131034654385, 'alpha': 1.8715621976373542, 'beta': 1.496250370264296, 'rho': 0.33920762188241993, 'ants': 22}) and found best instance after 8.453125 seconds.
E1: {(194, 197), (101, 155), (55, 136), (175, 202), (118, 119), (0, 54), (119, 200), (179, 233), (103, 106), (178, 179), (100, 101), (14, 95), (134, 161), (236, 242), (152, 233), (161, 242), (54, 55), (120, 122), (136, 145), (148, 229), (122, 149), (233, 242), (195, 197), (32, 194), (100, 103), (118, 145), (95, 122), (148, 149), (102, 103), (119, 122), (224, 233), (146, 149), (146, 155), (91, 118), (55, 64), (109, 136), (202, 211), (197, 224), (25, 106), (202, 229), (175, 178), (177, 178)}
E2: {(166, 175), (185, 188), (3, 4), (39, 201), (162, 171), (54, 135), (4, 58), (162, 168), (66, 228), (69, 71), (116, 134), (176, 185), (33, 60), (171, 198), (234, 236), (66, 69), (57, 66), (57, 60), (25, 187), (63, 64), (39, 66), (174, 175), (28, 109), (228, 237), (36, 198), (33, 114), (182, 188), (58, 76), (198, 199), (169, 187), (31, 58), (175, 176), (54, 57), (63, 66), (36, 45), (174, 177), (192, 195), (76, 157), (3, 57), (192, 201), (91, 118), (71, 152), (174, 201), (199, 200), (234, 237), (0, 3), (114, 116), (118, 199), (28, 31), (198, 201), (168, 169)}
Obj: 37811

