Log for instance aco_tuning_out/inst18.txt.

Used ({'tau0': 5.984400518709856e-06, 'xi': 0.13241385165248287, 'q0': 0.4542903648549634, 'alpha': 0.4898957854025313, 'beta': 0.29966337375676566, 'rho': 0.06680927871977722, 'ants': 9}) and found best instance after 263.5 seconds.
E1: {(197, 205), (71, 87), (99, 103), (160, 168), (44, 45), (3, 7), (82, 90), (58, 62), (13, 45), (5, 7), (5, 13), (150, 151), (40, 44), (87, 95), (252, 253), (85, 213), (7, 71), (197, 213), (62, 126), (6, 70), (201, 205), (238, 254), (13, 29), (110, 126), (147, 151), (245, 253), (80, 82), (9, 13), (103, 111), (46, 62), (40, 168), (213, 215), (9, 25), (151, 215), (110, 238), (213, 245), (54, 62), (70, 71), (71, 103), (87, 215), (7, 39), (25, 57), (66, 70), (252, 254), (66, 82), (62, 63), (151, 159), (209, 213)}
E2: {(168, 172), (160, 168), (154, 158), (108, 109), (168, 184), (60, 62), (72, 88), (163, 179), (5, 13), (101, 109), (113, 117), (8, 9), (114, 115), (82, 114), (80, 208), (252, 253), (115, 123), (78, 110), (172, 236), (8, 24), (30, 158), (62, 126), (168, 232), (110, 126), (82, 86), (108, 236), (245, 253), (221, 253), (101, 117), (208, 210), (142, 158), (40, 168), (8, 72), (9, 13), (236, 238), (88, 89), (208, 240), (110, 238), (82, 210), (51, 115), (51, 179), (30, 62), (113, 115), (150, 158), (66, 82), (236, 252), (54, 62), (8, 40)}
Obj: 27648

