Log for instance aco_tuning_out/inst24.txt.

Used ({'tau0': 7.814861621349648e-06, 'xi': 0.138307434456488, 'q0': 0.43841983460807055, 'alpha': 1.339632899369741, 'beta': 1.2581696145841696, 'rho': 0.4518495513690369, 'ants': 15}) and found best instance after 9.140625 seconds.
E1: {(76, 92), (154, 155), (42, 106), (160, 168), (58, 59), (171, 235), (44, 45), (168, 184), (182, 183), (43, 171), (0, 2), (176, 240), (40, 44), (141, 157), (155, 159), (252, 253), (186, 250), (2, 130), (157, 159), (184, 186), (71, 199), (58, 122), (243, 247), (58, 186), (12, 76), (221, 253), (57, 59), (176, 184), (139, 171), (34, 42), (106, 122), (144, 176), (183, 247), (199, 231), (2, 34), (231, 247), (11, 43), (76, 108), (139, 155), (182, 190), (40, 42), (154, 186), (90, 122), (186, 190), (11, 15), (157, 221), (12, 44)}
E2: {(183, 191), (247, 255), (42, 106), (196, 228), (82, 90), (165, 167), (246, 247), (151, 183), (206, 238), (237, 253), (146, 178), (82, 114), (114, 118), (187, 191), (133, 165), (132, 148), (88, 90), (146, 147), (10, 42), (206, 222), (148, 180), (147, 151), (21, 85), (28, 60), (221, 253), (88, 120), (118, 246), (5, 21), (106, 110), (236, 238), (28, 29), (132, 196), (2, 10), (166, 167), (63, 191), (183, 247), (199, 231), (110, 238), (88, 89), (226, 230), (230, 246), (175, 191), (2, 34), (231, 247), (228, 230), (228, 236), (21, 29), (5, 133), (144, 148), (167, 183), (195, 199), (236, 237), (21, 53)}
Obj: 29917

