Log for instance aco_tuning_out/inst18.txt.

Used ({'tau0': 5.342828546400694e-06, 'xi': 0.10757152839420789, 'q0': 0.48310874806332305, 'alpha': 0.7345220815729948, 'beta': 0.5000932542690112, 'rho': 0.1091478953450425, 'ants': 30}) and found best instance after 263.375 seconds.
E1: {(193, 201), (82, 90), (150, 151), (0, 2), (128, 160), (2, 66), (1, 3), (252, 253), (1, 9), (85, 213), (62, 126), (45, 61), (209, 213), (110, 126), (58, 122), (193, 197), (82, 86), (61, 63), (147, 151), (193, 209), (46, 47), (245, 253), (80, 82), (22, 86), (22, 150), (39, 47), (46, 62), (1, 5), (29, 61), (95, 127), (213, 215), (110, 238), (111, 127), (6, 22), (107, 111), (213, 245), (99, 107), (126, 127), (23, 87), (23, 151), (87, 215), (0, 128), (57, 61), (122, 126), (2, 3), (66, 82), (62, 63), (22, 54), (151, 159), (54, 62)}
E2: {(2, 66), (240, 242), (82, 86), (97, 113), (122, 126), (114, 122), (66, 82), (184, 248), (60, 62), (114, 115), (1, 3), (123, 127), (62, 126), (240, 248), (3, 131), (248, 252), (40, 168), (97, 101), (1, 5), (131, 163), (54, 62), (8, 40), (154, 158), (168, 184), (72, 88), (1, 9), (8, 24), (78, 110), (110, 126), (245, 253), (221, 253), (80, 82), (8, 72), (88, 89), (110, 238), (108, 110), (82, 210), (51, 115), (126, 127), (150, 158), (2, 3), (22, 54), (210, 242), (168, 172), (160, 168), (232, 248), (252, 253), (22, 86), (142, 158), (22, 150), (30, 62), (113, 115)}
Obj: 27825

