Log for instance aco_tuning_out/inst09.txt.

Used ({'tau0': 5.341643627837584e-06, 'xi': 0.12828902895224037, 'q0': 0.5825040751853071, 'alpha': 1.680352012001748, 'beta': 1.7927432976473112, 'rho': 0.24781837895583786, 'ants': 32}) and found best instance after 24.65625 seconds.
E1: {(165, 219), (36, 117), (38, 41), (222, 231), (69, 150), (236, 242), (0, 81), (117, 123), (89, 116), (223, 241), (219, 222), (157, 238), (165, 166), (99, 102), (81, 90), (35, 44), (81, 99), (90, 117), (238, 241), (177, 231), (81, 135), (123, 150), (41, 44), (43, 44), (222, 223), (69, 78), (35, 116), (150, 231), (36, 38), (14, 41), (241, 242), (120, 123)}
E2: {(123, 204), (4, 58), (3, 4), (139, 157), (59, 140), (89, 98), (195, 204), (166, 220), (98, 152), (42, 44), (16, 25), (211, 212), (47, 128), (177, 204), (139, 220), (50, 212), (110, 113), (113, 140), (139, 140), (128, 134), (41, 44), (17, 44), (220, 223), (41, 50), (110, 128), (32, 41), (58, 139), (120, 123), (0, 3), (42, 204), (45, 47), (17, 98), (16, 17), (47, 50)}
Obj: 28870

