Log for instance aco_tuning_out/inst21.txt.

Used ({'tau_0': 4.060261844275314e-06, 'xi': 0.08488866370438058, 'q0': 0.7517708033130077, 'alpha': 0.7568921075953849, 'beta': 1.442677676309637, 'rho': 0.31238065733584786, 'ants': 26}) and found best instance after 34.171875 seconds.
E1: {(166, 175), (38, 200), (36, 117), (66, 228), (38, 41), (176, 185), (40, 41), (135, 144), (13, 14), (64, 65), (117, 144), (182, 185), (13, 175), (66, 68), (68, 71), (196, 205), (175, 176), (36, 45), (178, 205), (196, 223), (32, 41), (13, 40), (71, 152), (41, 68), (65, 71), (36, 38), (175, 178), (177, 178)}
E2: {(54, 135), (5, 59), (55, 136), (0, 54), (139, 157), (199, 205), (4, 85), (125, 152), (54, 55), (96, 97), (136, 139), (136, 145), (82, 83), (83, 164), (72, 78), (4, 5), (164, 182), (85, 139), (118, 145), (196, 205), (91, 97), (109, 118), (196, 223), (82, 85), (91, 118), (55, 64), (54, 72), (202, 205), (202, 211), (182, 236), (25, 106), (45, 72), (199, 200), (96, 123), (123, 125), (97, 106), (118, 199), (195, 196), (83, 89), (5, 32), (43, 205), (120, 123)}
Obj: 29540

