Log for instance aco_tuning_out/inst15.txt.

Used ({'tau_0': 7.405500650510694e-06, 'xi': 0.0538011928337849, 'q0': 0.7808066118135257, 'alpha': 1.9053416179409846, 'beta': 1.1675645378953803, 'rho': 0.23263286946707473, 'ants': 25}) and found best instance after 14.203125 seconds.
E1: {(226, 232), (171, 174), (119, 200), (118, 119), (151, 232), (171, 180), (159, 160), (171, 198), (78, 159), (157, 160), (180, 182), (36, 198), (118, 124), (64, 226), (38, 119), (196, 205), (109, 118), (174, 177), (151, 160), (91, 118), (205, 232), (124, 151), (195, 196), (174, 228), (36, 38), (43, 205)}
E2: {(166, 175), (81, 82), (163, 164), (33, 42), (3, 4), (4, 58), (39, 201), (58, 59), (175, 202), (66, 228), (29, 32), (38, 47), (50, 131), (38, 44), (171, 198), (153, 159), (20, 47), (135, 153), (14, 95), (131, 134), (78, 159), (67, 229), (45, 46), (39, 66), (83, 164), (171, 173), (82, 83), (81, 84), (209, 215), (42, 44), (67, 70), (148, 229), (211, 212), (180, 234), (164, 173), (58, 67), (46, 47), (36, 198), (86, 89), (180, 182), (209, 236), (0, 1), (94, 148), (173, 200), (50, 212), (19, 20), (153, 234), (27, 36), (174, 177), (81, 135), (64, 70), (42, 43), (1, 163), (174, 201), (82, 109), (3, 84), (202, 229), (19, 25), (83, 86), (36, 38), (27, 29), (212, 215), (33, 195), (94, 95), (198, 201), (47, 50)}
Obj: 32083

