Log for instance aco_tuning_out/inst21.txt.

Used ({'tau_0': 9.701809206152345e-06, 'xi': 0.09407325991753526, 'q0': 0.3044948820351523, 'alpha': 1.8442079342859672, 'beta': 1.893720745386587, 'rho': 0.3120024078765271, 'ants': 29}) and found best instance after 16.71875 seconds.
E1: {(162, 171), (171, 177), (216, 218), (194, 221), (171, 198), (71, 233), (218, 224), (152, 233), (198, 200), (162, 216), (64, 65), (223, 232), (171, 173), (167, 221), (228, 231), (36, 198), (173, 182), (135, 216), (32, 194), (166, 167), (231, 232), (36, 45), (224, 233), (17, 71), (14, 17), (65, 71), (221, 224), (232, 233)}
E2: {(68, 149), (33, 42), (39, 201), (78, 80), (33, 51), (39, 42), (101, 182), (100, 101), (76, 79), (149, 152), (198, 200), (39, 66), (201, 202), (19, 100), (30, 39), (18, 19), (163, 169), (0, 18), (79, 160), (120, 201), (58, 67), (88, 169), (22, 25), (58, 76), (216, 217), (66, 68), (55, 217), (135, 216), (45, 51), (30, 32), (91, 100), (79, 80), (55, 58), (88, 89), (163, 217), (42, 43), (64, 67), (109, 136), (202, 211), (59, 68), (74, 236), (22, 76), (136, 217), (169, 223), (66, 67), (74, 80), (19, 22), (33, 195), (157, 160), (198, 201)}
Obj: 30660

