Log for instance aco_tuning_out/inst27.txt.

Used ({'tau0': 6.1953877645287985e-06, 'xi': 0.12592428493863295, 'q0': 0.5371346552036473, 'alpha': 0.6164150020009103, 'beta': 1.0047990339648631, 'rho': 0.10018538445968772, 'ants': 21}) and found best instance after 280.09375 seconds.
E1: {(196, 228), (52, 116), (23, 31), (28, 30), (186, 250), (27, 31), (249, 251), (36, 52), (145, 209), (128, 132), (10, 42), (58, 186), (128, 144), (52, 54), (28, 60), (52, 60), (14, 30), (113, 241), (39, 47), (10, 14), (236, 238), (187, 251), (2, 10), (213, 215), (213, 221), (132, 196), (28, 29), (47, 111), (241, 249), (47, 63), (2, 34), (43, 47), (42, 58), (144, 145), (228, 236), (14, 142), (209, 241), (2, 3), (154, 186), (186, 190), (196, 204), (30, 31), (31, 63), (250, 251), (209, 213)}
E2: {(119, 127), (243, 251), (101, 103), (216, 218), (176, 240), (48, 176), (186, 250), (251, 255), (123, 127), (253, 255), (56, 58), (6, 14), (166, 230), (10, 42), (58, 186), (125, 127), (202, 218), (221, 253), (14, 15), (127, 255), (14, 30), (48, 56), (10, 14), (144, 176), (56, 57), (13, 141), (226, 230), (111, 127), (218, 250), (145, 147), (226, 242), (42, 58), (144, 145), (103, 119), (242, 250), (13, 15), (250, 251)}
Obj: 23876

