Log for instance aco_tuning_out/inst30.txt.

Used ({'tau0': 9.342356314703797e-06, 'xi': 0.11093798894348852, 'q0': 0.3936504222796646, 'alpha': 1.8613339066625738, 'beta': 0.5900213499937936, 'rho': 0.2538267278899345, 'ants': 22}) and found best instance after 15.0 seconds.
E1: {(93, 102), (119, 200), (171, 177), (118, 119), (93, 120), (22, 23), (9, 63), (107, 134), (234, 236), (63, 64), (65, 146), (30, 33), (30, 39), (40, 202), (22, 25), (107, 188), (63, 225), (12, 39), (30, 32), (109, 118), (177, 179), (91, 118), (146, 152), (9, 171), (12, 14), (202, 211), (119, 146), (14, 23), (39, 40), (9, 12), (0, 9), (12, 93), (225, 234), (179, 188), (33, 195), (63, 65)}
E2: {(33, 42), (19, 46), (12, 13), (66, 228), (64, 145), (39, 42), (144, 147), (135, 144), (3, 165), (45, 46), (39, 66), (200, 209), (209, 215), (147, 148), (165, 166), (3, 12), (22, 25), (39, 41), (209, 236), (134, 215), (50, 212), (12, 39), (118, 145), (182, 209), (177, 231), (109, 118), (66, 147), (13, 22), (91, 118), (147, 150), (41, 50), (150, 152), (144, 145), (0, 3), (150, 231), (19, 22), (33, 195), (212, 215), (148, 157)}
Obj: 33020

