Log for instance aco_tuning_out/inst03.txt.

Used ({'tau_0': 5.998921288673613e-06, 'xi': 0.12799050366072715, 'q0': 0.730921478054052, 'alpha': 1.5055228070199218, 'beta': 0.3739261379740735, 'rho': 0.1599798192967875, 'ants': 28}) and found best instance after 29.796875 seconds.
E1: {(204, 220), (200, 201), (210, 242), (193, 195), (193, 201), (196, 228), (155, 187), (118, 119), (147, 155), (20, 148), (8, 9), (49, 53), (114, 118), (36, 37), (8, 24), (37, 39), (240, 242), (137, 141), (143, 175), (65, 97), (194, 202), (220, 221), (147, 151), (135, 143), (49, 113), (97, 101), (114, 242), (155, 219), (149, 151), (68, 196), (54, 118), (148, 149), (200, 202), (37, 53), (137, 201), (141, 143), (194, 210), (200, 232), (143, 207), (9, 137), (65, 193), (49, 57), (135, 151), (196, 204), (37, 101), (92, 220), (200, 204)}
E2: {(192, 194), (210, 242), (200, 201), (171, 235), (15, 143), (154, 158), (200, 216), (43, 107), (180, 244), (43, 171), (133, 141), (128, 160), (36, 37), (148, 150), (132, 133), (5, 37), (158, 222), (37, 45), (132, 148), (174, 175), (166, 174), (143, 175), (137, 141), (128, 132), (148, 180), (194, 226), (143, 159), (46, 62), (114, 242), (172, 174), (34, 42), (244, 245), (49, 177), (33, 37), (128, 192), (137, 201), (194, 198), (42, 46), (33, 49), (171, 175), (107, 111), (141, 143), (99, 107), (133, 197), (194, 210), (46, 174), (107, 123), (40, 42), (5, 133), (48, 49), (9, 137), (0, 128), (62, 63), (158, 159), (17, 49)}
Obj: 29730

