Log for instance aco_tuning_out/inst18.txt.

Used ({'tau0': 5.341643627837584e-06, 'xi': 0.12828902895224037, 'q0': 0.5825040751853071, 'alpha': 1.680352012001748, 'beta': 1.7927432976473112, 'rho': 0.24781837895583786, 'ants': 32}) and found best instance after 33.1875 seconds.
E1: {(128, 136), (136, 137), (150, 151), (29, 93), (0, 2), (128, 160), (2, 66), (1, 3), (114, 118), (244, 252), (93, 95), (85, 213), (197, 213), (45, 61), (209, 213), (110, 126), (58, 122), (61, 63), (147, 151), (46, 47), (0, 1), (39, 47), (1, 5), (244, 245), (29, 61), (213, 215), (54, 118), (110, 238), (85, 93), (151, 215), (137, 201), (47, 63), (98, 99), (66, 98), (213, 245), (84, 85), (46, 110), (118, 126), (98, 114), (80, 84), (57, 61), (0, 128), (9, 137), (122, 126), (90, 122), (2, 6), (151, 159), (47, 111)}
E2: {(128, 136), (136, 137), (168, 172), (160, 168), (91, 123), (168, 184), (60, 62), (0, 2), (128, 160), (210, 211), (112, 240), (97, 99), (2, 66), (252, 253), (83, 91), (8, 24), (78, 110), (244, 252), (168, 232), (62, 126), (83, 115), (163, 227), (154, 218), (99, 227), (221, 253), (70, 78), (89, 91), (22, 86), (0, 1), (112, 114), (22, 150), (97, 101), (8, 72), (14, 30), (8, 136), (1, 5), (244, 245), (80, 112), (110, 238), (240, 244), (108, 110), (98, 99), (66, 98), (51, 115), (98, 114), (112, 113), (113, 115), (22, 30), (14, 142), (66, 70), (0, 128), (70, 86), (9, 137), (210, 218), (83, 211), (22, 54), (54, 62), (8, 40)}
Obj: 29794

