Log for instance aco_tuning_out/inst24.txt.

Used ({'tau_0': 7.405500650510694e-06, 'xi': 0.0538011928337849, 'q0': 0.7808066118135257, 'alpha': 1.9053416179409846, 'beta': 1.1675645378953803, 'rho': 0.23263286946707473, 'ants': 25}) and found best instance after 17.125 seconds.
E1: {(90, 91), (154, 155), (196, 228), (171, 235), (243, 251), (99, 103), (156, 158), (147, 155), (12, 13), (43, 107), (43, 171), (228, 244), (0, 2), (252, 253), (156, 188), (92, 94), (2, 130), (91, 95), (198, 206), (158, 222), (30, 94), (62, 126), (249, 251), (45, 61), (10, 42), (206, 222), (25, 153), (61, 63), (147, 151), (12, 76), (90, 218), (221, 253), (14, 15), (153, 155), (31, 95), (14, 30), (31, 159), (139, 171), (10, 14), (2, 10), (76, 78), (106, 122), (30, 31), (235, 251), (249, 253), (13, 141), (240, 244), (130, 162), (218, 250), (2, 34), (145, 153), (188, 252), (76, 108), (158, 190), (99, 107), (71, 103), (42, 58), (144, 145), (40, 42), (78, 206), (25, 57), (122, 126), (196, 198), (62, 63), (158, 159), (31, 63), (160, 162), (151, 159)}
E2: {(90, 91), (196, 228), (155, 187), (156, 158), (147, 155), (4, 6), (237, 253), (0, 2), (146, 178), (252, 253), (156, 188), (121, 249), (187, 191), (91, 95), (158, 222), (53, 181), (85, 213), (62, 126), (6, 14), (146, 147), (4, 5), (128, 144), (147, 151), (142, 143), (180, 188), (181, 183), (221, 253), (60, 61), (134, 142), (191, 255), (89, 91), (165, 181), (31, 95), (31, 159), (194, 226), (143, 159), (10, 14), (198, 199), (132, 196), (2, 10), (106, 122), (213, 221), (134, 166), (53, 61), (199, 231), (249, 253), (120, 121), (175, 191), (180, 181), (194, 198), (2, 34), (188, 252), (4, 132), (90, 122), (0, 128), (195, 199), (122, 126), (132, 134), (196, 198), (114, 122), (62, 63), (158, 159), (151, 159)}
Obj: 35055

