Log for instance aco_tuning_out/inst12.txt.

Used ({'tau0': 8.037069826251222e-06, 'xi': 0.09645020294268639, 'q0': 0.6378636958577493, 'alpha': 1.5874523603304216, 'beta': 1.117749324798499, 'rho': 0.3122873583242921, 'ants': 22}) and found best instance after 12.984375 seconds.
E1: {(166, 175), (33, 42), (39, 201), (108, 109), (15, 42), (49, 50), (66, 75), (39, 66), (174, 175), (15, 17), (83, 164), (82, 83), (30, 39), (49, 211), (120, 201), (164, 182), (26, 53), (17, 26), (27, 30), (27, 33), (30, 32), (27, 45), (21, 75), (42, 43), (82, 91), (53, 134), (50, 53), (174, 201), (82, 109), (21, 102), (83, 89), (33, 195), (0, 27), (27, 108)}
E2: {(81, 82), (3, 4), (58, 59), (4, 58), (166, 184), (39, 201), (21, 22), (31, 32), (184, 211), (112, 115), (75, 78), (66, 75), (34, 43), (112, 130), (198, 200), (151, 152), (39, 66), (81, 84), (72, 75), (82, 83), (130, 157), (22, 184), (73, 74), (36, 198), (22, 25), (86, 89), (3, 21), (31, 34), (135, 216), (31, 58), (109, 115), (36, 45), (128, 131), (72, 74), (174, 177), (81, 135), (128, 134), (21, 75), (64, 73), (74, 236), (222, 223), (174, 201), (130, 131), (3, 84), (216, 222), (21, 102), (115, 124), (124, 151), (83, 86), (31, 112), (198, 201)}
Obj: 34120

