Log for instance aco_tuning_out/inst18.txt.

Used ({'tau_0': 5.984400518709856e-06, 'xi': 0.13241385165248287, 'q0': 0.4542903648549634, 'alpha': 0.4898957854025313, 'beta': 0.29966337375676566, 'rho': 0.06680927871977722, 'ants': 9}) and found best instance after 282.484375 seconds.
E1: {(193, 201), (82, 90), (58, 62), (86, 87), (150, 151), (126, 254), (128, 160), (87, 95), (1, 3), (1, 9), (110, 111), (62, 126), (85, 213), (209, 213), (197, 213), (128, 129), (110, 126), (193, 197), (82, 86), (61, 63), (147, 151), (3, 67), (80, 82), (22, 86), (38, 46), (22, 150), (1, 5), (29, 61), (85, 87), (151, 215), (110, 238), (47, 63), (6, 22), (213, 245), (46, 110), (38, 39), (57, 61), (66, 67), (1, 129), (67, 99), (252, 254), (45, 47), (62, 63), (66, 82), (22, 54), (151, 159), (54, 62)}
E2: {(24, 88), (168, 172), (26, 30), (160, 168), (168, 184), (60, 62), (35, 51), (206, 238), (126, 254), (40, 44), (8, 9), (44, 60), (113, 117), (114, 115), (82, 114), (252, 253), (1, 9), (8, 24), (115, 123), (78, 110), (244, 252), (117, 245), (62, 126), (168, 232), (238, 254), (44, 108), (82, 86), (26, 154), (35, 163), (221, 253), (80, 82), (101, 117), (22, 86), (22, 150), (8, 72), (40, 168), (1, 5), (88, 89), (110, 238), (240, 244), (82, 210), (51, 115), (142, 206), (113, 115), (22, 30), (252, 254), (66, 82), (22, 54), (54, 62), (8, 40)}
Obj: 27651

