Log for instance aco_tuning_out/inst24.txt.

Used ({'tau_0': 5.432541354150304e-06, 'xi': 0.1098768506848867, 'q0': 0.588663995987506, 'alpha': 1.0903417143977059, 'beta': 1.0292353817624138, 'rho': 0.37868431591672963, 'ants': 31}) and found best instance after 25.78125 seconds.
E1: {(76, 92), (42, 106), (171, 235), (15, 143), (243, 251), (99, 103), (44, 45), (43, 171), (0, 2), (40, 44), (176, 240), (252, 253), (187, 191), (57, 185), (2, 130), (122, 250), (212, 220), (185, 187), (58, 122), (220, 221), (35, 99), (154, 218), (212, 244), (90, 218), (12, 76), (160, 176), (221, 253), (143, 159), (34, 42), (187, 251), (106, 122), (144, 176), (240, 244), (139, 143), (218, 250), (2, 34), (76, 108), (141, 143), (35, 43), (71, 103), (190, 191), (171, 187), (40, 42), (92, 220), (12, 44), (159, 191), (250, 251)}
E2: {(183, 191), (42, 106), (162, 226), (220, 222), (5, 7), (151, 183), (237, 253), (103, 231), (187, 191), (122, 250), (34, 162), (253, 255), (53, 181), (120, 122), (85, 213), (7, 71), (10, 42), (220, 221), (90, 218), (147, 151), (221, 253), (176, 178), (191, 255), (165, 181), (34, 42), (106, 122), (213, 221), (144, 176), (120, 124), (63, 191), (120, 121), (226, 227), (89, 121), (162, 166), (175, 191), (218, 250), (180, 181), (60, 124), (195, 227), (162, 178), (71, 103), (228, 236), (218, 222), (176, 180), (236, 237), (114, 122), (227, 231)}
Obj: 26949

