Log for instance aco_tuning_out/inst27.txt.

Used ({'tau_0': 9.84719681858141e-06, 'xi': 0.07010842379960239, 'q0': 0.6134461647846249, 'alpha': 1.8618032848172066, 'beta': 0.8495777604552623, 'rho': 0.35523900559656113, 'ants': 21}) and found best instance after 11.421875 seconds.
E1: {(55, 63), (196, 228), (146, 154), (155, 187), (118, 119), (20, 148), (52, 116), (99, 115), (86, 87), (3, 19), (87, 95), (146, 178), (18, 50), (155, 159), (114, 118), (187, 191), (148, 150), (19, 27), (132, 148), (174, 175), (249, 251), (146, 150), (174, 190), (18, 19), (83, 115), (10, 42), (206, 222), (12, 76), (29, 31), (176, 178), (52, 60), (86, 214), (31, 95), (14, 30), (31, 159), (132, 140), (19, 23), (10, 14), (27, 155), (20, 52), (132, 196), (2, 10), (54, 118), (187, 251), (214, 222), (144, 176), (140, 142), (76, 78), (174, 238), (213, 215), (213, 221), (55, 119), (42, 43), (175, 191), (18, 146), (50, 114), (2, 34), (107, 111), (99, 107), (113, 115), (78, 206), (87, 215), (196, 204), (19, 83), (39, 55), (36, 44), (12, 44), (30, 31), (250, 251), (209, 213)}
E2: {(128, 136), (105, 107), (58, 59), (243, 251), (136, 152), (12, 13), (86, 87), (216, 218), (0, 2), (228, 244), (87, 95), (202, 234), (97, 105), (253, 255), (87, 119), (249, 251), (6, 14), (202, 206), (206, 222), (125, 127), (147, 151), (12, 76), (202, 218), (226, 234), (221, 253), (29, 31), (86, 214), (14, 15), (127, 255), (31, 95), (144, 152), (31, 159), (97, 101), (48, 56), (10, 14), (2, 10), (29, 61), (76, 78), (123, 251), (214, 222), (249, 253), (13, 141), (240, 244), (56, 57), (226, 230), (59, 123), (250, 251), (228, 230), (107, 111), (14, 78), (107, 123), (78, 206), (0, 128), (57, 61), (166, 230), (30, 31), (95, 127), (151, 159)}
Obj: 36074

