Log for instance aco_tuning_out/inst21.txt.

Used ({'tau_0': 7.814861621349648e-06, 'xi': 0.138307434456488, 'q0': 0.43841983460807055, 'alpha': 1.339632899369741, 'beta': 1.2581696145841696, 'rho': 0.4518495513690369, 'ants': 15}) and found best instance after 7.140625 seconds.
E1: {(166, 175), (171, 177), (29, 32), (29, 38), (179, 233), (135, 141), (176, 185), (171, 198), (178, 179), (71, 233), (143, 224), (198, 200), (64, 65), (231, 233), (228, 231), (182, 185), (36, 198), (175, 176), (36, 45), (177, 179), (224, 233), (14, 176), (71, 152), (141, 143), (65, 71), (36, 38), (175, 178), (223, 224)}
E2: {(81, 82), (33, 42), (99, 100), (119, 200), (84, 87), (42, 51), (87, 89), (29, 35), (64, 145), (29, 32), (82, 136), (217, 223), (135, 153), (120, 122), (94, 103), (103, 130), (6, 8), (33, 35), (81, 84), (130, 157), (136, 145), (62, 71), (72, 78), (16, 25), (6, 87), (81, 99), (35, 62), (100, 103), (95, 122), (100, 106), (155, 161), (45, 51), (91, 100), (119, 122), (130, 211), (99, 153), (42, 43), (59, 62), (182, 236), (16, 97), (62, 143), (71, 152), (72, 153), (136, 217), (8, 62), (82, 109), (0, 6), (143, 161), (97, 106), (33, 195), (94, 95), (155, 236)}
Obj: 31673

