Log for instance aco_tuning_out/inst06.txt.

Used ({'tau0': 6.651390889237055e-06, 'xi': 0.11158156951036152, 'q0': 0.3891327832249725, 'alpha': 0.5704086329673803, 'beta': 0.45022269695520334, 'rho': 0.05657845121910911, 'ants': 23}) and found best instance after 277.125 seconds.
E1: {(232, 236), (233, 237), (166, 174), (212, 244), (208, 210), (240, 244), (24, 28), (208, 212), (89, 93), (7, 23), (180, 244), (206, 207), (7, 135), (82, 83), (3, 131), (240, 241), (85, 93), (249, 253), (241, 249), (21, 29), (7, 39), (129, 131), (172, 236), (196, 212), (174, 175), (173, 237), (221, 253), (28, 29), (45, 173), (105, 233), (82, 210), (46, 174), (78, 206), (131, 135), (206, 238), (237, 253), (82, 114), (192, 196), (174, 190), (206, 222), (21, 85), (236, 238), (6, 7), (21, 23), (173, 175), (130, 131), (172, 173), (21, 53), (93, 221)}
E2: {(18, 26), (2, 66), (156, 188), (117, 245), (166, 174), (96, 97), (162, 170), (188, 189), (101, 117), (117, 119), (68, 196), (1, 17), (226, 227), (32, 96), (162, 163), (2, 34), (97, 225), (180, 244), (1, 3), (189, 191), (132, 148), (197, 213), (97, 101), (1, 5), (132, 196), (129, 193), (159, 191), (193, 195), (162, 226), (187, 191), (34, 162), (174, 175), (148, 156), (193, 197), (32, 36), (212, 213), (244, 245), (162, 166), (195, 227), (227, 231), (193, 201), (32, 40), (225, 227), (89, 217), (174, 190), (26, 90), (201, 217), (175, 191), (1, 129), (2, 18)}
Obj: 30096

