Log for instance aco_tuning_out/inst12.txt.

Used ({'tau0': 2.2570844960363238e-06, 'xi': 0.1499824051273781, 'q0': 0.6397024715024884, 'alpha': 1.3177960201993473, 'beta': 1.7274258641979925, 'rho': 0.06839890232135862, 'ants': 10}) and found best instance after 128.1875 seconds.
E1: {(120, 129), (81, 82), (3, 4), (34, 196), (102, 129), (31, 32), (129, 131), (84, 102), (131, 134), (34, 43), (81, 84), (209, 212), (211, 212), (84, 86), (86, 89), (31, 34), (182, 209), (48, 129), (45, 48), (4, 166), (131, 212), (82, 91), (82, 109), (0, 3), (3, 84), (4, 31), (195, 196)}
E2: {(43, 205), (179, 206), (54, 135), (139, 148), (151, 232), (21, 22), (31, 32), (218, 221), (75, 78), (166, 220), (205, 206), (151, 152), (218, 236), (223, 232), (200, 206), (72, 75), (85, 112), (220, 221), (49, 211), (133, 134), (86, 89), (22, 25), (139, 220), (85, 139), (31, 49), (22, 49), (59, 221), (109, 112), (177, 179), (21, 75), (64, 67), (54, 72), (205, 232), (45, 72), (124, 133), (67, 148), (21, 102), (124, 151), (85, 86), (31, 112), (148, 151), (148, 157)}
Obj: 29665

