Log for instance aco_tuning_out/inst30.txt.

Used ({'tau0': 4.822265207889503e-06, 'xi': 0.13540262306958187, 'q0': 0.6138627392147109, 'alpha': 1.667403283011879, 'beta': 1.0113699636281308, 'rho': 0.16684714562074338, 'ants': 26}) and found best instance after 26.296875 seconds.
E1: {(188, 242), (105, 107), (226, 229), (98, 107), (119, 200), (118, 119), (38, 41), (107, 134), (236, 242), (195, 204), (1, 82), (98, 152), (201, 202), (105, 106), (120, 201), (177, 204), (107, 188), (97, 98), (0, 1), (64, 226), (38, 119), (118, 145), (91, 97), (109, 118), (201, 204), (91, 118), (82, 91), (202, 211), (32, 41), (25, 106), (145, 226), (202, 229), (102, 105), (14, 41)}
E2: {(4, 58), (226, 229), (226, 235), (3, 4), (119, 200), (228, 229), (118, 119), (181, 187), (125, 134), (234, 236), (25, 187), (135, 153), (125, 152), (166, 220), (195, 204), (58, 220), (177, 186), (181, 235), (58, 76), (234, 235), (64, 226), (125, 206), (204, 206), (118, 145), (153, 234), (109, 118), (76, 157), (119, 125), (91, 118), (181, 182), (45, 72), (72, 153), (220, 229), (145, 226), (0, 3), (186, 187)}
Obj: 30810

