Log for instance aco_tuning_out/inst24.txt.

Used ({'tau_0': 2.760703391532889e-06, 'xi': 0.11284095755067615, 'q0': 0.39431429333058177, 'alpha': 1.2851296972235255, 'beta': 1.3966465894197229, 'rho': 0.20591685095973755, 'ants': 13}) and found best instance after 15.328125 seconds.
E1: {(76, 92), (42, 106), (71, 87), (15, 143), (243, 251), (82, 90), (146, 154), (12, 13), (13, 45), (0, 2), (176, 240), (128, 160), (82, 114), (57, 121), (252, 253), (121, 249), (34, 98), (157, 159), (249, 251), (174, 190), (82, 83), (128, 144), (98, 106), (12, 76), (221, 253), (144, 146), (106, 110), (143, 159), (83, 87), (235, 251), (174, 238), (144, 176), (249, 253), (13, 141), (110, 238), (42, 43), (108, 110), (139, 143), (2, 34), (76, 108), (141, 143), (42, 58), (98, 114), (40, 42), (0, 128), (130, 146), (157, 221), (250, 251)}
E2: {(183, 191), (98, 226), (165, 167), (229, 237), (228, 229), (237, 253), (0, 2), (167, 231), (146, 178), (187, 191), (34, 98), (53, 117), (253, 255), (53, 181), (120, 122), (88, 90), (146, 147), (128, 144), (98, 106), (90, 218), (221, 253), (52, 60), (88, 120), (144, 146), (165, 181), (0, 1), (1, 5), (2, 10), (106, 122), (166, 167), (63, 191), (88, 89), (226, 227), (175, 191), (180, 181), (2, 34), (195, 227), (85, 117), (165, 229), (52, 53), (98, 114), (218, 222), (0, 128), (167, 183), (227, 231)}
Obj: 26947

