Log for instance aco_tuning_out/inst06.txt.

Used ({'tau_0': 5.984400518709856e-06, 'xi': 0.13241385165248287, 'q0': 0.4542903648549634, 'alpha': 0.4898957854025313, 'beta': 0.29966337375676566, 'rho': 0.06680927871977722, 'ants': 9}) and found best instance after 204.296875 seconds.
E1: {(192, 194), (81, 85), (188, 190), (3, 7), (3, 19), (129, 131), (233, 237), (130, 194), (82, 114), (156, 188), (221, 223), (238, 239), (53, 117), (233, 249), (207, 239), (166, 174), (174, 175), (174, 190), (82, 83), (206, 222), (192, 208), (180, 188), (3, 131), (28, 156), (207, 223), (19, 23), (172, 174), (134, 166), (45, 173), (6, 7), (208, 240), (24, 28), (105, 233), (81, 83), (81, 89), (237, 239), (85, 117), (222, 223), (194, 210), (46, 174), (130, 131), (78, 206), (7, 39), (208, 212), (130, 134), (172, 173), (19, 83), (131, 135), (232, 233), (175, 239)}
E2: {(193, 201), (81, 85), (32, 34), (188, 190), (32, 40), (82, 90), (229, 231), (3, 19), (129, 131), (4, 36), (131, 195), (156, 188), (166, 174), (132, 148), (85, 213), (148, 156), (197, 213), (174, 175), (143, 175), (174, 190), (193, 197), (82, 83), (32, 36), (18, 19), (4, 5), (180, 188), (188, 189), (101, 117), (229, 245), (170, 171), (225, 229), (143, 159), (212, 213), (117, 119), (230, 231), (32, 96), (226, 230), (81, 83), (81, 89), (163, 171), (85, 117), (213, 245), (131, 163), (4, 68), (4, 132), (171, 187), (17, 19), (129, 193), (19, 83), (66, 82), (148, 212)}
Obj: 28663

