Log for instance aco_tuning_out/inst06.txt.

Used ({'tau0': 6.544509853368331e-06, 'xi': 0.05105112966369988, 'q0': 0.3218040775925436, 'alpha': 1.317829237345747, 'beta': 0.4388545186115663, 'rho': 0.34888292737798793, 'ants': 30}) and found best instance after 26.984375 seconds.
E1: {(128, 130), (24, 88), (71, 87), (41, 43), (188, 190), (219, 223), (3, 7), (211, 219), (210, 211), (129, 131), (210, 214), (83, 91), (212, 214), (221, 223), (207, 239), (174, 175), (7, 71), (249, 251), (166, 174), (7, 135), (128, 129), (174, 190), (180, 188), (3, 131), (70, 78), (89, 91), (39, 47), (234, 238), (207, 223), (83, 87), (172, 174), (85, 87), (232, 234), (214, 222), (6, 7), (240, 241), (174, 238), (88, 89), (241, 249), (128, 192), (41, 105), (237, 239), (21, 23), (43, 47), (50, 114), (70, 71), (35, 43), (23, 87), (46, 174), (7, 39), (34, 35), (219, 251), (45, 47), (83, 211), (21, 53), (34, 50), (175, 239)}
E2: {(200, 201), (96, 104), (162, 226), (188, 190), (229, 231), (99, 115), (72, 88), (197, 229), (129, 131), (196, 197), (2, 66), (1, 3), (187, 191), (36, 37), (156, 188), (5, 37), (189, 191), (196, 212), (72, 200), (162, 170), (188, 189), (180, 188), (67, 195), (3, 131), (229, 245), (170, 171), (40, 104), (225, 229), (1, 5), (66, 74), (115, 119), (132, 196), (68, 196), (74, 90), (1, 17), (88, 89), (72, 74), (162, 166), (175, 191), (163, 171), (2, 34), (131, 163), (101, 229), (171, 187), (72, 104), (2, 3), (66, 67), (67, 99), (37, 101), (2, 18), (159, 191)}
Obj: 32763

