Log for instance aco_tuning_out/inst09.txt.

Used ({'tau_0': 5.888779735025123e-06, 'xi': 0.14210673593322504, 'q0': 0.5532221197439141, 'alpha': 1.4492226579119356, 'beta': 1.732090480737235, 'rho': 0.42744550361996797, 'ants': 10}) and found best instance after 3.46875 seconds.
E1: {(162, 171), (171, 177), (139, 148), (120, 147), (176, 185), (236, 239), (166, 220), (172, 175), (185, 239), (24, 78), (81, 84), (136, 139), (147, 148), (21, 24), (86, 89), (139, 220), (85, 139), (175, 176), (175, 178), (76, 157), (21, 75), (14, 176), (81, 83), (171, 172), (220, 223), (205, 232), (0, 162), (84, 85), (81, 162), (178, 232), (135, 136), (21, 102), (75, 76), (83, 86), (43, 205), (148, 157)}
E2: {(166, 175), (106, 133), (33, 42), (39, 201), (162, 171), (55, 136), (171, 177), (118, 119), (208, 211), (190, 199), (29, 32), (39, 42), (176, 185), (59, 140), (29, 47), (171, 198), (20, 47), (100, 101), (190, 208), (185, 239), (149, 158), (140, 158), (172, 199), (136, 145), (58, 61), (133, 134), (120, 201), (36, 198), (86, 89), (58, 76), (20, 101), (118, 145), (100, 103), (19, 20), (100, 106), (175, 176), (36, 42), (36, 45), (76, 157), (55, 61), (146, 149), (171, 172), (158, 239), (146, 152), (0, 162), (86, 140), (104, 158), (119, 146), (103, 104), (19, 25), (118, 199), (33, 195), (61, 223)}
Obj: 33116

