Log for instance aco_tuning_out/inst15.txt.

Used ({'tau_0': 7.905277958202082e-06, 'xi': 0.07780203477312476, 'q0': 0.5400401332579152, 'alpha': 1.238650111364569, 'beta': 1.1701509091931812, 'rho': 0.3657463607855648, 'ants': 16}) and found best instance after 8.625 seconds.
E1: {(39, 201), (66, 228), (139, 157), (112, 115), (225, 227), (75, 78), (66, 75), (5, 86), (63, 64), (39, 66), (85, 94), (115, 196), (72, 75), (83, 164), (85, 112), (3, 21), (200, 227), (164, 182), (85, 139), (91, 94), (196, 205), (153, 234), (109, 112), (174, 177), (63, 72), (21, 75), (3, 5), (72, 153), (174, 201), (225, 234), (85, 86), (195, 196), (83, 86), (43, 205)}
E2: {(43, 205), (81, 82), (212, 239), (3, 4), (226, 229), (39, 201), (212, 215), (171, 174), (175, 202), (228, 229), (171, 180), (190, 196), (176, 185), (4, 85), (217, 226), (236, 239), (16, 178), (75, 78), (190, 208), (218, 227), (185, 239), (45, 46), (201, 202), (72, 75), (30, 39), (81, 84), (82, 83), (16, 25), (180, 182), (200, 227), (216, 217), (3, 30), (134, 215), (64, 226), (135, 216), (196, 205), (175, 176), (153, 234), (4, 166), (30, 32), (174, 177), (109, 127), (46, 208), (14, 176), (202, 205), (202, 211), (84, 85), (72, 153), (174, 201), (217, 218), (32, 59), (0, 3), (202, 229), (83, 89), (195, 196), (127, 208), (216, 234), (175, 178)}
Obj: 33268

