Log for instance aco_tuning_out/inst09.txt.

Used ({'tau0': 5.27015365896669e-06, 'xi': 0.12993599333145528, 'q0': 0.31614692226037566, 'alpha': 1.9457803192705339, 'beta': 1.0826765605366773, 'rho': 0.462237565316319, 'ants': 26}) and found best instance after 10.359375 seconds.
E1: {(18, 72), (57, 219), (135, 138), (40, 41), (234, 236), (72, 234), (102, 156), (57, 75), (72, 75), (82, 83), (219, 222), (85, 112), (156, 157), (72, 78), (13, 175), (31, 40), (39, 120), (31, 58), (175, 178), (75, 156), (57, 138), (37, 43), (82, 85), (85, 166), (13, 40), (222, 223), (57, 58), (39, 40), (83, 89), (31, 112), (37, 40), (0, 18), (14, 41), (177, 178)}
E2: {(4, 58), (0, 54), (31, 32), (76, 238), (57, 66), (134, 161), (57, 75), (48, 75), (223, 232), (232, 241), (7, 25), (150, 159), (58, 76), (141, 159), (66, 68), (238, 241), (31, 58), (4, 166), (231, 232), (177, 231), (54, 57), (88, 89), (45, 48), (76, 157), (123, 150), (114, 141), (4, 7), (59, 68), (7, 88), (159, 161), (57, 58), (152, 161), (211, 238), (150, 231), (114, 195), (120, 123)}
Obj: 29685

