Log for instance aco_tuning_out/inst18.txt.

Used ({'tau0': 8.990632486830376e-06, 'xi': 0.09595706500151588, 'q0': 0.4417965567940394, 'alpha': 1.6457162341639056, 'beta': 1.8792939670585154, 'rho': 0.14228615039412212, 'ants': 30}) and found best instance after 220.40625 seconds.
E1: {(193, 201), (99, 103), (82, 90), (58, 62), (5, 7), (150, 151), (126, 254), (39, 103), (128, 160), (1, 3), (252, 253), (1, 9), (85, 213), (128, 129), (62, 126), (45, 61), (238, 254), (193, 197), (81, 209), (61, 63), (147, 151), (193, 209), (245, 253), (80, 82), (31, 95), (103, 111), (31, 159), (46, 62), (1, 5), (29, 61), (213, 215), (6, 7), (151, 215), (54, 62), (213, 245), (7, 39), (80, 81), (129, 193), (57, 61), (1, 129), (252, 254), (66, 82), (62, 63), (151, 159), (209, 213)}
E2: {(168, 172), (160, 168), (24, 152), (168, 184), (60, 62), (152, 154), (126, 254), (113, 117), (8, 9), (114, 115), (82, 114), (28, 30), (252, 253), (1, 9), (8, 24), (78, 110), (115, 123), (168, 232), (62, 126), (238, 254), (82, 86), (28, 60), (245, 253), (221, 253), (134, 142), (101, 117), (80, 82), (22, 86), (40, 168), (8, 72), (22, 150), (1, 5), (244, 245), (110, 238), (24, 28), (240, 244), (108, 110), (82, 210), (162, 163), (81, 89), (51, 115), (113, 115), (22, 30), (80, 81), (134, 150), (252, 254), (66, 82), (160, 162), (54, 62), (8, 40)}
Obj: 27076

