Log for instance aco_tuning_out/inst03.txt.

Used ({'tau0': 5.471123269221564e-06, 'xi': 0.0880541662185767, 'q0': 0.30146902385350893, 'alpha': 1.0903620529266727, 'beta': 0.772236865018257, 'rho': 0.4288390189950044, 'ants': 23}) and found best instance after 24.046875 seconds.
E1: {(204, 220), (196, 228), (211, 219), (8, 9), (113, 117), (210, 211), (39, 167), (187, 191), (4, 36), (1, 9), (8, 24), (53, 117), (224, 228), (224, 240), (202, 203), (4, 5), (220, 221), (92, 220), (21, 149), (101, 117), (4, 20), (49, 113), (167, 175), (1, 5), (117, 119), (68, 196), (135, 167), (175, 191), (147, 211), (203, 207), (20, 21), (4, 68), (203, 219), (195, 211), (38, 39), (38, 54), (1, 65), (49, 57), (196, 204), (36, 38), (131, 135), (21, 53), (131, 147), (224, 232)}
E2: {(32, 34), (32, 40), (162, 226), (107, 235), (44, 45), (43, 107), (150, 151), (215, 247), (216, 218), (40, 44), (210, 211), (48, 176), (4, 36), (1, 9), (128, 132), (32, 33), (32, 36), (154, 218), (4, 5), (44, 172), (211, 215), (245, 247), (15, 47), (48, 50), (31, 159), (1, 5), (198, 199), (1, 17), (151, 215), (32, 160), (162, 166), (47, 63), (128, 192), (50, 114), (137, 201), (43, 47), (99, 107), (4, 132), (107, 123), (176, 177), (218, 222), (0, 128), (176, 180), (210, 218), (9, 137), (199, 215), (197, 199), (45, 47), (34, 50), (31, 63), (160, 162), (151, 159), (47, 111)}
Obj: 29502

