Log for instance aco_tuning_out/inst24.txt.

Used ({'tau_0': 4.060261844275314e-06, 'xi': 0.08488866370438058, 'q0': 0.7517708033130077, 'alpha': 0.7568921075953849, 'beta': 1.442677676309637, 'rho': 0.31238065733584786, 'ants': 26}) and found best instance after 17.671875 seconds.
E1: {(76, 92), (42, 106), (32, 34), (32, 40), (58, 59), (105, 107), (107, 235), (99, 103), (108, 109), (243, 251), (15, 143), (0, 2), (176, 240), (252, 253), (2, 130), (186, 250), (174, 175), (249, 251), (143, 175), (174, 190), (10, 42), (105, 109), (160, 176), (26, 90), (12, 76), (221, 253), (57, 59), (143, 159), (106, 107), (2, 10), (45, 109), (235, 251), (144, 176), (249, 253), (32, 160), (139, 143), (2, 34), (76, 108), (141, 143), (99, 107), (71, 103), (42, 58), (43, 59), (26, 58), (154, 186), (186, 190), (250, 251)}
E2: {(90, 91), (42, 106), (148, 212), (105, 107), (7, 23), (196, 228), (84, 212), (60, 62), (151, 183), (5, 7), (237, 253), (178, 179), (187, 191), (179, 187), (253, 255), (198, 206), (53, 181), (132, 148), (120, 122), (105, 109), (206, 222), (10, 42), (148, 180), (147, 151), (99, 227), (181, 183), (221, 253), (191, 255), (165, 181), (89, 91), (179, 183), (106, 107), (132, 196), (2, 10), (106, 122), (134, 166), (63, 191), (109, 237), (226, 227), (175, 191), (180, 181), (2, 34), (84, 85), (195, 227), (99, 107), (23, 151), (144, 148), (90, 122), (132, 134), (196, 198), (227, 231), (114, 122), (62, 63)}
Obj: 29030

