Log for instance aco_tuning_out/inst24.txt.

Used ({'tau0': 5.886189817315941e-06, 'xi': 0.08222368157872886, 'q0': 0.5177131034654385, 'alpha': 1.8715621976373542, 'beta': 1.496250370264296, 'rho': 0.33920762188241993, 'ants': 22}) and found best instance after 11.859375 seconds.
E1: {(76, 92), (128, 130), (42, 106), (41, 43), (99, 103), (58, 59), (15, 143), (0, 2), (128, 160), (248, 250), (112, 240), (40, 41), (242, 243), (252, 253), (174, 175), (240, 248), (143, 175), (174, 190), (41, 45), (154, 218), (128, 144), (98, 106), (12, 76), (90, 218), (41, 57), (221, 253), (248, 252), (112, 114), (143, 159), (114, 242), (34, 42), (235, 239), (108, 110), (98, 99), (42, 46), (2, 34), (139, 143), (76, 108), (218, 250), (141, 143), (71, 103), (46, 110), (42, 58), (46, 174), (98, 114), (43, 59), (0, 128), (175, 239)}
E2: {(55, 63), (58, 59), (145, 149), (164, 165), (51, 59), (237, 253), (0, 2), (1, 3), (147, 179), (253, 255), (53, 181), (149, 213), (120, 122), (56, 58), (85, 213), (231, 239), (59, 63), (128, 144), (90, 218), (164, 228), (175, 239), (221, 253), (88, 120), (165, 181), (179, 183), (10, 11), (1, 5), (2, 10), (106, 122), (213, 221), (88, 89), (55, 183), (226, 227), (56, 60), (145, 147), (180, 181), (50, 114), (2, 34), (164, 166), (59, 187), (50, 178), (149, 181), (51, 115), (3, 11), (195, 227), (144, 145), (237, 239), (218, 222), (90, 122), (0, 128), (114, 122), (115, 243), (227, 243), (56, 120)}
Obj: 30011

