Log for instance aco_tuning_out/inst09.txt.

Used ({'tau_0': 3.0123184321619356e-06, 'xi': 0.12162366348291398, 'q0': 0.6525057095214953, 'alpha': 0.3418731697773203, 'beta': 1.7855031617760102, 'rho': 0.2482497904794193, 'ants': 32}) and found best instance after 161.46875 seconds.
E1: {(72, 75), (40, 43), (31, 58), (54, 72), (75, 76), (83, 89), (84, 102), (84, 111), (13, 14), (81, 84), (58, 76), (4, 166), (72, 74), (4, 13), (4, 31), (54, 135), (87, 168), (168, 177), (74, 236), (111, 120), (3, 4), (84, 87), (0, 81), (72, 78), (76, 157), (81, 83), (13, 40), (169, 223), (3, 84), (168, 169)}
E2: {(162, 168), (116, 125), (120, 122), (89, 116), (107, 161), (173, 179), (21, 75), (77, 158), (114, 195), (203, 206), (179, 206), (98, 107), (125, 134), (84, 111), (81, 84), (164, 173), (3, 21), (22, 25), (45, 48), (4, 166), (3, 5), (4, 22), (4, 31), (111, 114), (5, 59), (31, 32), (184, 211), (98, 125), (83, 164), (162, 164), (168, 186), (75, 77), (122, 203), (3, 4), (48, 75), (22, 184), (177, 186), (125, 206), (157, 158), (81, 83), (169, 223), (152, 161), (0, 3), (3, 84), (168, 169)}
Obj: 29009

