Log for instance aco_tuning_out/inst03.txt.

Used ({'tau0': 1.909159906569024e-06, 'xi': 0.11956886836355252, 'q0': 0.3752425237189395, 'alpha': 1.7473087080286895, 'beta': 0.3768151318487377, 'rho': 0.3399270042677068, 'ants': 31}) and found best instance after 23.515625 seconds.
E1: {(55, 63), (200, 201), (193, 195), (180, 244), (228, 244), (187, 191), (36, 37), (4, 36), (1, 9), (37, 39), (54, 55), (53, 181), (205, 221), (137, 141), (59, 63), (4, 5), (147, 151), (202, 218), (20, 28), (141, 205), (4, 20), (57, 59), (1, 5), (115, 119), (149, 151), (53, 55), (63, 191), (200, 202), (240, 244), (24, 28), (37, 53), (55, 119), (137, 201), (175, 191), (180, 181), (4, 68), (200, 232), (113, 115), (9, 137), (1, 65), (129, 193), (1, 129), (218, 219), (135, 151), (205, 207), (37, 101), (28, 92), (210, 218), (159, 191), (151, 159), (200, 204)}
E2: {(132, 164), (107, 235), (44, 45), (98, 226), (82, 90), (43, 107), (180, 244), (150, 151), (164, 180), (40, 44), (196, 197), (82, 114), (1, 9), (34, 98), (4, 36), (244, 252), (160, 164), (192, 196), (216, 248), (1, 33), (26, 90), (26, 154), (15, 47), (248, 252), (0, 1), (49, 177), (0, 4), (1, 5), (244, 245), (132, 196), (222, 254), (1, 17), (63, 191), (137, 201), (47, 63), (98, 99), (82, 210), (33, 49), (107, 111), (164, 166), (99, 107), (164, 172), (4, 132), (107, 123), (98, 114), (48, 49), (9, 137), (196, 198), (252, 254), (45, 47), (36, 44), (159, 191), (151, 159), (47, 111)}
Obj: 31061

