Log for instance aco_tuning_out/inst09.txt.

Used ({'tau0': 1.3763468429827451e-06, 'xi': 0.13059886401904963, 'q0': 0.7970081104032578, 'alpha': 0.9961946895439933, 'beta': 0.8455334921092874, 'rho': 0.2687684260652423, 'ants': 32}) and found best instance after 23.96875 seconds.
E1: {(111, 120), (162, 171), (84, 87), (171, 177), (87, 89), (84, 102), (75, 78), (84, 111), (72, 75), (81, 84), (3, 12), (88, 169), (87, 88), (3, 21), (166, 169), (196, 205), (72, 74), (81, 135), (76, 157), (169, 196), (21, 75), (0, 162), (12, 14), (74, 236), (81, 162), (169, 223), (3, 84), (75, 76), (43, 205)}
E2: {(81, 82), (106, 133), (115, 142), (3, 4), (4, 58), (162, 171), (58, 59), (162, 168), (166, 193), (171, 177), (93, 120), (88, 115), (31, 32), (84, 93), (142, 223), (149, 152), (93, 95), (81, 84), (31, 193), (133, 134), (168, 195), (58, 76), (31, 58), (88, 89), (76, 157), (27, 45), (82, 88), (0, 162), (25, 106), (95, 149), (81, 162), (193, 211), (3, 84), (0, 27), (115, 133)}
Obj: 26732

