Log for instance aco_tuning_out/inst30.txt.

Used ({'tau0': 1.7311092028219667e-06, 'xi': 0.08252852050291277, 'q0': 0.30102382451999166, 'alpha': 1.4307200972470873, 'beta': 1.366990204180299, 'rho': 0.3910589486840866, 'ants': 12}) and found best instance after 5.5 seconds.
E1: {(93, 102), (81, 82), (32, 113), (47, 74), (179, 233), (84, 93), (199, 205), (71, 233), (121, 130), (149, 152), (14, 95), (198, 200), (65, 146), (121, 148), (1, 82), (97, 178), (120, 122), (7, 16), (81, 84), (209, 215), (16, 25), (209, 236), (0, 1), (134, 215), (94, 148), (91, 94), (198, 199), (95, 122), (148, 149), (196, 205), (16, 70), (110, 113), (130, 211), (64, 70), (177, 179), (178, 205), (146, 149), (137, 146), (16, 97), (70, 71), (110, 137), (82, 109), (47, 209), (65, 71), (1, 7), (195, 196), (65, 74), (94, 95)}
E2: {(166, 175), (188, 242), (185, 188), (119, 200), (162, 168), (24, 51), (61, 70), (125, 134), (176, 185), (61, 79), (236, 242), (195, 204), (52, 79), (204, 213), (152, 233), (125, 152), (85, 94), (186, 213), (231, 233), (204, 231), (177, 186), (79, 160), (168, 186), (228, 231), (51, 52), (7, 25), (182, 185), (135, 137), (186, 188), (7, 61), (45, 51), (119, 125), (64, 70), (82, 85), (82, 91), (137, 146), (94, 175), (0, 162), (119, 146), (82, 109), (24, 186), (95, 176), (157, 160), (94, 95)}
Obj: 38659

