Log for instance aco_tuning_out/inst09.txt.

Used ({'tau0': 9.519734246967097e-06, 'xi': 0.07937813294122376, 'q0': 0.41673979688805995, 'alpha': 1.6749976300577816, 'beta': 0.7383106546614165, 'rho': 0.29031514757956295, 'ants': 27}) and found best instance after 14.59375 seconds.
E1: {(129, 156), (81, 82), (120, 129), (185, 188), (102, 129), (176, 185), (84, 102), (236, 239), (0, 81), (185, 239), (186, 213), (81, 84), (177, 186), (156, 157), (168, 186), (88, 169), (166, 169), (169, 178), (186, 188), (88, 89), (51, 213), (81, 135), (178, 205), (14, 176), (82, 88), (169, 223), (51, 78), (43, 205), (168, 169)}
E2: {(56, 62), (106, 133), (69, 71), (29, 32), (0, 2), (62, 224), (210, 211), (29, 47), (69, 150), (20, 47), (100, 101), (29, 56), (62, 71), (85, 103), (177, 186), (103, 157), (133, 134), (168, 186), (89, 143), (168, 195), (2, 56), (20, 101), (100, 103), (100, 106), (177, 231), (69, 231), (183, 186), (123, 150), (85, 166), (59, 62), (62, 143), (71, 152), (25, 106), (183, 210), (45, 47), (223, 224), (120, 123)}
Obj: 28407

