Log for instance aco_tuning_out/inst06.txt.

Used ({'tau0': 5.998921288673613e-06, 'xi': 0.12799050366072715, 'q0': 0.730921478054052, 'alpha': 1.5055228070199218, 'beta': 0.3739261379740735, 'rho': 0.1599798192967875, 'ants': 28}) and found best instance after 134.328125 seconds.
E1: {(81, 85), (188, 190), (232, 248), (190, 254), (237, 253), (210, 211), (23, 31), (112, 240), (39, 167), (1, 3), (2, 130), (221, 223), (91, 95), (78, 110), (37, 39), (37, 45), (85, 213), (128, 129), (240, 248), (238, 254), (105, 109), (180, 188), (29, 31), (221, 253), (248, 249), (89, 91), (31, 95), (112, 114), (95, 223), (17, 81), (31, 159), (212, 213), (207, 223), (28, 29), (222, 254), (45, 109), (166, 167), (1, 17), (109, 237), (135, 167), (249, 253), (24, 28), (110, 238), (37, 53), (128, 192), (81, 83), (81, 89), (175, 191), (46, 110), (190, 191), (2, 3), (1, 129), (2, 6), (83, 211), (159, 191), (172, 188)}
E2: {(183, 191), (90, 91), (193, 195), (32, 34), (162, 226), (32, 40), (193, 201), (188, 190), (180, 244), (196, 197), (2, 66), (1, 3), (156, 188), (187, 191), (34, 162), (91, 95), (196, 212), (96, 97), (193, 197), (32, 36), (212, 244), (162, 170), (180, 188), (188, 189), (89, 91), (31, 95), (97, 101), (31, 159), (1, 5), (244, 245), (132, 196), (68, 196), (1, 17), (199, 231), (55, 183), (32, 96), (162, 166), (55, 119), (175, 191), (162, 163), (2, 34), (190, 191), (129, 193), (2, 3), (1, 129), (195, 199), (97, 225), (2, 18), (159, 191)}
Obj: 29885

