Log for instance aco_tuning_out/inst03.txt.

Used ({'tau_0': 4.854876741746394e-06, 'xi': 0.1452545140568255, 'q0': 0.42195591018398276, 'alpha': 0.3555439034289861, 'beta': 0.8668501148752592, 'rho': 0.11887721475075397, 'ants': 32}) and found best instance after 264.375 seconds.
E1: {(201, 203), (113, 117), (100, 101), (147, 151), (117, 119), (149, 151), (240, 244), (228, 236), (65, 193), (37, 101), (68, 100), (210, 211), (36, 100), (24, 25), (37, 53), (52, 53), (9, 137), (204, 205), (76, 92), (193, 195), (211, 219), (228, 244), (187, 191), (37, 39), (76, 204), (9, 25), (100, 228), (137, 201), (147, 211), (203, 219), (200, 232), (143, 207), (193, 201), (53, 117), (205, 221), (143, 175), (52, 54), (135, 143), (20, 52), (200, 202), (175, 191), (203, 207), (204, 236), (25, 57), (205, 207), (200, 204)}
E2: {(196, 197), (1, 33), (32, 160), (59, 123), (33, 49), (48, 49), (0, 128), (210, 218), (132, 164), (180, 244), (99, 115), (216, 218), (164, 180), (128, 160), (114, 115), (158, 222), (160, 164), (59, 63), (1, 5), (132, 196), (128, 192), (164, 166), (43, 59), (9, 137), (34, 50), (32, 34), (154, 158), (146, 154), (107, 235), (1, 9), (32, 36), (49, 177), (143, 159), (114, 242), (244, 245), (137, 201), (226, 242), (107, 123), (150, 158), (196, 198), (17, 49), (210, 242), (15, 143), (32, 40), (41, 45), (33, 41), (0, 1), (146, 210), (50, 114), (107, 111), (99, 107), (164, 172), (158, 159)}
Obj: 30463

