Log for instance aco_tuning_out/inst09.txt.

Used ({'tau0': 2.693231228771534e-06, 'xi': 0.06741045013783678, 'q0': 0.34341334065428447, 'alpha': 1.6251653731737596, 'beta': 0.8948148014172467, 'rho': 0.1267448319977672, 'ants': 32}) and found best instance after 30.59375 seconds.
E1: {(43, 205), (163, 164), (166, 184), (162, 180), (217, 223), (234, 236), (204, 213), (13, 14), (22, 184), (162, 164), (83, 164), (180, 234), (213, 240), (163, 166), (103, 157), (120, 201), (177, 204), (102, 103), (201, 204), (13, 22), (163, 217), (78, 240), (0, 162), (136, 217), (135, 136), (234, 240), (22, 103), (83, 89), (204, 205)}
E2: {(192, 194), (6, 24), (24, 51), (116, 134), (194, 221), (210, 211), (149, 152), (204, 213), (166, 220), (120, 122), (149, 158), (89, 116), (122, 149), (220, 221), (177, 204), (210, 213), (113, 116), (113, 122), (32, 194), (45, 51), (157, 158), (59, 221), (24, 25), (51, 213), (192, 195), (220, 223), (192, 210), (0, 6), (113, 194)}
Obj: 26587

