Log for instance aco_tuning_out/inst12.txt.

Used ({'tau_0': 6.916816029978271e-06, 'xi': 0.13109583259981678, 'q0': 0.7096508529113955, 'alpha': 0.8294099029859726, 'beta': 1.23731470593669, 'rho': 0.12314043168046776, 'ants': 23}) and found best instance after 72.46875 seconds.
E1: {(3, 4), (99, 100), (84, 102), (107, 134), (101, 182), (46, 127), (100, 101), (45, 46), (30, 33), (89, 107), (81, 84), (30, 39), (81, 99), (127, 130), (3, 30), (39, 120), (30, 32), (4, 166), (91, 100), (130, 211), (109, 127), (100, 127), (101, 107), (0, 3), (3, 84), (33, 195), (37, 43), (37, 46)}
E2: {(132, 213), (3, 4), (58, 59), (4, 58), (45, 126), (108, 109), (119, 200), (126, 132), (70, 79), (84, 102), (43, 70), (186, 213), (160, 161), (81, 84), (223, 241), (177, 186), (79, 160), (126, 128), (84, 86), (86, 89), (78, 79), (81, 108), (108, 126), (238, 241), (155, 161), (4, 166), (25, 79), (81, 135), (128, 134), (64, 70), (119, 128), (128, 155), (32, 59), (152, 161), (3, 84), (79, 241), (211, 238), (157, 160), (155, 236)}
Obj: 28913

