Log for instance aco_tuning_out/inst30.txt.

Used ({'tau_0': 5.072339472437726e-06, 'xi': 0.06750660483788565, 'q0': 0.39673942663117334, 'alpha': 1.3764884196051321, 'beta': 0.7955077619397278, 'rho': 0.4521931615046479, 'ants': 17}) and found best instance after 6.390625 seconds.
E1: {(18, 72), (132, 213), (162, 171), (162, 168), (184, 211), (40, 41), (171, 198), (234, 236), (72, 234), (117, 120), (195, 213), (186, 213), (24, 26), (22, 184), (171, 173), (177, 186), (168, 186), (21, 24), (22, 25), (8, 17), (173, 200), (8, 26), (123, 132), (109, 118), (40, 67), (13, 22), (123, 150), (18, 21), (117, 198), (64, 67), (91, 118), (0, 162), (13, 40), (32, 41), (150, 152), (14, 17), (24, 186), (21, 102), (132, 134), (117, 118), (25, 26)}
E2: {(39, 201), (88, 106), (20, 23), (118, 119), (42, 51), (125, 134), (39, 42), (100, 101), (135, 153), (195, 204), (125, 152), (172, 175), (63, 64), (39, 66), (218, 236), (172, 199), (72, 75), (103, 157), (173, 176), (164, 173), (177, 204), (20, 101), (164, 182), (38, 119), (173, 200), (100, 103), (36, 42), (175, 176), (45, 51), (63, 66), (201, 204), (119, 125), (164, 218), (21, 75), (82, 85), (91, 118), (82, 91), (85, 166), (82, 88), (21, 23), (84, 85), (25, 106), (72, 153), (201, 228), (82, 100), (0, 3), (82, 109), (3, 84), (118, 199), (36, 38)}
Obj: 37321

