Log for instance aco_tuning_out/inst15.txt.

Used ({'tau_0': 4.060261844275314e-06, 'xi': 0.08488866370438058, 'q0': 0.7517708033130077, 'alpha': 0.7568921075953849, 'beta': 1.442677676309637, 'rho': 0.31238065733584786, 'ants': 26}) and found best instance after 30.796875 seconds.
E1: {(226, 232), (171, 177), (146, 227), (92, 146), (171, 198), (227, 230), (91, 92), (72, 75), (92, 173), (171, 173), (28, 109), (189, 195), (72, 78), (58, 76), (153, 155), (173, 182), (64, 226), (173, 200), (31, 58), (226, 227), (76, 157), (146, 155), (205, 232), (228, 230), (72, 153), (75, 76), (28, 31), (43, 205), (189, 198)}
E2: {(189, 207), (3, 4), (4, 58), (58, 59), (171, 177), (11, 173), (31, 32), (159, 160), (147, 228), (10, 64), (234, 236), (11, 14), (153, 159), (135, 153), (5, 86), (34, 43), (189, 191), (11, 20), (83, 164), (171, 173), (28, 109), (189, 195), (147, 148), (4, 5), (72, 78), (3, 6), (164, 173), (86, 89), (153, 155), (173, 182), (31, 34), (10, 11), (164, 191), (173, 200), (19, 20), (31, 58), (153, 234), (4, 166), (151, 160), (128, 134), (211, 214), (45, 72), (72, 153), (128, 155), (207, 213), (0, 6), (19, 25), (213, 214), (83, 86), (207, 234), (148, 151), (28, 34)}
Obj: 29729

