Log for instance aco_tuning_out/inst24.txt.

Used ({'tau0': 4.822265207889503e-06, 'xi': 0.13540262306958187, 'q0': 0.6138627392147109, 'alpha': 1.667403283011879, 'beta': 1.0113699636281308, 'rho': 0.16684714562074338, 'ants': 26}) and found best instance after 57.5625 seconds.
E1: {(137, 139), (76, 92), (42, 106), (99, 103), (146, 154), (107, 235), (43, 107), (13, 45), (12, 13), (128, 160), (40, 41), (252, 253), (186, 250), (211, 243), (137, 141), (146, 147), (41, 45), (220, 221), (26, 90), (128, 144), (147, 151), (26, 154), (12, 76), (41, 57), (221, 253), (144, 146), (106, 107), (34, 42), (240, 241), (13, 141), (241, 243), (147, 211), (76, 108), (99, 107), (71, 103), (42, 58), (40, 42), (26, 58), (154, 186), (0, 128), (186, 190), (130, 146), (92, 220), (13, 15), (151, 159)}
E2: {(183, 191), (146, 154), (98, 226), (151, 183), (237, 253), (146, 178), (187, 191), (131, 195), (34, 98), (253, 255), (53, 181), (88, 90), (146, 147), (26, 90), (61, 63), (147, 151), (26, 154), (181, 183), (21, 85), (221, 253), (98, 106), (60, 61), (191, 255), (88, 120), (144, 146), (165, 181), (5, 21), (2, 10), (230, 231), (222, 254), (10, 26), (88, 89), (63, 191), (226, 230), (175, 191), (180, 181), (2, 34), (228, 230), (254, 255), (98, 114), (166, 230), (21, 53), (131, 147)}
Obj: 25910

