Log for instance aco_tuning_out/inst18.txt.

Used ({'tau_0': 5.7232384546733595e-06, 'xi': 0.1429672685027304, 'q0': 0.57445047410033, 'alpha': 1.4195433954167913, 'beta': 1.4047255855017542, 'rho': 0.4106053256096564, 'ants': 31}) and found best instance after 22.765625 seconds.
E1: {(136, 137), (25, 29), (128, 136), (82, 90), (58, 62), (128, 160), (2, 66), (1, 3), (1, 9), (148, 150), (83, 211), (244, 252), (132, 148), (85, 213), (62, 126), (197, 213), (209, 213), (128, 132), (82, 83), (29, 31), (46, 47), (80, 82), (31, 95), (31, 159), (39, 47), (46, 62), (1, 5), (244, 245), (213, 215), (9, 25), (209, 211), (110, 238), (137, 201), (147, 211), (54, 62), (107, 111), (213, 245), (99, 107), (46, 110), (25, 57), (9, 137), (2, 3), (2, 6), (66, 82), (62, 63), (45, 47), (31, 63), (47, 111)}
E2: {(90, 91), (55, 63), (168, 172), (160, 168), (90, 94), (128, 136), (136, 137), (82, 90), (91, 123), (168, 184), (163, 179), (86, 87), (228, 244), (104, 108), (128, 160), (82, 114), (28, 30), (100, 101), (252, 253), (148, 150), (1, 9), (244, 252), (30, 94), (132, 148), (168, 232), (62, 126), (128, 132), (82, 83), (154, 218), (51, 55), (100, 108), (90, 218), (28, 60), (142, 143), (221, 253), (89, 91), (40, 104), (78, 94), (31, 159), (104, 232), (143, 159), (46, 62), (83, 87), (1, 5), (244, 245), (100, 228), (110, 238), (24, 28), (240, 244), (81, 83), (82, 210), (108, 110), (51, 179), (46, 110), (80, 81), (81, 113), (72, 104), (9, 137), (66, 82), (62, 63), (30, 31), (31, 63), (54, 62)}
Obj: 29766

