Log for instance aco_tuning_out/inst27.txt.

Used ({'tau0': 1.34326092400037e-06, 'xi': 0.13441645763893803, 'q0': 0.4083523399061119, 'alpha': 0.5070175800996563, 'beta': 0.9994669821848109, 'rho': 0.2873914507152631, 'ants': 17}) and found best instance after 114.984375 seconds.
E1: {(132, 164), (146, 154), (60, 62), (190, 254), (23, 31), (221, 223), (27, 31), (249, 251), (100, 116), (62, 190), (215, 223), (238, 254), (154, 218), (29, 31), (144, 146), (14, 30), (39, 47), (113, 241), (10, 14), (236, 238), (2, 10), (187, 251), (222, 254), (36, 100), (100, 228), (36, 164), (241, 249), (47, 63), (218, 250), (2, 34), (54, 62), (204, 236), (43, 47), (222, 223), (228, 236), (30, 62), (14, 142), (218, 222), (209, 241), (2, 3), (62, 63), (30, 31), (250, 251), (47, 111)}
E2: {(119, 127), (243, 251), (58, 62), (101, 103), (216, 218), (176, 240), (251, 255), (48, 176), (123, 127), (221, 223), (56, 58), (240, 242), (62, 190), (6, 14), (146, 147), (125, 127), (202, 218), (14, 15), (144, 146), (127, 255), (14, 30), (48, 56), (10, 14), (144, 176), (56, 57), (13, 141), (166, 182), (218, 250), (111, 127), (226, 242), (182, 190), (30, 62), (223, 255), (103, 119), (242, 250), (13, 15), (250, 251)}
Obj: 23649

