Log for instance aco_tuning_out/inst24.txt.

Used ({'tau0': 2.760703391532889e-06, 'xi': 0.11284095755067615, 'q0': 0.39431429333058177, 'alpha': 1.2851296972235255, 'beta': 1.3966465894197229, 'rho': 0.20591685095973755, 'ants': 13}) and found best instance after 11.890625 seconds.
E1: {(76, 92), (71, 87), (171, 235), (243, 251), (146, 154), (82, 90), (58, 62), (44, 45), (43, 171), (0, 2), (176, 240), (40, 44), (252, 253), (2, 130), (186, 250), (187, 191), (253, 255), (14, 46), (45, 61), (62, 190), (82, 83), (160, 176), (44, 108), (12, 76), (221, 253), (191, 255), (14, 15), (144, 146), (139, 171), (106, 110), (46, 62), (83, 87), (187, 251), (144, 176), (45, 173), (146, 210), (108, 110), (82, 210), (2, 34), (76, 108), (46, 110), (171, 187), (154, 186), (57, 61), (186, 190), (141, 173), (130, 146), (159, 191), (250, 251)}
E2: {(177, 181), (183, 191), (98, 226), (228, 229), (229, 237), (146, 178), (187, 191), (34, 98), (221, 223), (53, 117), (53, 181), (88, 90), (146, 147), (26, 90), (98, 106), (181, 183), (52, 60), (88, 120), (165, 181), (191, 255), (144, 146), (17, 145), (1, 5), (2, 10), (230, 231), (10, 26), (88, 89), (63, 191), (1, 17), (226, 227), (226, 230), (175, 191), (180, 181), (2, 34), (228, 230), (195, 227), (85, 117), (222, 223), (165, 229), (52, 53), (144, 145), (98, 114), (223, 255), (145, 177), (166, 230)}
Obj: 28364

