Log for instance aco_tuning_out/inst30.txt.

Used ({'tau0': 4.498936448740942e-06, 'xi': 0.13853729626942535, 'q0': 0.527822666374638, 'alpha': 1.6196713237028468, 'beta': 0.6656100225587412, 'rho': 0.18622598889901743, 'ants': 24}) and found best instance after 21.1875 seconds.
E1: {(145, 146), (162, 171), (212, 215), (171, 177), (105, 186), (64, 145), (171, 198), (198, 200), (117, 120), (195, 213), (186, 213), (209, 215), (211, 212), (177, 186), (209, 236), (134, 215), (50, 212), (118, 145), (213, 215), (109, 118), (24, 25), (117, 198), (91, 118), (0, 162), (41, 50), (146, 152), (32, 50), (24, 186), (117, 118), (102, 105), (14, 41)}
E2: {(33, 42), (171, 177), (66, 228), (171, 180), (64, 145), (190, 199), (33, 51), (39, 42), (51, 132), (171, 198), (134, 161), (198, 200), (39, 66), (160, 161), (136, 145), (30, 39), (163, 166), (180, 182), (79, 160), (36, 198), (163, 190), (3, 30), (118, 145), (198, 199), (36, 42), (45, 51), (109, 118), (25, 79), (91, 118), (182, 236), (135, 136), (0, 3), (152, 161), (132, 134), (118, 199), (33, 195), (157, 160)}
Obj: 29951

