Log for instance aco_tuning_out/inst24.txt.

Used ({'tau_0': 5.341643627837584e-06, 'xi': 0.12828902895224037, 'q0': 0.5825040751853071, 'alpha': 1.680352012001748, 'beta': 1.7927432976473112, 'rho': 0.24781837895583786, 'ants': 32}) and found best instance after 20.59375 seconds.
E1: {(76, 92), (154, 155), (42, 106), (105, 107), (15, 143), (58, 59), (243, 251), (107, 235), (108, 109), (99, 103), (43, 107), (0, 2), (128, 160), (176, 240), (252, 253), (186, 250), (2, 130), (249, 251), (105, 109), (10, 42), (26, 90), (128, 144), (12, 76), (221, 253), (57, 59), (143, 159), (2, 10), (45, 109), (235, 251), (144, 176), (249, 253), (139, 143), (2, 34), (76, 108), (141, 143), (99, 107), (71, 103), (139, 155), (42, 58), (43, 59), (40, 42), (154, 186), (26, 58), (0, 128), (186, 190), (250, 251)}
E2: {(76, 92), (183, 191), (90, 91), (98, 226), (220, 222), (5, 7), (104, 108), (146, 178), (104, 120), (187, 191), (178, 182), (34, 98), (53, 117), (91, 95), (53, 181), (7, 71), (71, 199), (146, 147), (220, 221), (180, 182), (108, 236), (28, 60), (181, 183), (98, 106), (78, 79), (191, 255), (144, 146), (165, 181), (31, 95), (89, 91), (2, 10), (76, 78), (63, 191), (199, 231), (71, 79), (175, 191), (166, 182), (180, 181), (2, 34), (79, 95), (85, 117), (76, 108), (228, 236), (104, 106), (98, 114), (236, 237), (195, 199), (28, 92), (92, 220), (31, 63)}
Obj: 28809

