Log for instance aco_tuning_out/inst27.txt.

Used ({'tau0': 5.888779735025123e-06, 'xi': 0.14210673593322504, 'q0': 0.5532221197439141, 'alpha': 1.4492226579119356, 'beta': 1.732090480737235, 'rho': 0.42744550361996797, 'ants': 10}) and found best instance after 3.96875 seconds.
E1: {(55, 63), (105, 107), (154, 158), (196, 228), (132, 164), (3, 7), (156, 158), (35, 39), (0, 2), (87, 95), (1, 3), (186, 250), (121, 249), (212, 220), (91, 95), (19, 27), (30, 158), (209, 213), (128, 132), (83, 115), (59, 63), (220, 221), (128, 144), (142, 143), (28, 60), (105, 121), (89, 91), (31, 95), (0, 1), (14, 30), (31, 159), (143, 159), (46, 62), (10, 14), (83, 87), (212, 213), (28, 29), (2, 10), (132, 196), (213, 215), (36, 164), (110, 238), (89, 121), (2, 34), (158, 190), (107, 111), (59, 187), (35, 43), (46, 110), (23, 87), (30, 62), (113, 115), (112, 113), (87, 215), (7, 39), (154, 186), (0, 128), (112, 116), (196, 204), (19, 83), (39, 55), (28, 156), (30, 31), (54, 62)}
E2: {(111, 239), (105, 107), (26, 30), (26, 27), (125, 253), (216, 218), (0, 2), (242, 243), (97, 105), (121, 249), (48, 176), (240, 242), (240, 248), (216, 248), (6, 14), (10, 42), (243, 247), (26, 90), (128, 144), (90, 218), (147, 151), (202, 218), (105, 121), (221, 253), (248, 249), (14, 15), (135, 143), (121, 123), (97, 101), (31, 159), (143, 159), (14, 30), (10, 14), (239, 255), (2, 10), (166, 167), (135, 167), (144, 176), (249, 253), (119, 247), (25, 27), (218, 250), (107, 111), (226, 242), (141, 143), (42, 58), (25, 57), (0, 128), (30, 31), (151, 159)}
Obj: 32527

