Log for instance aco_tuning_out/inst12.txt.

Used ({'tau_0': 1.6439317200303233e-06, 'xi': 0.07746694961935612, 'q0': 0.6106338054732293, 'alpha': 1.8489351800014946, 'beta': 0.9702307798494468, 'rho': 0.2665529796010956, 'ants': 30}) and found best instance after 16.03125 seconds.
E1: {(166, 175), (39, 201), (99, 100), (55, 136), (175, 202), (162, 180), (210, 211), (100, 101), (195, 204), (89, 107), (174, 175), (30, 39), (0, 18), (163, 166), (99, 102), (180, 182), (55, 217), (39, 120), (30, 32), (18, 180), (91, 100), (201, 204), (163, 217), (128, 134), (201, 210), (162, 163), (202, 205), (109, 136), (174, 201), (101, 107), (99, 180), (18, 45), (101, 128), (43, 205)}
E2: {(166, 175), (55, 136), (171, 177), (150, 151), (135, 138), (139, 157), (184, 211), (112, 115), (176, 185), (59, 140), (236, 239), (75, 78), (66, 75), (138, 140), (100, 101), (142, 223), (185, 239), (45, 46), (39, 66), (85, 103), (136, 139), (30, 39), (19, 100), (171, 173), (85, 112), (136, 142), (173, 176), (47, 128), (46, 47), (86, 89), (43, 124), (138, 139), (85, 139), (100, 103), (173, 200), (103, 184), (30, 32), (175, 176), (102, 103), (109, 115), (66, 147), (184, 185), (128, 134), (55, 64), (147, 150), (150, 152), (86, 140), (124, 151), (19, 25), (101, 128), (138, 147)}
Obj: 33699

