Log for instance aco_tuning_out/inst12.txt.

Used ({'tau0': 6.293660666238772e-06, 'xi': 0.0765998967889499, 'q0': 0.6265340995784354, 'alpha': 0.31196112568590606, 'beta': 0.6324794380700602, 'rho': 0.3069899243645694, 'ants': 19}) and found best instance after 150.5625 seconds.
E1: {(162, 165), (162, 171), (162, 168), (118, 119), (87, 89), (43, 52), (29, 32), (51, 132), (171, 198), (109, 110), (87, 168), (117, 120), (162, 164), (165, 166), (51, 52), (168, 195), (164, 182), (29, 110), (45, 51), (110, 119), (117, 198), (91, 118), (211, 214), (0, 162), (105, 132), (132, 134), (87, 105), (117, 118), (102, 105), (52, 214)}
E2: {(166, 184), (119, 200), (171, 177), (43, 52), (29, 32), (184, 211), (171, 198), (107, 134), (61, 79), (109, 110), (52, 79), (61, 223), (198, 200), (89, 107), (160, 161), (107, 161), (79, 160), (103, 157), (51, 52), (135, 137), (29, 110), (103, 184), (155, 161), (45, 51), (102, 103), (25, 79), (110, 119), (64, 73), (73, 79), (137, 155), (110, 137), (32, 59), (152, 161), (51, 78), (157, 160), (155, 236)}
Obj: 28994

