Log for instance aco_tuning_out/inst27.txt.

Used ({'tau0': 2.760703391532889e-06, 'xi': 0.11284095755067615, 'q0': 0.39431429333058177, 'alpha': 1.2851296972235255, 'beta': 1.3966465894197229, 'rho': 0.20591685095973755, 'ants': 13}) and found best instance after 13.625 seconds.
E1: {(154, 158), (26, 30), (132, 164), (26, 27), (219, 223), (211, 219), (22, 23), (206, 238), (0, 2), (187, 191), (121, 249), (221, 223), (30, 158), (128, 132), (154, 218), (61, 63), (60, 61), (124, 125), (116, 124), (164, 228), (128, 144), (142, 158), (39, 47), (204, 206), (132, 196), (29, 61), (63, 191), (36, 164), (209, 211), (47, 63), (218, 250), (2, 34), (54, 62), (60, 124), (158, 190), (43, 47), (30, 62), (142, 206), (22, 30), (121, 125), (0, 128), (218, 219), (113, 121), (2, 3), (196, 204), (62, 63), (215, 223), (47, 111)}
E2: {(119, 127), (243, 251), (58, 62), (61, 125), (116, 244), (216, 218), (176, 240), (57, 121), (244, 246), (251, 255), (121, 249), (48, 176), (249, 251), (6, 14), (13, 29), (125, 127), (202, 218), (221, 253), (14, 15), (101, 117), (121, 123), (14, 30), (10, 14), (29, 61), (117, 125), (144, 176), (249, 253), (240, 244), (13, 141), (226, 230), (111, 127), (116, 117), (218, 250), (230, 246), (145, 147), (144, 145), (30, 62), (121, 125), (166, 230), (13, 15), (250, 251)}
Obj: 26617

