Log for instance aco_tuning_out/inst18.txt.

Used ({'tau_0': 5.572049615801917e-06, 'xi': 0.06325004225542018, 'q0': 0.8461092587771804, 'alpha': 1.389681207393384, 'beta': 0.3366413033928038, 'rho': 0.4612946765120627, 'ants': 22}) and found best instance after 12.796875 seconds.
E1: {(105, 107), (114, 118), (148, 150), (105, 109), (61, 63), (147, 151), (90, 218), (31, 95), (31, 159), (32, 96), (32, 160), (228, 236), (218, 222), (80, 81), (0, 128), (57, 61), (122, 126), (114, 122), (151, 159), (209, 213), (136, 137), (108, 109), (12, 13), (70, 198), (0, 2), (1, 3), (132, 148), (110, 111), (62, 126), (10, 42), (142, 143), (29, 31), (95, 223), (1, 5), (132, 196), (213, 215), (76, 108), (98, 114), (66, 70), (9, 137), (215, 223), (96, 98), (47, 111), (5, 13), (228, 244), (244, 252), (45, 61), (193, 197), (81, 209), (108, 236), (12, 76), (143, 159), (10, 14), (244, 245), (2, 10), (76, 78), (110, 238), (105, 233), (46, 110), (42, 58), (78, 206), (196, 198), (62, 63), (136, 140), (111, 239), (128, 136), (193, 201), (201, 233), (198, 206), (85, 213), (143, 175), (6, 14), (206, 222), (39, 47), (46, 62), (140, 142), (54, 118), (107, 111), (99, 107), (175, 239)}
E2: {(2, 66), (156, 188), (148, 150), (146, 150), (105, 109), (31, 95), (179, 183), (31, 159), (123, 251), (32, 96), (24, 28), (32, 160), (80, 81), (0, 128), (122, 126), (114, 122), (55, 63), (136, 137), (124, 126), (108, 109), (156, 158), (70, 198), (0, 2), (132, 148), (62, 126), (249, 251), (224, 240), (142, 143), (97, 101), (132, 196), (184, 188), (249, 253), (76, 108), (188, 252), (98, 114), (66, 70), (9, 137), (30, 31), (96, 98), (200, 201), (146, 154), (4, 6), (163, 179), (86, 87), (228, 244), (40, 44), (87, 95), (97, 105), (78, 110), (91, 95), (54, 55), (244, 252), (174, 175), (224, 228), (12, 76), (221, 253), (143, 159), (10, 14), (172, 174), (244, 245), (2, 10), (76, 78), (110, 238), (55, 183), (105, 233), (51, 115), (51, 179), (46, 110), (200, 232), (78, 206), (196, 198), (62, 63), (12, 44), (128, 136), (72, 76), (201, 233), (252, 253), (233, 249), (198, 206), (143, 175), (6, 14), (83, 115), (4, 5), (89, 91), (142, 158), (46, 62), (146, 210), (81, 83), (60, 124), (113, 115), (28, 156)}
Obj: 43495

