Log for instance aco_tuning_out/inst03.txt.

Used ({'tau0': 1.8744203829802787e-06, 'xi': 0.06974601013646063, 'q0': 0.6646227429685135, 'alpha': 0.837812461347453, 'beta': 0.9110718814664547, 'rho': 0.3627109167529502, 'ants': 14}) and found best instance after 12.875 seconds.
E1: {(76, 92), (136, 137), (128, 136), (177, 181), (211, 219), (113, 117), (39, 167), (242, 246), (82, 114), (65, 73), (147, 179), (187, 191), (179, 187), (57, 185), (53, 181), (76, 204), (249, 251), (36, 52), (136, 200), (64, 68), (143, 175), (82, 83), (240, 242), (25, 153), (52, 54), (147, 151), (221, 253), (101, 117), (49, 113), (49, 177), (114, 242), (117, 119), (187, 251), (20, 52), (149, 151), (9, 25), (24, 25), (135, 167), (200, 202), (249, 253), (177, 179), (177, 185), (153, 185), (175, 191), (82, 210), (230, 246), (228, 230), (52, 53), (200, 232), (143, 207), (9, 73), (0, 64), (9, 137), (0, 128), (219, 251), (135, 151), (83, 211), (195, 211), (200, 204)}
E2: {(128, 136), (136, 137), (177, 181), (32, 34), (171, 235), (32, 40), (132, 164), (107, 235), (98, 226), (43, 171), (181, 245), (216, 218), (17, 21), (82, 114), (187, 191), (34, 98), (148, 150), (132, 148), (192, 193), (32, 33), (0, 32), (193, 197), (32, 36), (154, 218), (148, 180), (32, 48), (5, 21), (31, 159), (49, 177), (187, 251), (132, 196), (123, 251), (63, 191), (45, 173), (32, 160), (128, 192), (137, 201), (98, 99), (82, 210), (180, 181), (15, 31), (107, 111), (33, 49), (164, 166), (99, 107), (164, 172), (171, 187), (98, 114), (218, 222), (0, 128), (9, 137), (210, 218), (172, 173), (196, 198), (159, 191), (17, 49)}
Obj: 33662

