Log for instance aco_tuning_out/inst06.txt.

Used ({'tau_0': 3.462877209278076e-06, 'xi': 0.0658154748162855, 'q0': 0.6970370798529836, 'alpha': 1.3037173239481683, 'beta': 0.3291761938293081, 'rho': 0.413035014315252, 'ants': 16}) and found best instance after 11.609375 seconds.
E1: {(192, 194), (200, 201), (193, 195), (193, 201), (105, 107), (228, 229), (180, 244), (229, 237), (46, 62), (86, 87), (206, 238), (228, 244), (210, 211), (135, 199), (87, 95), (114, 115), (130, 194), (49, 53), (1, 3), (115, 123), (91, 95), (196, 212), (85, 213), (174, 175), (197, 213), (166, 174), (45, 61), (14, 46), (6, 14), (193, 197), (83, 115), (206, 222), (221, 253), (70, 78), (89, 91), (49, 113), (39, 47), (212, 213), (17, 145), (83, 87), (129, 145), (198, 199), (236, 238), (85, 87), (213, 221), (195, 203), (172, 174), (1, 17), (174, 238), (29, 61), (28, 29), (249, 253), (240, 244), (24, 28), (175, 191), (194, 198), (203, 207), (47, 63), (62, 63), (228, 236), (200, 232), (23, 87), (113, 115), (78, 206), (107, 123), (46, 174), (190, 191), (129, 193), (70, 86), (196, 198), (45, 47), (83, 211)}
E2: {(119, 127), (90, 91), (193, 195), (32, 34), (42, 170), (193, 201), (180, 244), (86, 87), (228, 244), (167, 231), (193, 225), (87, 95), (1, 3), (66, 194), (187, 191), (156, 188), (91, 95), (189, 191), (31, 159), (196, 212), (174, 175), (62, 126), (96, 97), (174, 190), (193, 197), (10, 42), (32, 36), (212, 244), (188, 189), (3, 131), (89, 91), (31, 95), (97, 101), (170, 174), (167, 175), (46, 62), (1, 5), (236, 238), (244, 245), (2, 10), (129, 145), (17, 145), (132, 196), (68, 196), (230, 231), (166, 167), (110, 238), (32, 96), (194, 195), (226, 230), (175, 191), (2, 34), (42, 46), (131, 163), (46, 110), (126, 127), (228, 236), (40, 42), (129, 193), (66, 70), (70, 86), (2, 3), (97, 225), (2, 18)}
Obj: 37869

