Log for instance aco_tuning_out/inst06.txt.

Used ({'tau_0': 4.426929263156353e-06, 'xi': 0.06025838234537617, 'q0': 0.705001489203017, 'alpha': 1.7379886783859488, 'beta': 1.7095931918554976, 'rho': 0.10716913974093385, 'ants': 23}) and found best instance after 27.0 seconds.
E1: {(47, 175), (232, 236), (193, 195), (105, 107), (81, 85), (156, 158), (180, 244), (206, 238), (237, 253), (39, 167), (82, 114), (156, 188), (2, 130), (206, 207), (158, 222), (53, 181), (83, 211), (85, 213), (192, 193), (82, 83), (206, 222), (212, 244), (180, 188), (46, 47), (221, 253), (39, 47), (212, 213), (83, 87), (236, 238), (166, 167), (213, 221), (135, 167), (110, 238), (24, 28), (240, 244), (249, 253), (162, 166), (130, 162), (81, 83), (180, 181), (82, 210), (81, 89), (158, 190), (107, 111), (46, 110), (23, 87), (78, 206), (129, 193), (2, 3), (2, 6), (45, 47), (28, 156), (195, 211), (172, 188), (47, 111)}
E2: {(193, 195), (193, 201), (132, 164), (162, 226), (82, 90), (156, 158), (164, 180), (40, 44), (193, 225), (17, 21), (196, 197), (1, 3), (187, 191), (156, 188), (83, 91), (34, 162), (85, 213), (197, 213), (96, 97), (193, 197), (82, 83), (83, 115), (180, 188), (188, 189), (21, 85), (162, 170), (89, 91), (36, 44), (97, 101), (212, 213), (1, 5), (132, 196), (115, 119), (68, 196), (1, 17), (36, 164), (199, 231), (162, 166), (18, 82), (175, 191), (162, 163), (164, 166), (158, 190), (213, 245), (129, 193), (195, 199), (97, 225), (66, 82), (83, 211), (195, 211), (158, 159), (159, 191)}
Obj: 30647

