Log for instance aco_tuning_out/inst30.txt.

Used ({'tau0': 9.546586330686151e-06, 'xi': 0.07432857356120594, 'q0': 0.39855006298732903, 'alpha': 1.1362553523500754, 'beta': 1.13375631131127, 'rho': 0.39805176799684205, 'ants': 18}) and found best instance after 13.4375 seconds.
E1: {(98, 107), (162, 171), (171, 177), (29, 191), (29, 32), (210, 211), (10, 64), (171, 198), (107, 134), (11, 14), (236, 242), (189, 191), (98, 152), (240, 242), (105, 106), (10, 91), (28, 109), (213, 240), (189, 195), (120, 201), (191, 200), (97, 98), (210, 213), (10, 11), (106, 107), (28, 29), (91, 97), (201, 210), (171, 172), (0, 162), (10, 172), (25, 106), (102, 105), (198, 201), (189, 198)}
E2: {(166, 175), (179, 233), (10, 64), (178, 179), (236, 242), (174, 175), (98, 152), (19, 100), (10, 91), (18, 19), (130, 157), (209, 215), (200, 209), (127, 130), (98, 179), (135, 137), (9, 10), (134, 215), (195, 197), (182, 209), (174, 177), (109, 127), (224, 233), (100, 127), (224, 242), (137, 155), (215, 242), (197, 224), (208, 209), (18, 45), (0, 9), (19, 25), (174, 228), (127, 208), (10, 19), (175, 178), (155, 236)}
Obj: 31799

