Log for instance aco_tuning_out/inst12.txt.

Used ({'tau0': 5.27015365896669e-06, 'xi': 0.12993599333145528, 'q0': 0.31614692226037566, 'alpha': 1.9457803192705339, 'beta': 1.0826765605366773, 'rho': 0.462237565316319, 'ants': 26}) and found best instance after 10.671875 seconds.
E1: {(39, 201), (180, 183), (118, 119), (38, 41), (38, 44), (210, 211), (107, 134), (36, 37), (89, 107), (102, 183), (165, 166), (180, 182), (39, 41), (44, 53), (118, 127), (38, 119), (39, 120), (27, 33), (36, 45), (27, 36), (109, 127), (53, 134), (201, 210), (91, 118), (32, 41), (183, 210), (165, 183), (33, 195), (36, 38), (37, 43), (0, 27)}
E2: {(162, 171), (99, 100), (119, 200), (162, 168), (118, 119), (37, 64), (32, 113), (87, 89), (199, 205), (171, 198), (57, 60), (36, 37), (87, 168), (109, 110), (135, 153), (57, 75), (102, 183), (168, 177), (99, 105), (165, 166), (103, 157), (36, 198), (22, 25), (153, 155), (113, 116), (75, 77), (100, 103), (198, 199), (205, 214), (155, 161), (168, 222), (36, 45), (60, 222), (110, 119), (99, 153), (110, 116), (211, 214), (222, 223), (165, 168), (105, 132), (165, 183), (59, 77), (152, 161), (60, 78), (22, 103), (132, 134), (118, 199), (87, 105), (37, 43), (155, 236)}
Obj: 32281

