Log for instance aco_tuning_out/inst03.txt.

Used ({'tau0': 7.35696843598511e-06, 'xi': 0.13099405837312028, 'q0': 0.39430175087041053, 'alpha': 1.838983583452214, 'beta': 0.7213281426644318, 'rho': 0.11968092308615733, 'ants': 31}) and found best instance after 239.8125 seconds.
E1: {(204, 220), (232, 236), (193, 195), (132, 164), (155, 187), (147, 155), (228, 244), (49, 53), (132, 133), (37, 39), (36, 52), (143, 175), (193, 197), (220, 221), (194, 202), (52, 54), (147, 151), (164, 228), (135, 143), (49, 113), (133, 149), (155, 219), (132, 196), (20, 52), (149, 151), (68, 196), (115, 119), (9, 25), (36, 164), (24, 25), (240, 244), (194, 195), (37, 53), (133, 197), (204, 236), (52, 53), (194, 210), (113, 115), (143, 207), (25, 57), (49, 57), (65, 193), (135, 151), (196, 204), (37, 101), (92, 220)}
E2: {(192, 194), (177, 181), (193, 201), (132, 164), (41, 43), (98, 226), (107, 235), (134, 198), (43, 107), (181, 245), (164, 180), (216, 218), (40, 41), (34, 98), (132, 133), (158, 222), (160, 164), (192, 193), (0, 32), (32, 33), (193, 197), (9, 41), (154, 218), (32, 48), (15, 47), (194, 226), (49, 177), (134, 166), (36, 164), (32, 160), (47, 63), (98, 99), (33, 49), (133, 197), (43, 47), (99, 107), (194, 210), (164, 172), (98, 114), (5, 133), (107, 123), (218, 222), (210, 218), (134, 150), (132, 134), (45, 47), (158, 159), (47, 111), (17, 49)}
Obj: 28487

