Log for instance aco_tuning_out/inst03.txt.

Used ({'tau0': 7.405500650510694e-06, 'xi': 0.0538011928337849, 'q0': 0.7808066118135257, 'alpha': 1.9053416179409846, 'beta': 1.1675645378953803, 'rho': 0.23263286946707473, 'ants': 25}) and found best instance after 32.140625 seconds.
E1: {(76, 92), (128, 136), (136, 137), (177, 181), (55, 63), (196, 228), (243, 251), (108, 109), (155, 187), (211, 219), (50, 58), (147, 155), (0, 2), (210, 211), (112, 240), (200, 204), (97, 105), (187, 191), (4, 36), (206, 207), (53, 181), (54, 55), (207, 239), (64, 65), (198, 206), (249, 251), (64, 68), (202, 206), (10, 42), (83, 115), (105, 109), (61, 63), (147, 151), (221, 253), (4, 20), (49, 113), (112, 114), (49, 177), (0, 4), (97, 101), (2, 10), (29, 61), (28, 29), (187, 251), (76, 78), (53, 55), (249, 253), (24, 28), (55, 119), (175, 191), (50, 114), (149, 181), (76, 108), (42, 58), (200, 232), (113, 115), (112, 113), (0, 64), (78, 206), (0, 128), (9, 137), (57, 61), (135, 151), (115, 243), (196, 198), (196, 204), (39, 55), (83, 211), (195, 211), (175, 239)}
E2: {(128, 136), (136, 137), (55, 63), (47, 175), (32, 40), (196, 228), (243, 251), (146, 154), (155, 187), (147, 155), (50, 58), (43, 107), (228, 244), (0, 2), (216, 218), (210, 211), (114, 115), (196, 197), (48, 176), (187, 191), (179, 187), (198, 206), (174, 175), (192, 196), (10, 42), (32, 36), (206, 222), (83, 115), (147, 151), (15, 47), (0, 1), (49, 113), (49, 177), (179, 183), (137, 201), (1, 5), (172, 174), (244, 245), (2, 10), (132, 196), (123, 251), (134, 166), (235, 251), (55, 183), (42, 43), (128, 192), (32, 160), (146, 210), (50, 114), (2, 34), (33, 49), (107, 111), (228, 230), (226, 230), (99, 107), (175, 191), (42, 58), (40, 42), (113, 115), (176, 177), (218, 222), (0, 128), (9, 137), (134, 150), (179, 243), (176, 180), (196, 198), (132, 134), (115, 243), (45, 47), (83, 211), (151, 159), (17, 49)}
Obj: 38487

