Log for instance aco_tuning_out/inst15.txt.

Used ({'tau_0': 5.341643627837584e-06, 'xi': 0.12828902895224037, 'q0': 0.5825040751853071, 'alpha': 1.680352012001748, 'beta': 1.7927432976473112, 'rho': 0.24781837895583786, 'ants': 32}) and found best instance after 23.953125 seconds.
E1: {(171, 177), (66, 228), (171, 180), (171, 198), (76, 79), (34, 43), (198, 200), (115, 196), (154, 160), (79, 160), (145, 154), (180, 182), (58, 67), (36, 198), (78, 79), (58, 76), (31, 34), (31, 58), (109, 115), (34, 115), (63, 66), (76, 157), (64, 67), (36, 63), (66, 67), (91, 145), (195, 196)}
E2: {(81, 82), (4, 58), (226, 229), (226, 235), (58, 59), (171, 177), (228, 229), (21, 22), (40, 41), (107, 134), (75, 78), (0, 81), (115, 196), (72, 75), (83, 164), (82, 83), (171, 173), (40, 202), (164, 173), (58, 67), (86, 89), (164, 182), (64, 226), (173, 200), (235, 236), (196, 205), (109, 115), (4, 166), (40, 67), (81, 135), (21, 75), (202, 205), (202, 211), (32, 41), (45, 72), (101, 107), (4, 22), (82, 109), (202, 229), (19, 25), (195, 196), (19, 22), (83, 86), (43, 205), (14, 41), (83, 101)}
Obj: 28653

