Log for instance aco_tuning_out/inst24.txt.

Used ({'tau0': 6.293660666238772e-06, 'xi': 0.0765998967889499, 'q0': 0.6265340995784354, 'alpha': 0.31196112568590606, 'beta': 0.6324794380700602, 'rho': 0.3069899243645694, 'ants': 19}) and found best instance after 293.703125 seconds.
E1: {(76, 92), (41, 43), (32, 40), (32, 34), (15, 143), (243, 251), (12, 13), (13, 45), (0, 2), (176, 240), (40, 41), (252, 253), (2, 130), (186, 250), (221, 223), (122, 250), (102, 110), (41, 45), (58, 122), (160, 176), (12, 76), (41, 57), (159, 223), (221, 253), (106, 110), (143, 159), (106, 122), (102, 103), (235, 251), (144, 176), (13, 141), (32, 160), (108, 110), (139, 143), (2, 34), (76, 108), (141, 143), (71, 103), (154, 186), (90, 122), (186, 190), (250, 251)}
E2: {(55, 63), (90, 91), (98, 226), (237, 253), (178, 179), (147, 179), (221, 223), (179, 187), (133, 165), (253, 255), (53, 117), (53, 181), (120, 122), (231, 239), (181, 183), (221, 253), (176, 178), (165, 181), (89, 91), (179, 183), (239, 255), (2, 10), (106, 122), (230, 231), (53, 55), (144, 176), (120, 124), (226, 227), (226, 230), (180, 181), (50, 114), (228, 230), (2, 34), (50, 178), (195, 227), (222, 223), (85, 117), (60, 124), (98, 114), (5, 133), (90, 122), (114, 122), (166, 230), (34, 50), (175, 239)}
Obj: 25744

