Log for instance aco_tuning_out/inst03.txt.

Used ({'tau0': 4.879942623985006e-06, 'xi': 0.08399557345205959, 'q0': 0.8878104132072444, 'alpha': 1.876793500103366, 'beta': 1.500849913875006, 'rho': 0.45614013825443306, 'ants': 13}) and found best instance after 4.328125 seconds.
E1: {(177, 181), (105, 107), (244, 246), (156, 188), (114, 118), (96, 97), (105, 109), (147, 151), (20, 22), (199, 207), (31, 95), (112, 114), (31, 159), (97, 113), (145, 147), (0, 64), (0, 128), (151, 159), (136, 137), (132, 164), (145, 149), (108, 109), (156, 158), (147, 155), (0, 2), (210, 211), (92, 94), (158, 222), (64, 68), (65, 97), (10, 42), (142, 143), (165, 181), (97, 101), (132, 196), (36, 164), (135, 167), (56, 57), (128, 192), (76, 108), (188, 252), (98, 114), (9, 137), (103, 119), (30, 31), (96, 98), (47, 175), (200, 201), (193, 195), (99, 103), (155, 187), (165, 167), (211, 219), (86, 87), (228, 244), (87, 95), (97, 105), (187, 191), (76, 204), (136, 200), (221, 253), (49, 113), (49, 177), (143, 159), (2, 10), (76, 78), (42, 58), (200, 232), (78, 206), (196, 198), (68, 76), (192, 194), (128, 136), (193, 201), (112, 240), (252, 253), (198, 206), (53, 181), (30, 94), (56, 58), (83, 115), (206, 222), (194, 202), (24, 56), (118, 246), (22, 86), (142, 158), (39, 47), (198, 199), (54, 118), (175, 191), (99, 107), (113, 115), (83, 211)}
E2: {(177, 181), (105, 107), (244, 246), (114, 118), (148, 150), (96, 97), (105, 109), (147, 151), (90, 218), (14, 15), (48, 56), (29, 61), (24, 28), (32, 96), (32, 160), (2, 34), (0, 128), (151, 159), (136, 137), (33, 97), (90, 94), (108, 109), (147, 155), (5, 7), (216, 218), (0, 2), (210, 211), (158, 222), (132, 148), (7, 71), (10, 42), (142, 143), (14, 30), (132, 196), (230, 231), (128, 192), (76, 108), (71, 103), (98, 114), (9, 137), (166, 230), (96, 98), (54, 62), (8, 40), (99, 103), (146, 154), (155, 187), (107, 235), (43, 171), (97, 105), (187, 191), (34, 98), (8, 24), (174, 175), (45, 61), (146, 147), (32, 36), (193, 197), (49, 113), (49, 177), (143, 159), (10, 14), (172, 174), (244, 245), (28, 29), (2, 10), (76, 78), (45, 109), (199, 231), (105, 233), (180, 181), (42, 58), (107, 123), (78, 206), (196, 198), (62, 63), (128, 136), (193, 201), (201, 233), (198, 206), (30, 94), (56, 58), (83, 115), (206, 222), (142, 158), (17, 81), (198, 199), (54, 118), (226, 230), (146, 210), (230, 246), (175, 191), (81, 83), (107, 111), (99, 107), (171, 187), (113, 115), (83, 211)}
Obj: 48522

