Log for instance aco_tuning_out/inst12.txt.

Used ({'tau_0': 7.405500650510694e-06, 'xi': 0.0538011928337849, 'q0': 0.7808066118135257, 'alpha': 1.9053416179409846, 'beta': 1.1675645378953803, 'rho': 0.23263286946707473, 'ants': 25}) and found best instance after 10.4375 seconds.
E1: {(166, 175), (1, 28), (175, 202), (34, 196), (171, 180), (31, 32), (20, 47), (100, 101), (45, 46), (1, 82), (102, 104), (97, 178), (96, 97), (83, 164), (171, 173), (82, 83), (180, 234), (28, 109), (195, 222), (180, 182), (47, 128), (164, 173), (46, 47), (0, 1), (31, 34), (20, 101), (205, 214), (175, 178), (196, 214), (91, 100), (128, 134), (202, 205), (211, 214), (101, 104), (82, 100), (96, 123), (216, 222), (83, 89), (216, 234), (43, 205), (28, 34), (120, 123)}
E2: {(43, 205), (166, 175), (226, 229), (171, 174), (54, 135), (20, 23), (175, 202), (23, 77), (159, 160), (46, 127), (20, 47), (142, 223), (205, 206), (152, 233), (102, 156), (201, 202), (157, 160), (200, 206), (240, 242), (72, 75), (136, 145), (171, 173), (83, 164), (209, 215), (136, 142), (214, 241), (164, 173), (46, 47), (209, 236), (118, 127), (75, 77), (64, 226), (134, 215), (50, 212), (118, 145), (19, 20), (205, 214), (174, 177), (109, 127), (206, 215), (78, 240), (211, 214), (202, 205), (54, 72), (206, 233), (156, 159), (45, 72), (32, 50), (174, 201), (59, 77), (202, 229), (159, 240), (19, 25), (83, 89), (212, 215), (23, 50), (241, 242)}
Obj: 37050

