Log for instance aco_tuning_out/inst21.txt.

Used ({'tau_0': 9.84719681858141e-06, 'xi': 0.07010842379960239, 'q0': 0.6134461647846249, 'alpha': 1.8618032848172066, 'beta': 0.8495777604552623, 'rho': 0.35523900559656113, 'ants': 21}) and found best instance after 9.125 seconds.
E1: {(166, 175), (185, 188), (39, 201), (55, 136), (175, 202), (118, 119), (217, 223), (176, 185), (10, 64), (149, 152), (172, 175), (198, 200), (201, 202), (30, 39), (136, 145), (36, 198), (182, 188), (135, 137), (55, 217), (27, 30), (12, 39), (117, 119), (118, 145), (30, 32), (175, 176), (27, 36), (174, 177), (110, 119), (27, 45), (117, 198), (137, 146), (146, 149), (12, 14), (10, 172), (174, 201), (110, 137), (201, 228)}
E2: {(83, 110), (73, 154), (234, 236), (200, 206), (30, 39), (173, 179), (38, 119), (31, 58), (27, 36), (27, 45), (64, 73), (82, 88), (60, 69), (60, 78), (1, 19), (136, 137), (179, 206), (88, 97), (55, 136), (118, 119), (190, 199), (179, 233), (109, 110), (82, 83), (147, 148), (180, 182), (164, 173), (58, 67), (20, 101), (19, 20), (197, 206), (30, 111), (118, 199), (36, 38), (162, 171), (162, 180), (69, 71), (208, 211), (217, 223), (190, 208), (34, 43), (39, 66), (98, 152), (83, 164), (136, 145), (180, 234), (136, 154), (135, 137), (97, 98), (195, 197), (148, 149), (88, 89), (146, 149), (137, 146), (82, 91), (111, 120), (59, 140), (71, 233), (140, 149), (171, 173), (0, 1), (31, 34), (55, 217), (118, 145), (30, 32), (66, 147), (110, 137), (66, 67), (19, 25), (148, 157), (83, 101)}
Obj: 37107

