Log for instance aco_tuning_out/inst24.txt.

Used ({'tau0': 4.020220899909005e-06, 'xi': 0.13174644598316573, 'q0': 0.6110235189733683, 'alpha': 1.6598844502421457, 'beta': 1.4439786122174993, 'rho': 0.18623233223962188, 'ants': 32}) and found best instance after 26.171875 seconds.
E1: {(76, 92), (41, 43), (99, 103), (154, 158), (15, 143), (146, 154), (107, 235), (220, 222), (50, 58), (43, 107), (0, 2), (128, 160), (40, 41), (242, 243), (252, 253), (2, 130), (158, 222), (240, 242), (41, 45), (220, 221), (128, 144), (12, 76), (41, 57), (221, 253), (143, 159), (114, 242), (106, 107), (106, 122), (139, 143), (50, 114), (2, 34), (158, 190), (76, 108), (141, 143), (99, 107), (71, 103), (158, 159), (0, 128), (90, 122), (242, 250), (114, 122), (130, 146), (92, 220), (34, 50)}
E2: {(151, 183), (5, 13), (237, 253), (0, 2), (34, 50), (187, 191), (253, 255), (53, 181), (158, 222), (120, 122), (85, 213), (231, 239), (143, 175), (25, 89), (128, 144), (180, 188), (147, 151), (181, 183), (221, 253), (191, 255), (165, 181), (9, 13), (143, 159), (2, 10), (106, 122), (230, 231), (213, 221), (9, 25), (199, 231), (63, 191), (120, 124), (13, 141), (226, 230), (175, 191), (180, 181), (50, 114), (228, 230), (2, 34), (60, 124), (50, 178), (141, 143), (60, 188), (0, 128), (90, 122), (195, 199), (114, 122), (166, 230), (158, 159), (151, 159), (175, 239)}
Obj: 26188

