Log for instance aco_tuning_out/inst24.txt.

Used ({'tau_0': 5.726334506587264e-06, 'xi': 0.09378720394945064, 'q0': 0.4650245999867171, 'alpha': 1.6109205787989367, 'beta': 0.9785683305047798, 'rho': 0.3960780669283891, 'ants': 24}) and found best instance after 11.453125 seconds.
E1: {(128, 130), (76, 92), (99, 103), (15, 143), (243, 251), (107, 235), (61, 125), (43, 107), (12, 13), (13, 45), (0, 2), (128, 160), (176, 240), (108, 124), (186, 250), (121, 249), (220, 252), (249, 251), (10, 42), (220, 221), (58, 186), (128, 144), (90, 218), (124, 125), (12, 76), (143, 159), (106, 107), (34, 42), (2, 10), (235, 251), (144, 176), (13, 141), (218, 250), (139, 143), (76, 108), (124, 252), (99, 107), (71, 103), (42, 58), (40, 42), (0, 128), (154, 186), (121, 125), (186, 190), (57, 61), (13, 15), (250, 251)}
E2: {(90, 91), (105, 107), (15, 143), (196, 228), (243, 251), (107, 235), (162, 226), (220, 222), (82, 90), (5, 13), (135, 199), (178, 179), (82, 114), (251, 255), (187, 191), (147, 179), (34, 162), (189, 191), (53, 181), (85, 213), (143, 175), (220, 221), (105, 121), (157, 189), (176, 178), (165, 181), (135, 143), (181, 189), (89, 91), (179, 183), (235, 239), (106, 107), (187, 251), (132, 196), (2, 10), (213, 221), (134, 166), (144, 176), (63, 191), (199, 231), (120, 121), (162, 166), (89, 121), (175, 191), (56, 60), (2, 34), (237, 239), (134, 135), (56, 120), (176, 180), (179, 243), (195, 199), (132, 134), (157, 221), (13, 15), (175, 239)}
Obj: 30322

