Log for instance aco_tuning_out/inst21.txt.

Used ({'tau_0': 9.519734246967097e-06, 'xi': 0.07937813294122376, 'q0': 0.41673979688805995, 'alpha': 1.6749976300577816, 'beta': 0.7383106546614165, 'rho': 0.29031514757956295, 'ants': 27}) and found best instance after 11.96875 seconds.
E1: {(45, 126), (14, 68), (171, 177), (147, 228), (217, 223), (217, 226), (190, 208), (190, 217), (39, 66), (30, 39), (171, 225), (200, 209), (163, 166), (225, 226), (108, 126), (63, 225), (66, 68), (64, 226), (108, 135), (182, 209), (30, 32), (63, 66), (66, 147), (163, 217), (147, 150), (150, 152), (208, 209), (126, 127), (127, 208)}
E2: {(188, 242), (58, 59), (54, 135), (55, 136), (0, 54), (150, 151), (76, 238), (31, 32), (222, 240), (187, 188), (25, 187), (236, 242), (54, 55), (89, 107), (240, 242), (136, 145), (223, 241), (195, 222), (118, 124), (182, 188), (118, 121), (58, 76), (107, 188), (43, 124), (64, 226), (118, 145), (238, 241), (31, 58), (240, 241), (55, 58), (120, 121), (76, 157), (78, 240), (109, 136), (54, 72), (45, 72), (150, 152), (145, 226), (199, 200), (211, 238), (91, 145), (124, 151), (118, 199)}
Obj: 29680

