Log for instance aco_tuning_out/inst06.txt.

Used ({'tau0': 1.3887935962446564e-06, 'xi': 0.06336511258122715, 'q0': 0.5149941610044446, 'alpha': 1.5531450358806447, 'beta': 0.41875271579630713, 'rho': 0.16981098283759344, 'ants': 13}) and found best instance after 12.234375 seconds.
E1: {(136, 137), (128, 136), (81, 85), (24, 152), (137, 169), (176, 240), (233, 237), (17, 21), (135, 199), (39, 167), (82, 114), (1, 3), (129, 137), (233, 249), (53, 181), (196, 212), (14, 46), (128, 132), (174, 190), (82, 83), (41, 45), (206, 222), (144, 152), (152, 153), (199, 207), (169, 233), (17, 81), (167, 175), (17, 145), (10, 14), (129, 145), (2, 10), (132, 196), (172, 174), (166, 167), (134, 166), (1, 17), (144, 176), (135, 167), (174, 238), (105, 233), (128, 192), (81, 83), (145, 153), (82, 210), (180, 181), (81, 89), (41, 169), (21, 23), (14, 78), (46, 174), (78, 206), (153, 157), (130, 134), (2, 3), (132, 134), (2, 6), (157, 221), (21, 53), (232, 233)}
E2: {(64, 66), (193, 201), (132, 164), (82, 90), (101, 103), (164, 180), (40, 44), (64, 96), (193, 225), (225, 227), (2, 66), (1, 3), (187, 191), (36, 37), (157, 159), (5, 37), (189, 191), (166, 174), (197, 213), (64, 68), (174, 190), (193, 197), (44, 172), (157, 189), (67, 195), (152, 153), (170, 171), (152, 156), (17, 81), (212, 213), (1, 5), (172, 174), (129, 145), (1, 17), (36, 164), (226, 227), (175, 191), (163, 171), (145, 153), (2, 34), (81, 89), (213, 245), (164, 172), (171, 187), (153, 157), (129, 193), (103, 119), (1, 129), (2, 3), (66, 67), (227, 231), (37, 101), (2, 18), (66, 82)}
Obj: 33233

