Log for instance aco_tuning_out/inst27.txt.

Used ({'tau_0': 9.519734246967097e-06, 'xi': 0.07937813294122376, 'q0': 0.41673979688805995, 'alpha': 1.6749976300577816, 'beta': 0.7383106546614165, 'rho': 0.29031514757956295, 'ants': 27}) and found best instance after 14.4375 seconds.
E1: {(7, 23), (154, 158), (146, 154), (3, 7), (52, 116), (43, 171), (228, 244), (144, 208), (23, 31), (28, 30), (186, 250), (140, 204), (34, 98), (252, 253), (27, 31), (244, 252), (30, 158), (110, 111), (62, 190), (96, 100), (96, 112), (52, 54), (28, 60), (221, 253), (134, 142), (144, 146), (142, 158), (132, 140), (46, 62), (28, 29), (36, 100), (100, 228), (110, 238), (151, 215), (249, 253), (46, 110), (208, 209), (171, 187), (23, 151), (112, 113), (7, 39), (186, 187), (154, 186), (112, 116), (186, 190), (132, 134), (62, 63), (30, 31), (96, 98), (54, 62)}
E2: {(119, 127), (105, 107), (15, 143), (58, 59), (211, 219), (50, 58), (125, 253), (216, 218), (144, 208), (97, 105), (186, 250), (211, 243), (123, 127), (240, 242), (6, 14), (58, 186), (125, 127), (90, 218), (221, 253), (14, 15), (127, 255), (14, 30), (48, 50), (97, 101), (57, 59), (10, 14), (74, 90), (208, 240), (166, 182), (147, 211), (218, 250), (59, 123), (107, 111), (226, 242), (141, 143), (182, 190), (107, 123), (218, 219), (186, 190), (242, 250), (10, 74), (74, 202)}
Obj: 27829

