Log for instance aco_tuning_out/inst09.txt.

Used ({'tau_0': 1.8744203829802787e-06, 'xi': 0.06974601013646063, 'q0': 0.6646227429685135, 'alpha': 0.837812461347453, 'beta': 0.9110718814664547, 'rho': 0.3627109167529502, 'ants': 14}) and found best instance after 7.25 seconds.
E1: {(81, 82), (54, 135), (171, 177), (0, 54), (217, 223), (217, 220), (84, 102), (171, 198), (75, 78), (166, 220), (13, 14), (54, 55), (218, 236), (81, 84), (30, 39), (82, 83), (36, 198), (3, 21), (40, 43), (3, 30), (55, 217), (36, 39), (39, 120), (81, 135), (76, 157), (21, 75), (13, 40), (217, 218), (39, 40), (3, 84), (75, 76), (83, 89)}
E2: {(166, 175), (212, 239), (171, 174), (162, 171), (175, 202), (171, 177), (29, 35), (29, 32), (190, 196), (196, 197), (190, 208), (35, 197), (201, 202), (223, 232), (83, 164), (171, 173), (77, 239), (147, 148), (211, 212), (120, 201), (164, 173), (207, 208), (77, 80), (86, 89), (45, 207), (134, 215), (94, 148), (196, 205), (79, 80), (25, 79), (197, 215), (229, 232), (147, 150), (205, 232), (94, 175), (0, 162), (150, 152), (174, 201), (59, 77), (202, 229), (195, 196), (83, 86), (212, 215), (148, 157)}
Obj: 30814

