Log for instance aco_tuning_out/inst06.txt.

Used ({'tau0': 5.420704371762057e-06, 'xi': 0.09688583805471983, 'q0': 0.31023948946680013, 'alpha': 0.7611440380801126, 'beta': 1.2418611307887504, 'rho': 0.4656758616586811, 'ants': 22}) and found best instance after 173.21875 seconds.
E1: {(128, 130), (232, 236), (7, 23), (132, 164), (81, 85), (188, 190), (3, 7), (180, 244), (206, 238), (164, 180), (237, 253), (0, 8), (82, 114), (121, 249), (172, 236), (8, 24), (206, 207), (53, 181), (128, 129), (128, 132), (7, 135), (82, 83), (206, 222), (212, 244), (180, 188), (173, 237), (105, 121), (221, 253), (46, 47), (39, 47), (236, 238), (45, 173), (6, 7), (249, 253), (240, 244), (128, 192), (89, 121), (81, 83), (180, 181), (81, 89), (164, 166), (82, 210), (173, 175), (78, 206), (7, 39), (0, 128), (236, 237), (45, 47), (172, 188)}
E2: {(64, 66), (193, 195), (32, 34), (32, 40), (132, 164), (188, 190), (193, 201), (82, 90), (101, 103), (180, 244), (164, 180), (64, 96), (193, 225), (103, 231), (1, 3), (156, 188), (157, 159), (128, 129), (128, 132), (64, 68), (193, 197), (32, 36), (82, 83), (163, 227), (212, 244), (180, 188), (188, 189), (157, 189), (170, 171), (17, 81), (1, 5), (244, 245), (1, 17), (36, 164), (226, 227), (32, 96), (18, 82), (81, 83), (81, 89), (164, 166), (163, 171), (195, 227), (171, 175), (171, 187), (129, 193), (103, 119), (227, 231), (66, 82)}
Obj: 27746

