Log for instance aco_tuning_out/inst27.txt.

Used ({'tau0': 2.3890526897386258e-06, 'xi': 0.09728269253474063, 'q0': 0.5264084644635578, 'alpha': 0.34480659763074994, 'beta': 1.2781748892293714, 'rho': 0.12380145068388254, 'ants': 25}) and found best instance after 279.671875 seconds.
E1: {(204, 220), (250, 254), (52, 116), (116, 244), (228, 244), (23, 31), (144, 208), (123, 127), (186, 250), (221, 223), (212, 220), (27, 31), (249, 251), (36, 52), (6, 14), (238, 254), (220, 221), (212, 244), (52, 54), (29, 31), (52, 60), (31, 95), (14, 30), (95, 223), (39, 47), (187, 251), (123, 251), (31, 63), (47, 63), (111, 127), (250, 251), (2, 34), (43, 47), (208, 209), (14, 142), (112, 113), (208, 212), (154, 186), (112, 116), (186, 190), (2, 3), (132, 134), (2, 6), (30, 31), (95, 127), (215, 223), (6, 134)}
E2: {(119, 127), (15, 143), (243, 251), (216, 218), (144, 208), (123, 127), (147, 179), (221, 223), (186, 250), (56, 58), (240, 242), (6, 14), (58, 186), (125, 127), (202, 218), (14, 15), (101, 117), (208, 216), (31, 95), (14, 30), (95, 223), (48, 56), (10, 14), (123, 251), (134, 166), (117, 125), (56, 57), (111, 127), (218, 250), (141, 143), (226, 242), (223, 255), (179, 243), (242, 250), (30, 31), (95, 127), (250, 251), (6, 134)}
Obj: 23604

