Log for instance aco_tuning_out/inst18.txt.

Used ({'tau0': 8.037069826251222e-06, 'xi': 0.09645020294268639, 'q0': 0.6378636958577493, 'alpha': 1.5874523603304216, 'beta': 1.117749324798499, 'rho': 0.3122873583242921, 'ants': 22}) and found best instance after 18.09375 seconds.
E1: {(128, 136), (136, 137), (82, 90), (58, 62), (150, 151), (0, 2), (128, 160), (87, 95), (2, 66), (252, 253), (1, 3), (85, 213), (62, 126), (197, 213), (45, 61), (209, 213), (6, 14), (82, 83), (147, 151), (245, 253), (31, 95), (0, 1), (39, 47), (31, 159), (46, 62), (83, 87), (10, 14), (1, 5), (2, 10), (29, 61), (213, 215), (110, 238), (151, 215), (137, 201), (47, 63), (81, 83), (54, 62), (107, 111), (213, 245), (99, 107), (46, 110), (80, 81), (57, 61), (0, 128), (9, 137), (45, 47), (62, 63), (66, 82), (31, 63), (151, 159), (47, 111)}
E2: {(128, 136), (136, 137), (154, 155), (232, 236), (56, 184), (72, 76), (108, 109), (91, 123), (168, 184), (147, 155), (35, 51), (86, 87), (150, 151), (206, 238), (0, 2), (128, 160), (101, 109), (210, 211), (87, 95), (108, 124), (28, 30), (83, 91), (114, 118), (252, 253), (172, 236), (40, 56), (76, 204), (83, 115), (147, 151), (35, 163), (245, 253), (221, 253), (70, 78), (89, 91), (31, 95), (0, 1), (204, 206), (83, 87), (10, 14), (1, 5), (2, 10), (244, 245), (76, 78), (54, 118), (240, 244), (24, 28), (81, 83), (147, 211), (51, 115), (76, 108), (60, 124), (204, 236), (118, 126), (14, 78), (113, 115), (14, 142), (80, 81), (66, 70), (0, 128), (70, 86), (9, 137), (136, 168), (83, 211), (30, 31), (86, 118), (236, 252)}
Obj: 32228

