Log for instance aco_tuning_out/inst09.txt.

Used ({'tau0': 5.888779735025123e-06, 'xi': 0.14210673593322504, 'q0': 0.5532221197439141, 'alpha': 1.4492226579119356, 'beta': 1.732090480737235, 'rho': 0.42744550361996797, 'ants': 10}) and found best instance after 3.875 seconds.
E1: {(166, 175), (81, 82), (43, 205), (39, 201), (175, 202), (179, 233), (176, 179), (176, 185), (84, 102), (236, 239), (172, 178), (172, 175), (185, 239), (24, 78), (39, 66), (121, 148), (81, 84), (82, 83), (147, 148), (84, 138), (120, 201), (21, 24), (3, 21), (121, 202), (175, 176), (66, 147), (81, 135), (177, 178), (224, 233), (14, 176), (202, 205), (0, 3), (3, 84), (83, 89), (138, 147), (148, 157), (223, 224)}
E2: {(166, 175), (33, 42), (4, 58), (39, 201), (19, 46), (162, 171), (171, 177), (208, 211), (29, 32), (29, 38), (59, 140), (176, 185), (171, 198), (185, 239), (45, 46), (39, 66), (103, 130), (149, 158), (140, 158), (19, 100), (133, 134), (120, 201), (58, 67), (36, 198), (86, 89), (127, 130), (127, 133), (100, 103), (38, 119), (196, 205), (157, 158), (175, 176), (36, 42), (110, 119), (46, 208), (196, 223), (146, 149), (137, 146), (158, 239), (205, 232), (146, 152), (0, 162), (104, 158), (86, 140), (110, 137), (178, 232), (103, 104), (4, 22), (66, 67), (19, 25), (19, 22), (36, 38), (33, 195), (175, 178)}
Obj: 33688

