Log for instance aco_tuning_out/inst12.txt.

Used ({'tau_0': 9.375317187382458e-06, 'xi': 0.1262899054888864, 'q0': 0.7055217120426633, 'alpha': 1.8010444237149952, 'beta': 1.3070739401200755, 'rho': 0.0819059266997208, 'ants': 15}) and found best instance after 25.09375 seconds.
E1: {(166, 175), (33, 42), (175, 202), (38, 41), (171, 198), (107, 134), (89, 107), (102, 104), (201, 202), (83, 164), (171, 173), (82, 83), (120, 201), (164, 173), (36, 198), (104, 107), (164, 182), (198, 201), (36, 42), (27, 36), (27, 45), (42, 43), (82, 91), (202, 211), (32, 41), (82, 109), (83, 89), (33, 195), (36, 38), (0, 27)}
E2: {(163, 164), (226, 232), (102, 129), (171, 177), (139, 157), (59, 140), (51, 132), (217, 226), (5, 86), (218, 236), (223, 232), (136, 139), (171, 173), (163, 166), (51, 52), (164, 173), (86, 89), (25, 52), (135, 137), (64, 226), (173, 200), (205, 214), (45, 51), (163, 217), (139, 140), (137, 140), (109, 136), (137, 146), (211, 214), (205, 232), (146, 152), (86, 140), (136, 217), (217, 218), (129, 132), (51, 78), (5, 32), (132, 134), (43, 205), (52, 214)}
Obj: 30542

