Log for instance aco_tuning_out/inst06.txt.

Used ({'tau_0': 3.0612586277534457e-06, 'xi': 0.1329622135219483, 'q0': 0.7756772068120196, 'alpha': 1.8931956829423289, 'beta': 1.9972080014998133, 'rho': 0.18753105830604566, 'ants': 22}) and found best instance after 24.390625 seconds.
E1: {(192, 194), (177, 181), (237, 253), (87, 95), (112, 240), (114, 115), (130, 194), (28, 30), (121, 249), (2, 130), (91, 95), (78, 110), (206, 207), (53, 181), (37, 45), (132, 148), (174, 175), (14, 46), (166, 174), (37, 39), (6, 14), (174, 190), (202, 206), (83, 115), (206, 222), (194, 202), (148, 180), (105, 121), (221, 253), (89, 91), (31, 95), (14, 30), (31, 159), (112, 114), (83, 87), (172, 174), (129, 145), (85, 87), (134, 166), (200, 202), (249, 253), (24, 28), (110, 238), (37, 53), (89, 121), (180, 181), (46, 110), (194, 210), (23, 87), (46, 174), (200, 232), (78, 206), (145, 177), (2, 3), (135, 151), (132, 134), (148, 212), (30, 31), (151, 159)}
E2: {(64, 66), (90, 91), (193, 195), (193, 201), (32, 40), (32, 34), (188, 190), (98, 226), (20, 148), (86, 87), (193, 225), (87, 95), (161, 163), (196, 197), (1, 3), (156, 188), (91, 95), (132, 148), (166, 174), (87, 119), (174, 175), (96, 97), (64, 68), (174, 190), (193, 197), (32, 36), (148, 180), (212, 244), (18, 22), (188, 189), (20, 22), (89, 91), (170, 171), (22, 86), (31, 95), (97, 101), (31, 159), (17, 145), (1, 5), (129, 145), (132, 196), (244, 245), (134, 166), (1, 17), (199, 231), (32, 96), (163, 171), (66, 98), (171, 187), (129, 193), (161, 225), (195, 199), (132, 134), (97, 225), (148, 212), (96, 98)}
Obj: 32552

