Log for instance aco_tuning_out/inst03.txt.

Used ({'tau_0': 5.7232384546733595e-06, 'xi': 0.1429672685027304, 'q0': 0.57445047410033, 'alpha': 1.4195433954167913, 'beta': 1.4047255855017542, 'rho': 0.4106053256096564, 'ants': 31}) and found best instance after 34.3125 seconds.
E1: {(76, 92), (232, 236), (136, 137), (108, 109), (219, 223), (155, 187), (211, 219), (147, 155), (101, 109), (210, 211), (87, 95), (135, 199), (65, 67), (49, 53), (187, 191), (221, 223), (206, 207), (149, 213), (76, 204), (87, 119), (136, 200), (202, 206), (108, 236), (20, 22), (20, 28), (67, 195), (49, 113), (95, 223), (113, 241), (207, 223), (155, 219), (240, 241), (200, 202), (209, 211), (24, 28), (175, 191), (76, 108), (228, 236), (200, 232), (38, 39), (38, 54), (9, 137), (209, 241), (195, 199), (49, 57), (28, 92), (36, 38), (195, 211), (68, 76), (22, 54), (209, 213)}
E2: {(177, 181), (15, 79), (32, 34), (193, 201), (196, 228), (15, 143), (107, 235), (58, 62), (43, 107), (5, 7), (181, 245), (216, 218), (128, 160), (210, 211), (40, 41), (114, 118), (148, 150), (172, 236), (198, 206), (132, 148), (192, 193), (32, 33), (128, 132), (9, 41), (193, 197), (32, 36), (206, 222), (166, 230), (33, 41), (148, 180), (154, 218), (41, 45), (32, 48), (79, 111), (118, 246), (17, 81), (143, 159), (132, 196), (7, 15), (128, 192), (32, 160), (42, 43), (180, 181), (81, 83), (228, 230), (226, 230), (107, 111), (230, 246), (62, 63), (99, 107), (42, 58), (228, 236), (40, 42), (107, 123), (218, 222), (0, 128), (210, 218), (196, 198), (83, 211)}
Obj: 33817

