Log for instance aco_tuning_out/inst21.txt.

Used ({'tau_0': 1.34326092400037e-06, 'xi': 0.13441645763893803, 'q0': 0.4083523399061119, 'alpha': 0.5070175800996563, 'beta': 0.9994669821848109, 'rho': 0.2873914507152631, 'ants': 17}) and found best instance after 74.640625 seconds.
E1: {(145, 146), (165, 219), (119, 200), (165, 167), (38, 41), (217, 223), (217, 226), (167, 185), (165, 166), (182, 185), (216, 217), (64, 226), (135, 216), (38, 119), (36, 45), (174, 177), (146, 152), (32, 41), (145, 226), (119, 146), (165, 174), (216, 219), (174, 228), (36, 38), (14, 41)}
E2: {(10, 37), (58, 59), (55, 136), (31, 32), (1, 55), (180, 207), (234, 236), (36, 37), (142, 223), (112, 130), (117, 120), (198, 200), (10, 91), (130, 157), (136, 142), (189, 195), (198, 207), (142, 143), (180, 182), (89, 143), (36, 198), (0, 1), (31, 58), (109, 112), (36, 45), (55, 58), (130, 211), (117, 198), (55, 64), (78, 240), (135, 136), (143, 152), (234, 240), (19, 25), (207, 234), (1, 10), (10, 19), (31, 112), (37, 43), (189, 198)}
Obj: 27566

