Log for instance aco_tuning_out/inst06.txt.

Used ({'tau_0': 6.7016855702575265e-06, 'xi': 0.11061032973207813, 'q0': 0.8522979141088549, 'alpha': 0.9933756089527778, 'beta': 1.0108153997499625, 'rho': 0.20257431029412304, 'ants': 17}) and found best instance after 22.703125 seconds.
E1: {(192, 194), (105, 107), (99, 103), (81, 85), (7, 23), (3, 7), (12, 13), (180, 244), (13, 45), (237, 253), (12, 28), (210, 211), (130, 194), (244, 246), (114, 118), (91, 95), (78, 110), (158, 222), (53, 181), (85, 213), (7, 71), (143, 175), (7, 135), (174, 190), (212, 244), (142, 143), (12, 76), (221, 253), (89, 91), (118, 246), (31, 95), (142, 158), (167, 175), (31, 159), (143, 159), (234, 238), (17, 81), (172, 174), (17, 145), (129, 145), (212, 213), (76, 78), (166, 167), (213, 221), (232, 234), (135, 167), (6, 7), (110, 238), (24, 28), (240, 244), (249, 253), (81, 83), (81, 89), (180, 181), (158, 190), (99, 107), (71, 103), (46, 110), (194, 210), (46, 174), (143, 207), (7, 39), (83, 211)}
E2: {(177, 181), (90, 91), (193, 195), (193, 201), (163, 167), (42, 170), (155, 187), (156, 158), (181, 245), (196, 197), (155, 159), (2, 66), (1, 3), (40, 56), (4, 36), (91, 95), (97, 101), (174, 175), (196, 212), (56, 58), (143, 175), (96, 97), (174, 190), (193, 197), (83, 115), (142, 143), (89, 91), (181, 189), (31, 95), (49, 113), (142, 158), (167, 175), (31, 159), (143, 159), (49, 177), (17, 81), (17, 145), (129, 145), (1, 5), (115, 119), (132, 196), (166, 167), (230, 231), (97, 113), (1, 17), (68, 196), (170, 174), (226, 230), (81, 83), (81, 89), (180, 181), (2, 34), (42, 58), (4, 132), (113, 115), (129, 193), (2, 3), (97, 225), (2, 18), (166, 230)}
Obj: 34489

