Log for instance aco_tuning_out/inst24.txt.

Used ({'tau0': 9.387858024888234e-06, 'xi': 0.14290215705758647, 'q0': 0.4917258290014144, 'alpha': 1.0227666505205433, 'beta': 1.168523363313268, 'rho': 0.2926263236671505, 'ants': 22}) and found best instance after 202.3125 seconds.
E1: {(76, 92), (154, 155), (15, 79), (171, 235), (188, 190), (243, 251), (44, 45), (50, 58), (43, 171), (0, 2), (40, 44), (248, 250), (141, 157), (128, 160), (155, 159), (40, 56), (220, 252), (2, 130), (240, 248), (74, 106), (220, 221), (44, 108), (128, 144), (12, 76), (92, 220), (78, 79), (248, 252), (139, 171), (74, 78), (2, 10), (76, 78), (235, 251), (74, 90), (56, 57), (71, 79), (2, 34), (76, 108), (188, 252), (139, 155), (0, 128), (10, 74), (157, 221), (34, 50), (250, 251)}
E2: {(90, 91), (183, 191), (155, 187), (147, 155), (229, 237), (0, 2), (87, 95), (146, 178), (155, 159), (187, 191), (157, 159), (91, 95), (53, 181), (88, 90), (166, 230), (146, 147), (74, 106), (128, 144), (181, 183), (191, 255), (88, 120), (89, 91), (144, 146), (0, 1), (165, 181), (178, 242), (114, 242), (1, 5), (2, 10), (85, 87), (222, 254), (230, 231), (74, 90), (63, 191), (199, 231), (56, 60), (226, 230), (175, 191), (180, 181), (2, 34), (228, 230), (226, 242), (165, 229), (254, 255), (0, 128), (195, 199), (10, 74), (157, 221), (56, 120)}
Obj: 26817

