Log for instance aco_tuning_out/inst18.txt.

Used ({'tau0': 4.426929263156353e-06, 'xi': 0.06025838234537617, 'q0': 0.705001489203017, 'alpha': 1.7379886783859488, 'beta': 1.7095931918554976, 'rho': 0.10716913974093385, 'ants': 23}) and found best instance after 35.90625 seconds.
E1: {(81, 85), (58, 62), (150, 151), (252, 253), (114, 118), (1, 9), (1, 3), (85, 213), (62, 126), (197, 213), (209, 213), (6, 70), (9, 41), (41, 45), (201, 217), (147, 151), (29, 31), (96, 98), (245, 253), (41, 57), (31, 95), (39, 47), (31, 159), (46, 62), (1, 5), (66, 74), (213, 215), (54, 118), (47, 111), (74, 90), (110, 238), (151, 215), (32, 96), (32, 160), (47, 63), (209, 217), (66, 98), (98, 99), (213, 245), (46, 110), (98, 114), (80, 81), (66, 70), (45, 47), (62, 63), (31, 63), (151, 159), (54, 62)}
E2: {(64, 66), (168, 172), (128, 136), (136, 137), (160, 168), (64, 72), (154, 158), (91, 123), (168, 184), (60, 62), (163, 179), (128, 160), (210, 211), (252, 253), (114, 118), (40, 56), (78, 110), (168, 232), (62, 126), (30, 158), (19, 51), (4, 5), (64, 80), (245, 253), (221, 253), (24, 56), (89, 91), (142, 158), (97, 101), (0, 4), (46, 62), (244, 245), (97, 113), (54, 118), (110, 238), (240, 244), (56, 60), (108, 110), (81, 83), (81, 89), (188, 252), (60, 188), (46, 110), (51, 179), (30, 62), (150, 158), (0, 64), (80, 81), (0, 128), (9, 137), (81, 113), (19, 83), (83, 211), (86, 118), (172, 188), (54, 62)}
Obj: 30152

