Log for instance aco_tuning_out/inst21.txt.

Used ({'tau0': 2.760703391532889e-06, 'xi': 0.11284095755067615, 'q0': 0.39431429333058177, 'alpha': 1.2851296972235255, 'beta': 1.3966465894197229, 'rho': 0.20591685095973755, 'ants': 13}) and found best instance after 11.515625 seconds.
E1: {(39, 201), (165, 167), (66, 228), (179, 233), (152, 233), (198, 200), (13, 14), (167, 194), (39, 66), (223, 232), (165, 166), (164, 167), (164, 173), (173, 179), (36, 198), (164, 182), (108, 135), (32, 194), (36, 45), (174, 177), (64, 67), (165, 174), (174, 201), (108, 189), (66, 67), (13, 67), (198, 201), (189, 198), (232, 233)}
E2: {(90, 91), (58, 59), (39, 201), (36, 117), (198, 225), (108, 109), (87, 89), (199, 205), (210, 211), (48, 51), (225, 227), (39, 48), (87, 168), (227, 236), (39, 66), (117, 123), (223, 232), (16, 25), (15, 96), (168, 186), (120, 201), (58, 67), (36, 198), (182, 188), (168, 195), (58, 76), (90, 117), (48, 50), (186, 188), (108, 135), (198, 199), (27, 36), (36, 45), (15, 16), (76, 157), (123, 150), (64, 67), (201, 210), (205, 232), (150, 152), (32, 50), (199, 200), (96, 123), (87, 96), (66, 67), (51, 78), (43, 205), (198, 201), (0, 27), (27, 108)}
Obj: 30103

