Log for instance aco_tuning_out/inst09.txt.

Used ({'tau0': 5.572049615801917e-06, 'xi': 0.06325004225542018, 'q0': 0.8461092587771804, 'alpha': 1.389681207393384, 'beta': 0.3366413033928038, 'rho': 0.4612946765120627, 'ants': 22}) and found best instance after 8.3125 seconds.
E1: {(166, 175), (81, 82), (3, 4), (4, 58), (0, 54), (159, 160), (216, 218), (217, 223), (84, 102), (218, 236), (97, 178), (186, 213), (96, 97), (81, 84), (82, 83), (213, 240), (177, 186), (72, 78), (58, 76), (43, 124), (55, 217), (135, 216), (175, 176), (153, 234), (55, 58), (76, 157), (151, 160), (14, 176), (54, 72), (72, 153), (217, 218), (96, 123), (3, 84), (234, 240), (159, 240), (124, 151), (83, 89), (216, 234), (175, 178), (97, 124), (120, 123)}
E2: {(81, 82), (28, 46), (3, 4), (4, 58), (162, 171), (212, 215), (58, 59), (171, 177), (160, 241), (29, 32), (51, 132), (151, 152), (45, 46), (34, 52), (39, 66), (6, 8), (81, 84), (83, 164), (82, 83), (171, 173), (223, 241), (211, 212), (156, 157), (214, 241), (51, 52), (3, 6), (164, 173), (25, 52), (58, 76), (31, 34), (28, 29), (39, 120), (31, 58), (4, 166), (66, 147), (76, 157), (151, 160), (33, 34), (0, 162), (3, 84), (132, 134), (33, 195), (214, 215), (8, 89), (157, 160), (28, 34), (138, 147), (138, 156)}
Obj: 34325

