Log for instance aco_tuning_out/inst30.txt.

Used ({'tau_0': 1.34326092400037e-06, 'xi': 0.13441645763893803, 'q0': 0.4083523399061119, 'alpha': 0.5070175800996563, 'beta': 0.9994669821848109, 'rho': 0.2873914507152631, 'ants': 17}) and found best instance after 169.03125 seconds.
E1: {(226, 235), (162, 168), (181, 187), (82, 163), (184, 211), (25, 187), (149, 152), (122, 131), (131, 134), (176, 203), (183, 184), (120, 122), (200, 203), (102, 183), (168, 177), (181, 235), (122, 149), (163, 181), (168, 195), (64, 226), (41, 203), (235, 236), (174, 183), (122, 203), (14, 176), (82, 91), (162, 163), (0, 162), (32, 41), (82, 109), (174, 176), (184, 187)}
E2: {(162, 168), (162, 180), (82, 163), (207, 209), (147, 228), (10, 64), (180, 207), (134, 161), (145, 148), (136, 145), (10, 91), (200, 209), (168, 177), (147, 148), (16, 25), (163, 166), (180, 182), (168, 195), (209, 236), (45, 207), (155, 161), (82, 91), (162, 163), (0, 162), (135, 136), (82, 109), (152, 161), (10, 16), (148, 157), (82, 136), (155, 236)}
Obj: 28732

