Log for instance aco_tuning_out/inst06.txt.

Used ({'tau_0': 8.753936472387218e-06, 'xi': 0.09720016068128765, 'q0': 0.8231293796694477, 'alpha': 0.5431396504147108, 'beta': 1.6359800101718294, 'rho': 0.1536282766541045, 'ants': 15}) and found best instance after 67.90625 seconds.
E1: {(128, 130), (232, 236), (188, 190), (180, 244), (206, 238), (29, 93), (237, 253), (39, 167), (82, 114), (2, 130), (83, 91), (172, 236), (206, 207), (174, 175), (166, 174), (14, 46), (45, 61), (6, 14), (128, 129), (174, 190), (82, 83), (105, 109), (206, 222), (212, 244), (180, 188), (221, 253), (89, 91), (83, 87), (172, 174), (236, 238), (28, 29), (29, 61), (85, 87), (166, 167), (45, 109), (135, 167), (109, 237), (53, 61), (240, 244), (249, 253), (24, 28), (128, 192), (82, 210), (46, 174), (23, 87), (78, 206), (236, 237), (2, 3), (89, 93), (2, 6)}
E2: {(90, 91), (193, 195), (193, 201), (32, 34), (162, 226), (32, 40), (98, 226), (188, 190), (181, 245), (193, 225), (196, 197), (1, 3), (187, 191), (83, 91), (156, 188), (196, 212), (166, 174), (174, 175), (96, 97), (174, 190), (193, 197), (32, 36), (82, 83), (83, 115), (162, 170), (188, 189), (180, 188), (89, 91), (97, 101), (1, 5), (132, 196), (115, 119), (230, 231), (68, 196), (1, 17), (32, 96), (226, 230), (18, 82), (175, 191), (162, 163), (66, 98), (180, 181), (129, 193), (1, 129), (97, 225), (66, 82), (166, 230), (159, 191), (96, 98)}
Obj: 29097

