Log for instance aco_tuning_out/inst24.txt.

Used ({'tau0': 5.341643627837584e-06, 'xi': 0.12828902895224037, 'q0': 0.5825040751853071, 'alpha': 1.680352012001748, 'beta': 1.7927432976473112, 'rho': 0.24781837895583786, 'ants': 32}) and found best instance after 38.484375 seconds.
E1: {(76, 92), (15, 79), (42, 106), (15, 143), (243, 251), (107, 235), (58, 62), (4, 12), (43, 107), (0, 2), (128, 160), (176, 240), (40, 41), (252, 253), (2, 130), (249, 251), (62, 190), (10, 42), (41, 45), (26, 90), (128, 144), (26, 154), (12, 76), (41, 57), (221, 253), (78, 79), (0, 4), (143, 159), (106, 107), (2, 10), (76, 78), (235, 251), (144, 176), (249, 253), (71, 79), (139, 143), (2, 34), (76, 108), (141, 143), (42, 58), (40, 42), (0, 128), (26, 58), (250, 251)}
E2: {(183, 191), (90, 91), (98, 226), (155, 187), (220, 222), (147, 155), (5, 7), (0, 2), (103, 231), (146, 178), (187, 191), (156, 188), (34, 98), (53, 117), (53, 181), (120, 122), (7, 71), (146, 147), (220, 221), (128, 144), (180, 188), (181, 183), (191, 255), (165, 181), (144, 146), (89, 91), (2, 10), (106, 122), (230, 231), (63, 191), (226, 227), (226, 230), (175, 191), (180, 181), (2, 34), (228, 230), (85, 117), (195, 227), (60, 188), (156, 220), (71, 103), (228, 236), (98, 114), (0, 128), (90, 122), (236, 237), (114, 122), (166, 230)}
Obj: 27436

