Log for instance aco_tuning_out/inst24.txt.

Used ({'tau_0': 5.449825531692064e-06, 'xi': 0.10463551100918586, 'q0': 0.3791032022582517, 'alpha': 1.5968901194470106, 'beta': 0.6682022659911173, 'rho': 0.3643260630360847, 'ants': 18}) and found best instance after 10.203125 seconds.
E1: {(76, 92), (128, 136), (42, 106), (32, 34), (32, 40), (41, 43), (136, 152), (107, 235), (58, 62), (82, 90), (13, 45), (152, 154), (0, 2), (67, 83), (144, 208), (40, 41), (2, 66), (252, 253), (57, 185), (2, 130), (186, 250), (6, 14), (62, 190), (82, 83), (41, 45), (83, 115), (220, 221), (12, 76), (221, 253), (14, 15), (144, 152), (152, 153), (14, 30), (31, 159), (106, 107), (34, 42), (131, 139), (208, 240), (13, 141), (32, 160), (153, 185), (2, 34), (12, 14), (76, 108), (70, 71), (42, 58), (130, 131), (0, 128), (66, 70), (66, 67), (186, 190), (115, 243), (2, 6), (92, 220), (30, 31)}
E2: {(55, 63), (82, 90), (164, 165), (164, 180), (0, 2), (44, 60), (146, 178), (251, 255), (253, 255), (198, 206), (53, 181), (120, 122), (231, 239), (88, 90), (82, 83), (59, 63), (206, 222), (164, 228), (181, 183), (221, 253), (88, 120), (144, 146), (0, 1), (194, 226), (83, 87), (239, 255), (10, 14), (2, 10), (1, 5), (106, 122), (123, 251), (85, 87), (53, 55), (88, 89), (18, 82), (146, 210), (82, 210), (59, 123), (237, 239), (147, 211), (59, 187), (194, 198), (2, 34), (180, 181), (12, 14), (194, 210), (164, 166), (122, 123), (114, 122), (2, 18), (83, 211), (12, 44), (195, 211), (175, 239)}
Obj: 32750

