Log for instance aco_tuning_out/inst21.txt.

Used ({'tau0': 9.119507042405133e-06, 'xi': 0.08312134642286392, 'q0': 0.652583610347572, 'alpha': 1.9538629702340153, 'beta': 0.5827075905861862, 'rho': 0.2829709186785237, 'ants': 20}) and found best instance after 8.015625 seconds.
E1: {(166, 175), (185, 188), (226, 232), (226, 229), (175, 202), (64, 145), (176, 185), (135, 144), (198, 200), (223, 232), (36, 198), (182, 188), (144, 146), (27, 30), (30, 32), (175, 176), (27, 36), (174, 177), (27, 45), (14, 176), (146, 152), (145, 226), (174, 201), (144, 145), (201, 228), (202, 229), (174, 176), (198, 201)}
E2: {(1, 28), (43, 205), (28, 46), (58, 59), (175, 202), (64, 145), (135, 138), (179, 233), (29, 32), (176, 185), (153, 156), (178, 179), (236, 239), (76, 79), (152, 233), (185, 239), (45, 46), (1, 82), (121, 148), (195, 213), (223, 232), (145, 148), (28, 109), (82, 83), (83, 164), (145, 154), (103, 157), (182, 185), (164, 173), (58, 67), (67, 76), (78, 79), (0, 1), (100, 103), (173, 200), (28, 29), (121, 202), (205, 214), (175, 176), (31, 58), (25, 79), (120, 121), (211, 214), (205, 232), (178, 232), (67, 148), (153, 154), (91, 145), (100, 154), (83, 89), (213, 214), (28, 31), (175, 178), (138, 156)}
Obj: 31062

