Log for instance aco_tuning_out/inst12.txt.

Used ({'tau0': 3.0001635742109975e-06, 'xi': 0.10185978321027386, 'q0': 0.44627514452798456, 'alpha': 0.42223734675301555, 'beta': 0.774592723916731, 'rho': 0.08073686501278173, 'ants': 8}) and found best instance after 158.53125 seconds.
E1: {(1, 28), (111, 120), (111, 129), (166, 193), (102, 129), (129, 131), (27, 28), (131, 134), (34, 43), (1, 82), (192, 193), (83, 164), (28, 109), (82, 83), (111, 192), (0, 1), (164, 182), (27, 30), (30, 32), (192, 195), (27, 45), (82, 91), (30, 111), (193, 211), (83, 89), (28, 34)}
E2: {(58, 59), (162, 171), (37, 64), (166, 193), (171, 177), (217, 220), (171, 198), (142, 223), (36, 37), (102, 156), (58, 220), (198, 200), (162, 216), (218, 236), (136, 142), (156, 157), (79, 160), (142, 143), (133, 134), (89, 143), (36, 198), (78, 79), (216, 217), (135, 216), (36, 45), (25, 79), (109, 136), (193, 211), (136, 217), (217, 218), (193, 220), (32, 59), (143, 152), (142, 160), (133, 160), (157, 160), (37, 43)}
Obj: 28174

