Log for instance aco_tuning_out/inst12.txt.

Used ({'tau_0': 9.701809206152345e-06, 'xi': 0.09407325991753526, 'q0': 0.3044948820351523, 'alpha': 1.8442079342859672, 'beta': 1.893720745386587, 'rho': 0.3120024078765271, 'ants': 29}) and found best instance after 20.71875 seconds.
E1: {(45, 126), (203, 212), (41, 122), (6, 33), (87, 89), (121, 124), (126, 132), (166, 220), (117, 120), (117, 126), (136, 139), (136, 145), (211, 212), (181, 235), (6, 87), (145, 154), (99, 102), (118, 124), (33, 114), (43, 124), (139, 220), (99, 126), (118, 145), (114, 132), (122, 203), (91, 118), (109, 136), (32, 41), (181, 182), (154, 235), (121, 122), (0, 6), (132, 134), (33, 195), (117, 118)}
E2: {(154, 155), (165, 219), (45, 126), (99, 100), (5, 59), (151, 232), (73, 154), (222, 231), (121, 124), (121, 130), (5, 86), (152, 233), (121, 148), (231, 233), (223, 232), (200, 206), (165, 166), (99, 102), (7, 25), (126, 128), (86, 89), (43, 124), (135, 216), (86, 113), (113, 131), (127, 154), (177, 231), (60, 222), (128, 131), (130, 211), (109, 127), (128, 134), (100, 127), (64, 73), (82, 88), (206, 233), (7, 88), (128, 155), (82, 100), (130, 131), (216, 219), (60, 78), (216, 222), (124, 151), (5, 32), (148, 157), (232, 233), (155, 236)}
Obj: 33475

