Log for instance aco_tuning_out/inst30.txt.

Used ({'tau0': 1.3763468429827451e-06, 'xi': 0.13059886401904963, 'q0': 0.7970081104032578, 'alpha': 0.9961946895439933, 'beta': 0.8455334921092874, 'rho': 0.2687684260652423, 'ants': 32}) and found best instance after 26.5625 seconds.
E1: {(39, 201), (162, 171), (226, 229), (226, 235), (20, 23), (64, 145), (179, 233), (171, 198), (20, 47), (23, 104), (152, 233), (102, 104), (201, 202), (171, 173), (120, 201), (47, 128), (173, 179), (39, 41), (191, 197), (191, 200), (195, 197), (173, 200), (118, 145), (235, 236), (19, 20), (109, 118), (177, 179), (128, 134), (91, 118), (0, 162), (32, 41), (202, 211), (145, 226), (14, 23), (202, 229), (19, 25), (14, 41), (198, 201)}
E2: {(166, 175), (145, 146), (162, 171), (162, 168), (228, 229), (64, 145), (179, 233), (92, 146), (19, 73), (171, 198), (175, 229), (152, 233), (145, 148), (136, 145), (92, 173), (148, 229), (171, 173), (173, 179), (168, 195), (173, 182), (45, 207), (118, 145), (173, 200), (109, 118), (177, 179), (128, 134), (64, 73), (146, 155), (91, 118), (0, 162), (128, 155), (135, 136), (19, 25), (148, 157), (198, 207), (155, 236)}
Obj: 31580

