Log for instance aco_tuning_out/inst09.txt.

Used ({'tau0': 1.6998009274389792e-06, 'xi': 0.07574288908876978, 'q0': 0.3437997878588728, 'alpha': 0.9960324515524092, 'beta': 0.6033193519507508, 'rho': 0.22849098583736227, 'ants': 30}) and found best instance after 21.8125 seconds.
E1: {(166, 175), (43, 205), (87, 89), (176, 185), (236, 239), (0, 81), (185, 239), (24, 78), (97, 178), (96, 97), (81, 87), (24, 105), (94, 148), (196, 205), (175, 176), (175, 178), (81, 135), (178, 205), (96, 105), (196, 223), (14, 176), (94, 175), (87, 96), (96, 123), (102, 105), (148, 157), (177, 178), (120, 123)}
E2: {(120, 129), (4, 58), (3, 4), (58, 59), (34, 196), (179, 233), (116, 134), (50, 131), (129, 131), (196, 197), (131, 134), (152, 233), (89, 116), (130, 157), (7, 25), (7, 34), (116, 197), (4, 166), (130, 211), (196, 223), (224, 233), (177, 179), (4, 7), (197, 224), (32, 50), (130, 131), (0, 3), (195, 196), (45, 47), (47, 50)}
Obj: 26151

