Log for instance aco_tuning_out/inst30.txt.

Used ({'tau0': 9.387858024888234e-06, 'xi': 0.14290215705758647, 'q0': 0.4917258290014144, 'alpha': 1.0227666505205433, 'beta': 1.168523363313268, 'rho': 0.2926263236671505, 'ants': 22}) and found best instance after 48.703125 seconds.
E1: {(81, 82), (29, 32), (29, 38), (107, 134), (11, 14), (121, 130), (87, 168), (227, 233), (152, 233), (0, 81), (227, 236), (103, 130), (64, 65), (28, 109), (11, 38), (168, 177), (81, 87), (168, 195), (200, 227), (11, 65), (106, 107), (100, 103), (28, 29), (100, 106), (102, 103), (91, 100), (130, 211), (120, 121), (65, 227), (25, 106), (82, 100), (82, 109)}
E2: {(1, 28), (219, 220), (162, 171), (162, 168), (171, 180), (139, 157), (10, 64), (171, 198), (140, 143), (131, 134), (166, 220), (198, 200), (140, 158), (28, 109), (10, 91), (219, 222), (131, 158), (16, 25), (168, 177), (180, 182), (219, 228), (36, 198), (168, 195), (135, 137), (0, 1), (139, 220), (168, 222), (36, 45), (139, 140), (137, 140), (0, 162), (182, 236), (143, 152), (10, 16), (1, 10)}
Obj: 30705

