Log for instance aco_tuning_out/inst03.txt.

Used ({'tau_0': 6.233831045293282e-06, 'xi': 0.10451661342493951, 'q0': 0.8893124268375978, 'alpha': 1.349306787935924, 'beta': 0.6109712049564031, 'rho': 0.46309129670203547, 'ants': 8}) and found best instance after 4.796875 seconds.
E1: {(177, 181), (105, 107), (146, 178), (244, 246), (114, 118), (156, 188), (148, 150), (87, 119), (146, 150), (105, 109), (147, 151), (20, 22), (31, 95), (112, 114), (31, 159), (149, 151), (68, 196), (32, 96), (24, 28), (0, 64), (0, 128), (151, 159), (136, 137), (108, 109), (147, 155), (0, 2), (210, 211), (114, 115), (92, 94), (132, 148), (64, 68), (10, 42), (20, 28), (78, 79), (97, 101), (167, 175), (132, 196), (230, 231), (135, 167), (56, 57), (76, 108), (188, 252), (98, 114), (9, 137), (30, 31), (96, 98), (47, 111), (200, 201), (193, 195), (155, 187), (211, 219), (86, 87), (228, 244), (87, 95), (97, 105), (187, 191), (76, 204), (73, 77), (32, 36), (221, 253), (49, 113), (49, 177), (2, 10), (76, 78), (199, 231), (105, 233), (42, 58), (200, 232), (78, 206), (196, 198), (79, 207), (128, 136), (193, 201), (20, 148), (201, 233), (112, 240), (252, 253), (65, 73), (198, 206), (53, 181), (30, 94), (56, 58), (83, 115), (22, 86), (39, 47), (28, 156), (198, 199), (54, 118), (200, 202), (175, 191), (230, 246), (50, 114), (50, 178), (107, 111), (113, 115), (76, 77), (83, 211)}
E2: {(105, 107), (146, 178), (244, 246), (148, 150), (105, 109), (61, 63), (90, 218), (20, 22), (14, 15), (31, 95), (31, 159), (0, 16), (29, 61), (166, 167), (32, 96), (24, 28), (42, 43), (32, 160), (2, 34), (59, 123), (33, 49), (0, 128), (136, 137), (90, 94), (108, 109), (216, 218), (0, 2), (210, 211), (114, 115), (1, 3), (132, 148), (10, 42), (198, 230), (167, 175), (1, 5), (132, 196), (128, 192), (76, 108), (98, 114), (9, 137), (30, 31), (96, 98), (8, 40), (146, 154), (50, 58), (86, 87), (43, 171), (87, 95), (187, 191), (8, 24), (174, 175), (45, 61), (128, 132), (193, 197), (32, 36), (49, 113), (49, 177), (10, 14), (172, 174), (244, 245), (2, 10), (28, 29), (76, 78), (137, 201), (3, 11), (42, 58), (78, 206), (16, 48), (196, 198), (128, 136), (193, 201), (58, 59), (171, 235), (20, 148), (9, 11), (0, 8), (198, 206), (30, 94), (83, 115), (206, 222), (148, 180), (22, 86), (17, 81), (226, 230), (175, 191), (81, 83), (50, 114), (230, 246), (107, 111), (50, 178), (99, 107), (113, 115), (171, 187), (83, 211)}
Obj: 47999

