Log for instance aco_tuning_out/inst15.txt.

Used ({'tau_0': 3.023061298280671e-06, 'xi': 0.05271286661722294, 'q0': 0.5077385132207571, 'alpha': 0.4440555976676415, 'beta': 1.176945645340894, 'rho': 0.3517258170055353, 'ants': 22}) and found best instance after 66.9375 seconds.
E1: {(171, 174), (162, 171), (162, 168), (64, 145), (171, 198), (145, 148), (171, 173), (195, 222), (118, 124), (43, 124), (173, 182), (173, 200), (118, 145), (168, 222), (109, 118), (174, 177), (60, 222), (117, 198), (91, 118), (60, 78), (174, 228), (117, 118), (148, 157)}
E2: {(166, 175), (72, 73), (54, 135), (109, 190), (0, 54), (43, 52), (208, 211), (190, 208), (209, 215), (51, 52), (173, 176), (25, 52), (209, 236), (173, 182), (134, 215), (195, 197), (182, 209), (173, 200), (45, 51), (175, 176), (89, 170), (174, 177), (72, 74), (197, 215), (14, 176), (64, 73), (54, 72), (74, 236), (45, 72), (208, 209), (32, 59), (59, 77), (74, 77), (51, 78), (174, 228), (174, 176), (170, 197)}
Obj: 25873

