Log for instance aco_tuning_out/inst24.txt.

Used ({'tau0': 4.5971794894411765e-06, 'xi': 0.07935886436067696, 'q0': 0.6133148179425765, 'alpha': 0.959591163017489, 'beta': 1.7442602148622774, 'rho': 0.32248764047634604, 'ants': 29}) and found best instance after 31.921875 seconds.
E1: {(76, 92), (42, 106), (15, 143), (99, 103), (243, 251), (12, 13), (13, 45), (0, 2), (176, 240), (57, 121), (252, 253), (2, 130), (186, 250), (121, 249), (122, 250), (249, 251), (10, 42), (224, 240), (160, 176), (99, 227), (12, 76), (221, 253), (14, 15), (143, 159), (10, 14), (2, 10), (106, 122), (235, 251), (144, 176), (249, 253), (13, 141), (226, 227), (224, 226), (42, 43), (139, 143), (2, 34), (76, 108), (141, 143), (71, 103), (42, 58), (40, 42), (154, 186), (90, 122), (186, 190), (227, 243), (250, 251)}
E2: {(90, 91), (183, 191), (4, 6), (60, 62), (151, 183), (187, 191), (221, 223), (91, 95), (53, 181), (120, 122), (85, 213), (231, 239), (6, 14), (166, 230), (4, 5), (147, 151), (181, 183), (191, 255), (89, 91), (165, 181), (95, 223), (10, 14), (2, 10), (106, 122), (213, 221), (230, 231), (63, 191), (226, 227), (226, 230), (175, 191), (180, 181), (50, 114), (237, 239), (2, 34), (50, 178), (195, 227), (222, 223), (145, 147), (228, 230), (144, 145), (223, 255), (90, 122), (114, 122), (62, 63), (34, 50), (175, 239)}
Obj: 27267

