Log for instance aco_tuning_out/inst15.txt.

Used ({'tau0': 5.7232384546733595e-06, 'xi': 0.1429672685027304, 'q0': 0.57445047410033, 'alpha': 1.4195433954167913, 'beta': 1.4047255855017542, 'rho': 0.4106053256096564, 'ants': 31}) and found best instance after 20.484375 seconds.
E1: {(226, 232), (179, 206), (159, 160), (147, 228), (144, 147), (78, 159), (205, 206), (34, 43), (157, 160), (200, 206), (154, 160), (145, 154), (182, 188), (64, 226), (118, 145), (109, 118), (177, 179), (33, 34), (91, 118), (205, 232), (145, 226), (144, 145), (179, 188), (33, 195), (43, 205)}
E2: {(166, 175), (185, 188), (4, 58), (3, 4), (58, 59), (84, 87), (228, 229), (87, 89), (43, 52), (33, 51), (29, 32), (176, 185), (27, 28), (135, 153), (175, 229), (67, 229), (200, 206), (28, 109), (51, 52), (58, 67), (182, 188), (177, 204), (25, 52), (134, 215), (204, 206), (27, 33), (175, 176), (72, 74), (27, 45), (206, 215), (14, 176), (64, 67), (74, 236), (45, 72), (72, 153), (229, 238), (0, 3), (3, 84), (211, 238), (188, 215), (51, 78), (33, 195), (27, 29), (0, 27)}
Obj: 28284

