Log for instance aco_tuning_out/inst15.txt.

Used ({'tau_0': 4.020220899909005e-06, 'xi': 0.13174644598316573, 'q0': 0.6110235189733683, 'alpha': 1.6598844502421457, 'beta': 1.4439786122174993, 'rho': 0.18623233223962188, 'ants': 32}) and found best instance after 68.953125 seconds.
E1: {(39, 201), (66, 228), (199, 205), (176, 185), (66, 69), (199, 226), (39, 66), (201, 202), (121, 148), (182, 185), (64, 226), (121, 202), (196, 205), (109, 118), (174, 177), (91, 118), (202, 205), (174, 201), (199, 200), (69, 78), (195, 196), (118, 199), (43, 205), (174, 176), (148, 157)}
E2: {(47, 53), (39, 201), (162, 165), (109, 190), (37, 64), (162, 168), (14, 68), (66, 228), (208, 211), (190, 199), (234, 236), (135, 153), (190, 208), (39, 66), (30, 39), (165, 166), (168, 195), (209, 236), (66, 68), (26, 53), (182, 209), (198, 199), (30, 32), (153, 234), (89, 170), (174, 177), (168, 170), (78, 240), (53, 134), (0, 162), (59, 68), (174, 201), (208, 209), (199, 200), (37, 199), (165, 174), (234, 240), (47, 209), (45, 47), (37, 43), (198, 201), (25, 26)}
Obj: 26889

