Log for instance aco_tuning_out/inst18.txt.

Used ({'tau0': 6.916816029978271e-06, 'xi': 0.13109583259981678, 'q0': 0.7096508529113955, 'alpha': 0.8294099029859726, 'beta': 1.23731470593669, 'rho': 0.12314043168046776, 'ants': 23}) and found best instance after 216.734375 seconds.
E1: {(232, 236), (193, 201), (58, 59), (81, 85), (160, 168), (13, 45), (5, 13), (150, 151), (228, 244), (1, 3), (78, 110), (85, 213), (62, 126), (197, 213), (209, 213), (6, 14), (168, 232), (110, 126), (193, 197), (59, 63), (13, 29), (147, 151), (31, 95), (57, 59), (39, 47), (31, 159), (9, 13), (74, 78), (236, 238), (244, 245), (66, 74), (1, 5), (213, 215), (74, 90), (110, 238), (151, 215), (47, 63), (54, 62), (107, 111), (213, 245), (99, 107), (46, 110), (228, 236), (14, 78), (80, 81), (45, 47), (62, 63), (236, 252), (151, 159), (47, 111)}
E2: {(232, 236), (160, 168), (154, 158), (168, 184), (163, 179), (5, 7), (228, 244), (252, 253), (28, 30), (172, 236), (78, 110), (30, 158), (62, 126), (168, 232), (6, 14), (110, 126), (82, 86), (73, 89), (28, 60), (221, 253), (80, 82), (49, 113), (14, 30), (142, 158), (40, 168), (97, 101), (74, 78), (236, 238), (244, 245), (66, 74), (97, 113), (6, 7), (72, 74), (240, 244), (110, 238), (24, 28), (108, 110), (82, 210), (81, 89), (51, 179), (228, 236), (14, 78), (150, 158), (9, 73), (80, 81), (81, 113), (49, 51), (122, 126), (122, 123), (114, 122), (66, 82), (236, 252), (54, 62)}
Obj: 28180

