Log for instance aco_tuning_out/inst15.txt.

Used ({'tau_0': 4.426929263156353e-06, 'xi': 0.06025838234537617, 'q0': 0.705001489203017, 'alpha': 1.7379886783859488, 'beta': 1.7095931918554976, 'rho': 0.10716913974093385, 'ants': 23}) and found best instance after 31.25 seconds.
E1: {(231, 240), (199, 205), (195, 204), (121, 148), (180, 234), (204, 231), (180, 182), (228, 231), (177, 204), (118, 121), (109, 118), (64, 67), (91, 118), (78, 240), (199, 200), (67, 148), (234, 240), (204, 205), (118, 199), (43, 205), (148, 157)}
E2: {(226, 232), (166, 184), (171, 177), (66, 228), (32, 113), (184, 211), (116, 134), (234, 236), (75, 78), (66, 75), (135, 153), (183, 184), (21, 183), (83, 164), (171, 173), (72, 75), (21, 24), (164, 173), (12, 21), (191, 197), (86, 89), (200, 227), (113, 116), (66, 68), (164, 182), (64, 226), (195, 197), (164, 191), (86, 113), (153, 234), (109, 112), (24, 25), (226, 227), (21, 75), (9, 171), (59, 68), (173, 227), (205, 232), (45, 72), (12, 14), (72, 153), (112, 113), (9, 12), (0, 9), (83, 86), (43, 205)}
Obj: 26648

