Log for instance aco_tuning_out/inst27.txt.

Used ({'tau0': 8.93751488559124e-06, 'xi': 0.07498280708831719, 'q0': 0.7003533283222684, 'alpha': 1.84655149702223, 'beta': 0.36999618301213544, 'rho': 0.353807119950786, 'ants': 24}) and found best instance after 11.0 seconds.
E1: {(105, 107), (154, 158), (32, 34), (146, 154), (12, 13), (206, 238), (43, 171), (5, 13), (12, 28), (87, 95), (97, 105), (121, 249), (187, 191), (114, 118), (1, 3), (27, 31), (198, 206), (158, 222), (174, 175), (76, 204), (249, 251), (96, 97), (174, 190), (32, 36), (206, 222), (108, 236), (12, 76), (116, 124), (105, 121), (221, 253), (144, 146), (31, 95), (142, 158), (112, 114), (39, 47), (1, 5), (187, 251), (132, 196), (213, 215), (213, 221), (76, 78), (54, 118), (47, 111), (63, 191), (28, 29), (249, 253), (32, 96), (175, 191), (107, 111), (158, 190), (76, 108), (60, 124), (228, 236), (23, 87), (171, 187), (112, 113), (78, 206), (112, 116), (113, 121), (196, 198), (30, 31), (31, 63), (250, 251), (209, 213)}
E2: {(105, 107), (58, 59), (243, 251), (101, 103), (147, 155), (211, 219), (12, 13), (125, 253), (153, 217), (48, 176), (253, 255), (249, 251), (109, 125), (6, 14), (166, 230), (202, 206), (83, 115), (105, 109), (10, 42), (194, 202), (12, 76), (221, 253), (14, 15), (217, 219), (216, 217), (208, 216), (57, 59), (103, 111), (14, 30), (194, 226), (155, 219), (10, 14), (115, 119), (76, 78), (144, 176), (208, 240), (249, 253), (13, 141), (226, 230), (145, 153), (59, 123), (107, 111), (144, 145), (42, 58), (14, 78), (107, 123), (217, 221), (78, 206), (83, 211), (250, 251)}
Obj: 33042

