Log for instance aco_tuning_out/inst15.txt.

Used ({'tau0': 4.498936448740942e-06, 'xi': 0.13853729626942535, 'q0': 0.527822666374638, 'alpha': 1.6196713237028468, 'beta': 0.6656100225587412, 'rho': 0.18622598889901743, 'ants': 24}) and found best instance after 15.109375 seconds.
E1: {(99, 100), (199, 205), (78, 159), (195, 204), (199, 226), (204, 231), (180, 182), (103, 157), (228, 231), (150, 159), (64, 226), (100, 103), (91, 100), (109, 118), (177, 231), (91, 118), (199, 200), (99, 180), (150, 231), (204, 205), (118, 199), (43, 205)}
E2: {(83, 110), (226, 232), (162, 171), (5, 59), (171, 177), (166, 193), (151, 232), (159, 160), (171, 198), (109, 110), (78, 159), (198, 200), (83, 164), (162, 164), (79, 160), (164, 167), (36, 198), (43, 124), (172, 226), (164, 182), (64, 226), (108, 135), (166, 167), (36, 45), (25, 79), (5, 167), (151, 160), (128, 134), (171, 172), (0, 162), (182, 236), (110, 128), (193, 211), (201, 228), (5, 14), (108, 189), (83, 89), (124, 151), (5, 32), (189, 195), (198, 201), (189, 198)}
Obj: 26855

