Log for instance aco_tuning_out/inst03.txt.

Used ({'tau0': 9.84719681858141e-06, 'xi': 0.07010842379960239, 'q0': 0.6134461647846249, 'alpha': 1.8618032848172066, 'beta': 0.8495777604552623, 'rho': 0.35523900559656113, 'ants': 21}) and found best instance after 11.640625 seconds.
E1: {(128, 136), (136, 137), (132, 164), (155, 187), (220, 222), (211, 219), (84, 212), (20, 148), (147, 155), (228, 244), (210, 211), (104, 105), (39, 167), (97, 105), (131, 195), (187, 191), (131, 135), (132, 148), (68, 84), (64, 65), (76, 204), (128, 132), (64, 68), (202, 206), (65, 97), (206, 222), (202, 203), (212, 244), (220, 221), (52, 54), (164, 228), (83, 115), (84, 92), (49, 113), (97, 101), (104, 232), (0, 16), (115, 119), (20, 52), (76, 78), (148, 149), (195, 203), (36, 164), (135, 167), (240, 244), (16, 24), (175, 191), (203, 207), (52, 53), (203, 219), (113, 115), (78, 206), (0, 128), (9, 137), (49, 57), (83, 211), (131, 147), (68, 76)}
E2: {(128, 136), (136, 137), (177, 181), (32, 34), (58, 59), (193, 201), (154, 158), (98, 226), (156, 158), (43, 107), (181, 245), (216, 218), (0, 2), (29, 157), (210, 211), (17, 21), (156, 188), (148, 150), (157, 159), (158, 222), (132, 148), (192, 193), (148, 156), (45, 61), (192, 196), (32, 33), (145, 209), (193, 197), (10, 42), (32, 36), (59, 63), (26, 90), (137, 153), (90, 218), (61, 63), (48, 50), (10, 11), (5, 21), (2, 10), (132, 196), (29, 61), (123, 251), (235, 251), (209, 211), (32, 96), (128, 192), (42, 43), (32, 160), (145, 153), (2, 34), (50, 114), (59, 123), (107, 111), (180, 181), (166, 182), (99, 107), (42, 58), (21, 29), (40, 42), (98, 114), (0, 128), (26, 58), (9, 137), (145, 177), (196, 198), (11, 15), (150, 182), (172, 188), (96, 98)}
Obj: 37964

