Log for instance aco_tuning_out/inst15.txt.

Used ({'tau_0': 1.7311092028219667e-06, 'xi': 0.08252852050291277, 'q0': 0.30102382451999166, 'alpha': 1.4307200972470873, 'beta': 1.366990204180299, 'rho': 0.3910589486840866, 'ants': 12}) and found best instance after 5.8125 seconds.
E1: {(43, 205), (88, 97), (37, 64), (179, 233), (147, 228), (178, 179), (97, 178), (240, 242), (37, 118), (136, 145), (147, 148), (173, 179), (173, 182), (233, 242), (94, 148), (173, 200), (118, 145), (196, 205), (91, 97), (178, 205), (177, 179), (78, 240), (109, 136), (94, 175), (82, 88), (195, 196), (175, 178), (148, 157), (82, 136)}
E2: {(188, 242), (185, 188), (81, 82), (88, 97), (5, 59), (162, 168), (15, 42), (64, 145), (42, 69), (40, 41), (167, 185), (25, 187), (109, 110), (236, 242), (5, 86), (198, 200), (97, 178), (186, 213), (81, 84), (136, 145), (168, 177), (211, 212), (232, 241), (168, 186), (182, 185), (12, 15), (228, 237), (84, 86), (36, 198), (210, 213), (40, 43), (134, 215), (186, 188), (36, 42), (27, 33), (213, 215), (166, 167), (27, 36), (88, 89), (210, 237), (86, 113), (110, 113), (27, 45), (81, 135), (42, 43), (0, 162), (32, 41), (12, 14), (178, 232), (69, 78), (187, 241), (15, 177), (86, 167), (33, 195), (212, 215), (82, 136), (241, 242)}
Obj: 32581

