Log for instance aco_tuning_out/inst24.txt.

Used ({'tau0': 9.493726088905091e-06, 'xi': 0.11484843759454823, 'q0': 0.6111218433796399, 'alpha': 1.5748339874818995, 'beta': 1.6004495863491173, 'rho': 0.40117280761880736, 'ants': 26}) and found best instance after 12.90625 seconds.
E1: {(76, 92), (154, 158), (99, 103), (243, 251), (12, 13), (99, 115), (0, 2), (128, 160), (114, 115), (252, 253), (2, 130), (240, 242), (45, 61), (249, 251), (13, 29), (58, 122), (10, 42), (26, 90), (128, 144), (142, 143), (12, 76), (26, 154), (221, 253), (14, 15), (142, 158), (143, 159), (114, 242), (10, 14), (2, 10), (29, 61), (106, 122), (235, 251), (249, 253), (13, 141), (42, 43), (139, 143), (2, 34), (158, 190), (76, 108), (141, 143), (71, 103), (42, 58), (40, 42), (57, 61), (26, 58), (0, 128), (114, 122), (242, 250), (115, 243)}
E2: {(183, 191), (154, 158), (146, 154), (156, 158), (147, 155), (237, 253), (0, 2), (155, 159), (146, 178), (187, 191), (91, 95), (253, 255), (158, 222), (53, 181), (120, 122), (85, 213), (10, 42), (58, 122), (26, 90), (26, 154), (28, 60), (181, 183), (221, 253), (191, 255), (89, 91), (159, 191), (31, 95), (165, 181), (144, 146), (31, 159), (28, 156), (0, 1), (1, 5), (2, 10), (106, 122), (166, 167), (230, 231), (213, 221), (199, 231), (226, 230), (175, 191), (180, 181), (2, 34), (228, 230), (42, 58), (26, 58), (167, 183), (195, 199), (114, 122), (166, 230), (158, 159), (31, 63)}
Obj: 28471

