Log for instance aco_tuning_out/inst06.txt.

Used ({'tau_0': 9.926534885232458e-06, 'xi': 0.06692036828162971, 'q0': 0.3019379808030227, 'alpha': 1.9521308295520166, 'beta': 1.4674217120935573, 'rho': 0.15756254670228562, 'ants': 22}) and found best instance after 25.921875 seconds.
E1: {(128, 130), (168, 172), (81, 85), (220, 222), (20, 148), (22, 23), (210, 211), (112, 240), (1, 3), (121, 249), (212, 220), (5, 37), (78, 110), (37, 39), (37, 45), (158, 222), (83, 211), (174, 175), (166, 174), (128, 129), (168, 232), (143, 175), (174, 190), (105, 109), (25, 89), (220, 221), (148, 180), (105, 121), (20, 22), (135, 143), (112, 114), (1, 5), (172, 174), (45, 109), (45, 173), (109, 237), (24, 25), (110, 238), (37, 53), (89, 121), (128, 192), (81, 83), (81, 89), (6, 22), (158, 190), (46, 110), (173, 175), (46, 174), (143, 207), (112, 113), (81, 113), (1, 129), (148, 212)}
E2: {(193, 195), (193, 201), (32, 34), (32, 40), (82, 90), (101, 103), (156, 158), (163, 179), (193, 225), (103, 231), (196, 197), (2, 66), (1, 3), (187, 191), (179, 187), (189, 191), (196, 212), (174, 175), (166, 174), (193, 197), (32, 36), (163, 227), (180, 182), (229, 245), (225, 229), (17, 81), (170, 174), (1, 5), (132, 196), (68, 196), (1, 17), (226, 227), (32, 96), (175, 191), (81, 89), (2, 34), (166, 182), (195, 227), (158, 190), (101, 229), (182, 190), (129, 193), (103, 119), (1, 129), (2, 3), (2, 18), (66, 82), (159, 191)}
Obj: 30030

