Log for instance aco_tuning_out/inst12.txt.

Used ({'tau0': 8.524494344253886e-06, 'xi': 0.09819260408139344, 'q0': 0.8088391626043536, 'alpha': 1.5978494389623978, 'beta': 0.3615392099783453, 'rho': 0.32122496368584613, 'ants': 32}) and found best instance after 17.734375 seconds.
E1: {(83, 110), (81, 82), (28, 46), (166, 175), (33, 42), (84, 87), (87, 89), (31, 32), (84, 102), (45, 46), (81, 84), (83, 164), (82, 83), (28, 109), (42, 44), (35, 44), (173, 176), (164, 173), (42, 123), (31, 34), (164, 182), (205, 214), (175, 176), (123, 150), (128, 134), (82, 91), (43, 44), (211, 214), (110, 128), (87, 96), (0, 3), (34, 35), (3, 84), (33, 195), (96, 150), (43, 205), (28, 34), (120, 123)}
E2: {(226, 232), (4, 58), (58, 59), (3, 4), (84, 87), (118, 119), (87, 89), (159, 160), (208, 211), (190, 199), (29, 38), (97, 151), (199, 205), (29, 32), (84, 102), (7, 169), (190, 208), (152, 233), (45, 46), (97, 178), (28, 109), (7, 25), (177, 178), (7, 34), (166, 169), (58, 76), (135, 137), (64, 226), (38, 119), (28, 29), (76, 157), (128, 134), (46, 208), (178, 205), (151, 160), (119, 128), (146, 155), (137, 146), (205, 232), (4, 7), (78, 240), (128, 155), (169, 223), (199, 200), (3, 84), (159, 240), (118, 199), (43, 205), (28, 34), (232, 233), (155, 236)}
Obj: 34648

