Log for instance aco_tuning_out/inst06.txt.

Used ({'tau0': 8.524438848395618e-06, 'xi': 0.08260719400248602, 'q0': 0.6770641636613806, 'alpha': 0.6089210219484695, 'beta': 0.5746980829231113, 'rho': 0.06462761009956378, 'ants': 17}) and found best instance after 199.59375 seconds.
E1: {(81, 85), (188, 190), (206, 238), (237, 253), (129, 131), (39, 167), (233, 237), (82, 114), (156, 188), (2, 130), (131, 135), (206, 207), (174, 175), (174, 190), (82, 83), (206, 222), (192, 208), (180, 188), (21, 85), (173, 237), (3, 131), (221, 253), (208, 210), (167, 175), (172, 174), (28, 29), (166, 167), (174, 238), (45, 173), (135, 167), (249, 253), (24, 28), (208, 240), (105, 233), (81, 83), (82, 210), (81, 89), (21, 23), (173, 175), (21, 29), (46, 174), (78, 206), (208, 212), (2, 3), (2, 6), (28, 156), (21, 53), (232, 233)}
E2: {(90, 91), (193, 195), (32, 34), (32, 40), (193, 201), (163, 167), (188, 190), (229, 231), (197, 229), (193, 225), (87, 95), (196, 197), (2, 66), (1, 3), (187, 191), (156, 188), (91, 95), (196, 212), (174, 175), (87, 119), (174, 190), (193, 197), (32, 36), (188, 189), (180, 188), (229, 245), (89, 91), (31, 95), (167, 175), (31, 159), (170, 174), (1, 5), (132, 196), (68, 196), (230, 231), (166, 167), (1, 17), (32, 96), (226, 230), (175, 191), (2, 34), (101, 229), (129, 193), (2, 3), (1, 129), (2, 18), (166, 230), (159, 191)}
Obj: 28173

