Log for instance aco_tuning_out/inst15.txt.

Used ({'tau0': 5.726334506587264e-06, 'xi': 0.09378720394945064, 'q0': 0.4650245999867171, 'alpha': 1.6109205787989367, 'beta': 0.9785683305047798, 'rho': 0.3960780669283891, 'ants': 24}) and found best instance after 9.921875 seconds.
E1: {(123, 204), (226, 229), (109, 190), (99, 100), (228, 229), (96, 177), (190, 199), (199, 205), (69, 150), (43, 70), (195, 204), (67, 229), (67, 70), (99, 105), (180, 182), (69, 70), (64, 226), (91, 100), (123, 150), (96, 105), (199, 200), (67, 148), (69, 78), (96, 123), (99, 180), (204, 205), (148, 157)}
E2: {(231, 240), (226, 229), (39, 201), (162, 171), (175, 202), (228, 229), (166, 193), (162, 168), (24, 51), (171, 180), (87, 89), (39, 42), (87, 168), (195, 204), (218, 236), (201, 202), (186, 213), (136, 145), (30, 39), (204, 231), (213, 240), (180, 182), (168, 186), (134, 215), (64, 226), (118, 145), (30, 32), (175, 176), (213, 215), (45, 51), (109, 118), (177, 231), (201, 204), (51, 213), (24, 25), (42, 43), (78, 240), (14, 176), (193, 202), (18, 24), (202, 211), (136, 217), (145, 226), (217, 218), (135, 136), (199, 200), (202, 229), (56, 218), (118, 199), (0, 18), (56, 59)}
Obj: 29417

