Log for instance aco_tuning_out/inst06.txt.

Used ({'tau0': 7.405500650510694e-06, 'xi': 0.0538011928337849, 'q0': 0.7808066118135257, 'alpha': 1.9053416179409846, 'beta': 1.1675645378953803, 'rho': 0.23263286946707473, 'ants': 25}) and found best instance after 21.328125 seconds.
E1: {(188, 190), (108, 109), (84, 212), (70, 198), (86, 87), (237, 253), (206, 238), (210, 211), (87, 95), (17, 21), (39, 167), (252, 253), (156, 188), (1, 3), (114, 118), (91, 95), (83, 211), (53, 181), (206, 207), (196, 212), (174, 175), (128, 129), (45, 61), (128, 132), (174, 190), (82, 83), (105, 109), (206, 222), (180, 188), (162, 170), (86, 118), (221, 253), (70, 78), (89, 91), (234, 238), (17, 145), (172, 174), (129, 145), (28, 29), (29, 61), (132, 196), (76, 78), (166, 167), (232, 234), (1, 17), (135, 167), (208, 240), (249, 253), (24, 28), (110, 238), (130, 162), (128, 192), (180, 181), (188, 252), (76, 108), (84, 85), (134, 135), (46, 110), (23, 87), (78, 206), (208, 212), (66, 70), (70, 86), (170, 234), (132, 134), (196, 198), (66, 82), (28, 156), (21, 53), (6, 70)}
E2: {(90, 91), (193, 195), (42, 170), (101, 103), (5, 7), (70, 198), (201, 233), (17, 21), (97, 105), (2, 66), (196, 197), (1, 3), (36, 37), (187, 191), (156, 188), (91, 95), (189, 191), (53, 181), (196, 212), (174, 175), (7, 71), (96, 97), (174, 190), (193, 197), (188, 189), (180, 188), (162, 170), (89, 91), (31, 95), (31, 159), (170, 174), (97, 101), (212, 213), (17, 145), (1, 5), (129, 145), (132, 196), (198, 199), (230, 231), (68, 196), (199, 231), (37, 53), (105, 233), (226, 230), (162, 166), (180, 181), (162, 163), (2, 34), (213, 245), (71, 103), (190, 191), (40, 42), (66, 70), (103, 119), (1, 129), (2, 3), (196, 198), (97, 225), (2, 18), (21, 53), (159, 191)}
Obj: 36345

