Log for instance aco_tuning_out/inst18.txt.

Used ({'tau0': 1.774794369235601e-06, 'xi': 0.05178086251934671, 'q0': 0.765199417754037, 'alpha': 1.7110920267750438, 'beta': 1.3090193389783644, 'rho': 0.2964096563219366, 'ants': 12}) and found best instance after 5.765625 seconds.
E1: {(128, 136), (136, 137), (193, 195), (193, 201), (105, 107), (99, 103), (243, 251), (90, 91), (156, 158), (0, 2), (39, 103), (128, 160), (17, 21), (57, 121), (2, 66), (1, 3), (121, 249), (114, 118), (156, 188), (148, 150), (91, 95), (56, 58), (85, 213), (62, 126), (249, 251), (45, 61), (6, 14), (148, 156), (193, 197), (83, 115), (10, 42), (61, 63), (142, 143), (147, 151), (105, 121), (31, 95), (142, 158), (31, 159), (17, 81), (143, 159), (46, 62), (10, 14), (5, 21), (2, 10), (29, 61), (213, 215), (54, 118), (1, 17), (209, 211), (110, 238), (56, 57), (81, 83), (66, 98), (107, 111), (213, 245), (62, 63), (99, 107), (46, 110), (42, 58), (188, 252), (98, 114), (14, 142), (80, 81), (57, 61), (0, 128), (9, 137), (115, 243), (83, 211), (195, 211), (151, 159), (209, 213)}
E2: {(156, 188), (114, 118), (148, 150), (96, 97), (105, 109), (147, 151), (88, 120), (31, 95), (112, 114), (31, 159), (24, 28), (32, 96), (32, 160), (0, 128), (151, 159), (241, 245), (136, 137), (243, 251), (108, 109), (91, 123), (156, 158), (60, 62), (70, 198), (3, 19), (0, 2), (210, 211), (1, 3), (121, 249), (158, 222), (132, 148), (62, 126), (249, 251), (240, 248), (10, 42), (96, 112), (248, 252), (40, 104), (97, 101), (1, 5), (132, 196), (80, 112), (184, 188), (249, 253), (241, 249), (188, 252), (76, 108), (66, 70), (9, 137), (30, 31), (172, 188), (146, 154), (72, 88), (86, 87), (163, 179), (87, 95), (97, 105), (91, 95), (146, 147), (19, 51), (221, 253), (104, 232), (2, 10), (76, 78), (88, 89), (120, 121), (110, 238), (46, 110), (78, 206), (196, 198), (115, 243), (19, 83), (128, 136), (206, 238), (104, 108), (252, 253), (198, 206), (83, 211), (83, 115), (206, 222), (89, 91), (46, 62), (54, 118), (42, 46), (142, 206), (113, 115), (179, 243), (28, 156)}
Obj: 42408

