Log for instance aco_tuning_out/inst27.txt.

Used ({'tau0': 5.7232384546733595e-06, 'xi': 0.1429672685027304, 'q0': 0.57445047410033, 'alpha': 1.4195433954167913, 'beta': 1.4047255855017542, 'rho': 0.4106053256096564, 'ants': 31}) and found best instance after 120.9375 seconds.
E1: {(111, 239), (250, 254), (154, 158), (27, 59), (60, 62), (190, 254), (0, 2), (113, 117), (23, 31), (238, 239), (253, 255), (76, 204), (30, 158), (85, 213), (209, 213), (62, 190), (128, 132), (238, 254), (224, 228), (59, 63), (96, 112), (128, 144), (29, 31), (221, 253), (14, 30), (142, 158), (239, 255), (76, 78), (213, 221), (213, 215), (249, 253), (96, 224), (2, 34), (59, 187), (85, 117), (38, 39), (14, 78), (43, 59), (112, 113), (38, 54), (0, 128), (112, 116), (2, 3), (34, 38), (36, 38), (62, 63), (30, 31), (31, 63), (54, 62)}
E2: {(111, 239), (58, 59), (26, 30), (200, 216), (50, 58), (125, 253), (202, 234), (238, 239), (115, 123), (253, 255), (174, 175), (224, 228), (166, 174), (6, 14), (224, 240), (25, 153), (226, 234), (221, 253), (14, 15), (101, 117), (57, 59), (234, 238), (48, 50), (14, 30), (10, 14), (239, 255), (236, 238), (117, 119), (115, 119), (234, 250), (117, 125), (200, 202), (13, 141), (145, 147), (145, 153), (59, 123), (228, 236), (144, 145), (25, 57), (26, 58), (115, 243), (13, 15), (175, 239)}
Obj: 27298

