Log for instance aco_tuning_out/inst30.txt.

Used ({'tau0': 9.701809206152345e-06, 'xi': 0.09407325991753526, 'q0': 0.3044948820351523, 'alpha': 1.8442079342859672, 'beta': 1.893720745386587, 'rho': 0.3120024078765271, 'ants': 29}) and found best instance after 23.53125 seconds.
E1: {(212, 239), (212, 215), (21, 22), (125, 134), (40, 41), (10, 64), (98, 125), (236, 239), (112, 121), (122, 125), (3, 165), (120, 122), (98, 152), (200, 206), (15, 17), (10, 91), (211, 212), (22, 25), (3, 21), (125, 206), (109, 112), (192, 195), (13, 22), (206, 215), (32, 41), (13, 40), (14, 17), (121, 122), (0, 3), (21, 102), (10, 13), (15, 177), (165, 192), (40, 121), (17, 98)}
E2: {(81, 82), (132, 213), (45, 126), (171, 177), (171, 180), (73, 154), (147, 228), (126, 132), (144, 147), (144, 153), (234, 236), (25, 187), (135, 153), (134, 161), (205, 206), (0, 81), (195, 213), (200, 206), (160, 161), (154, 157), (171, 173), (180, 234), (154, 160), (81, 99), (173, 182), (99, 126), (169, 187), (205, 214), (153, 234), (99, 153), (187, 214), (82, 91), (64, 73), (82, 109), (153, 154), (152, 161), (213, 214), (166, 169)}
Obj: 32189

