Log for instance aco_tuning_out/inst06.txt.

Used ({'tau0': 6.937615535889433e-06, 'xi': 0.07000322226687372, 'q0': 0.8259328344322499, 'alpha': 1.4144702071977722, 'beta': 1.897582215362626, 'rho': 0.08176475094706645, 'ants': 18}) and found best instance after 63.359375 seconds.
E1: {(108, 109), (156, 158), (206, 238), (237, 253), (192, 224), (210, 211), (39, 167), (17, 21), (97, 105), (1, 3), (156, 188), (83, 91), (206, 207), (158, 222), (83, 211), (174, 175), (14, 46), (166, 174), (85, 213), (6, 14), (96, 97), (174, 190), (146, 147), (105, 109), (206, 222), (224, 240), (180, 188), (21, 85), (221, 253), (224, 232), (89, 91), (212, 213), (17, 145), (172, 174), (129, 145), (76, 78), (166, 167), (45, 109), (213, 221), (1, 17), (135, 167), (109, 237), (249, 253), (24, 28), (96, 224), (146, 210), (145, 147), (21, 23), (76, 108), (158, 190), (46, 174), (98, 114), (78, 206), (130, 146), (28, 156), (21, 53), (96, 98)}
E2: {(90, 91), (193, 195), (193, 201), (162, 226), (108, 109), (156, 158), (40, 44), (193, 225), (87, 95), (97, 105), (196, 197), (2, 66), (1, 3), (156, 188), (187, 191), (91, 95), (158, 222), (196, 212), (174, 175), (87, 119), (166, 174), (96, 97), (174, 190), (193, 197), (105, 109), (206, 222), (44, 108), (212, 244), (188, 189), (180, 188), (90, 218), (162, 170), (89, 91), (97, 101), (17, 145), (1, 5), (129, 145), (132, 196), (244, 245), (76, 78), (68, 196), (230, 231), (1, 17), (162, 166), (226, 230), (175, 191), (162, 163), (2, 34), (76, 108), (158, 190), (78, 206), (218, 222), (129, 193), (2, 3), (97, 225), (2, 18), (36, 44), (158, 159)}
Obj: 31154

