Log for instance aco_tuning_out/inst03.txt.

Used ({'tau_0': 3.0123184321619356e-06, 'xi': 0.12162366348291398, 'q0': 0.6525057095214953, 'alpha': 0.3418731697773203, 'beta': 1.7855031617760102, 'rho': 0.2482497904794193, 'ants': 32}) and found best instance after 299.171875 seconds.
E1: {(204, 220), (128, 136), (136, 137), (210, 242), (232, 236), (155, 187), (147, 155), (20, 148), (210, 211), (135, 199), (187, 191), (36, 37), (198, 206), (37, 39), (132, 148), (240, 242), (128, 132), (202, 206), (65, 97), (220, 221), (52, 54), (199, 207), (97, 101), (155, 219), (198, 199), (132, 196), (20, 52), (148, 149), (9, 25), (97, 113), (115, 119), (24, 25), (68, 196), (37, 53), (175, 191), (147, 211), (204, 236), (52, 53), (228, 236), (113, 115), (25, 57), (9, 137), (195, 199), (196, 198), (196, 204), (37, 101), (92, 220), (195, 211)}
E2: {(128, 136), (136, 137), (32, 34), (32, 40), (44, 45), (107, 235), (43, 107), (180, 244), (216, 218), (128, 160), (40, 44), (196, 197), (114, 115), (1, 9), (148, 150), (115, 123), (198, 206), (132, 148), (128, 132), (32, 33), (1, 33), (206, 222), (32, 36), (59, 63), (154, 218), (148, 180), (198, 230), (44, 172), (32, 48), (49, 113), (49, 177), (31, 159), (1, 5), (244, 245), (132, 196), (1, 17), (128, 192), (226, 230), (137, 201), (59, 123), (33, 49), (107, 111), (15, 31), (99, 107), (113, 115), (43, 59), (218, 222), (0, 128), (9, 137), (210, 218), (196, 198), (166, 230), (31, 63)}
Obj: 29497

