Log for instance aco_tuning_out/inst12.txt.

Used ({'tau0': 5.471123269221564e-06, 'xi': 0.0880541662185767, 'q0': 0.30146902385350893, 'alpha': 1.0903620529266727, 'beta': 0.772236865018257, 'rho': 0.4288390189950044, 'ants': 23}) and found best instance after 15.15625 seconds.
E1: {(81, 82), (166, 193), (31, 32), (133, 214), (101, 182), (130, 133), (121, 130), (100, 101), (34, 43), (0, 81), (195, 213), (102, 104), (31, 193), (133, 134), (47, 128), (86, 89), (31, 34), (86, 104), (91, 100), (120, 121), (128, 134), (211, 214), (193, 211), (101, 104), (82, 100), (82, 109), (213, 214), (101, 128), (45, 47)}
E2: {(188, 242), (185, 188), (115, 142), (58, 59), (109, 190), (162, 171), (80, 242), (171, 177), (166, 193), (78, 80), (141, 142), (190, 193), (31, 32), (135, 141), (133, 214), (162, 189), (187, 188), (25, 187), (236, 242), (142, 223), (34, 43), (189, 191), (102, 104), (71, 80), (133, 134), (58, 67), (27, 189), (86, 89), (58, 76), (191, 200), (31, 34), (86, 104), (31, 58), (34, 115), (27, 45), (187, 214), (76, 157), (64, 67), (211, 214), (71, 152), (193, 211), (190, 191), (104, 185), (115, 133)}
Obj: 30088

