Log for instance aco_tuning_out/inst03.txt.

Used ({'tau_0': 5.420704371762057e-06, 'xi': 0.09688583805471983, 'q0': 0.31023948946680013, 'alpha': 0.7611440380801126, 'beta': 1.2418611307887504, 'rho': 0.4656758616586811, 'ants': 22}) and found best instance after 28.65625 seconds.
E1: {(76, 92), (101, 103), (211, 219), (8, 9), (210, 211), (135, 199), (39, 167), (112, 240), (57, 121), (36, 37), (187, 191), (65, 73), (4, 36), (8, 24), (37, 39), (53, 181), (205, 221), (76, 204), (65, 97), (164, 228), (199, 207), (4, 20), (167, 175), (97, 101), (97, 113), (135, 167), (36, 164), (200, 202), (37, 53), (175, 191), (147, 211), (149, 181), (4, 68), (200, 232), (38, 39), (112, 113), (9, 73), (38, 54), (103, 119), (195, 199), (113, 121), (205, 207), (204, 205), (37, 101), (195, 211), (200, 204)}
E2: {(32, 34), (132, 164), (32, 40), (193, 201), (98, 226), (107, 235), (43, 107), (197, 229), (150, 151), (164, 180), (216, 218), (196, 197), (210, 214), (36, 37), (34, 98), (5, 37), (37, 45), (192, 193), (32, 33), (0, 32), (193, 197), (32, 36), (154, 218), (32, 48), (150, 214), (15, 47), (229, 245), (49, 177), (132, 196), (214, 222), (36, 164), (198, 214), (32, 160), (137, 201), (47, 63), (164, 166), (33, 49), (107, 111), (99, 107), (164, 172), (98, 114), (107, 123), (218, 222), (9, 137), (196, 198), (45, 47), (151, 159), (47, 111), (17, 49)}
Obj: 29403

