Log for instance aco_tuning_out/inst21.txt.

Used ({'tau0': 1.34326092400037e-06, 'xi': 0.13441645763893803, 'q0': 0.4083523399061119, 'alpha': 0.5070175800996563, 'beta': 0.9994669821848109, 'rho': 0.2873914507152631, 'ants': 17}) and found best instance after 51.109375 seconds.
E1: {(166, 175), (31, 32), (135, 141), (178, 179), (13, 14), (45, 46), (223, 232), (228, 231), (58, 67), (173, 179), (141, 150), (58, 76), (13, 175), (173, 182), (173, 200), (31, 58), (231, 232), (177, 231), (73, 76), (64, 73), (150, 152), (178, 232), (150, 231), (13, 67), (46, 73), (175, 178)}
E2: {(90, 91), (58, 59), (108, 109), (31, 32), (76, 238), (76, 79), (142, 223), (34, 43), (117, 120), (34, 61), (171, 173), (58, 61), (108, 117), (142, 143), (89, 143), (78, 79), (58, 76), (90, 117), (173, 182), (61, 142), (108, 135), (173, 200), (31, 58), (27, 33), (25, 79), (76, 157), (27, 45), (33, 34), (73, 76), (64, 73), (182, 236), (90, 171), (143, 152), (211, 238), (33, 195), (0, 27), (27, 108)}
Obj: 26619

