Log for instance aco_tuning_out/inst21.txt.

Used ({'tau0': 9.519734246967097e-06, 'xi': 0.07937813294122376, 'q0': 0.41673979688805995, 'alpha': 1.6749976300577816, 'beta': 0.7383106546614165, 'rho': 0.29031514757956295, 'ants': 27}) and found best instance after 16.375 seconds.
E1: {(198, 225), (162, 171), (14, 68), (171, 177), (66, 228), (171, 180), (217, 223), (171, 198), (198, 200), (63, 64), (39, 66), (30, 39), (163, 166), (180, 182), (63, 225), (66, 68), (45, 207), (30, 32), (63, 66), (66, 147), (163, 217), (162, 163), (147, 150), (150, 152), (136, 217), (135, 136), (198, 207)}
E2: {(188, 242), (4, 58), (3, 4), (58, 59), (119, 200), (118, 119), (64, 145), (135, 153), (76, 79), (236, 242), (117, 120), (151, 152), (195, 213), (240, 242), (223, 241), (154, 160), (213, 240), (79, 160), (84, 86), (118, 124), (86, 89), (182, 188), (58, 76), (43, 124), (118, 145), (238, 241), (109, 118), (240, 241), (25, 79), (151, 160), (78, 240), (91, 118), (45, 72), (72, 153), (32, 59), (0, 3), (153, 154), (79, 241), (3, 84), (211, 238), (124, 151), (117, 118), (157, 160)}
Obj: 29314

