Log for instance aco_tuning_out/inst24.txt.

Used ({'tau0': 6.916816029978271e-06, 'xi': 0.13109583259981678, 'q0': 0.7096508529113955, 'alpha': 0.8294099029859726, 'beta': 1.23731470593669, 'rho': 0.12314043168046776, 'ants': 23}) and found best instance after 150.875 seconds.
E1: {(76, 92), (42, 106), (15, 143), (154, 158), (146, 154), (243, 251), (12, 13), (13, 45), (0, 2), (128, 160), (103, 231), (40, 56), (252, 253), (122, 250), (244, 252), (56, 58), (249, 251), (231, 239), (128, 144), (12, 76), (221, 253), (144, 146), (143, 159), (34, 42), (235, 239), (106, 122), (235, 251), (56, 57), (13, 141), (249, 253), (240, 244), (42, 43), (139, 143), (2, 34), (158, 190), (76, 108), (141, 143), (71, 103), (42, 58), (0, 128), (90, 122), (130, 146), (158, 159), (250, 251)}
E2: {(183, 191), (155, 187), (156, 158), (147, 155), (237, 253), (228, 244), (0, 2), (146, 178), (252, 253), (156, 188), (187, 191), (121, 249), (253, 255), (244, 252), (158, 222), (53, 181), (120, 122), (146, 147), (128, 144), (180, 188), (21, 85), (181, 183), (221, 253), (165, 181), (144, 146), (5, 21), (2, 10), (106, 122), (230, 231), (63, 191), (199, 231), (249, 253), (120, 121), (89, 121), (226, 230), (175, 191), (180, 181), (2, 34), (228, 230), (188, 252), (60, 188), (0, 128), (90, 122), (195, 199), (114, 122), (166, 230), (21, 53)}
Obj: 25836

