Log for instance aco_tuning_out/inst21.txt.

Used ({'tau0': 8.037069826251222e-06, 'xi': 0.09645020294268639, 'q0': 0.6378636958577493, 'alpha': 1.5874523603304216, 'beta': 1.117749324798499, 'rho': 0.3122873583242921, 'ants': 22}) and found best instance after 13.21875 seconds.
E1: {(166, 175), (39, 201), (171, 177), (175, 202), (66, 228), (171, 198), (152, 233), (39, 66), (201, 202), (231, 233), (171, 173), (204, 231), (36, 198), (39, 41), (173, 182), (135, 216), (173, 200), (153, 234), (36, 45), (201, 204), (224, 233), (64, 67), (32, 41), (45, 72), (72, 153), (66, 67), (216, 234), (14, 41), (198, 201), (223, 224)}
E2: {(81, 82), (226, 232), (33, 42), (45, 126), (139, 157), (208, 211), (120, 147), (179, 233), (208, 214), (39, 42), (59, 140), (234, 236), (66, 75), (152, 233), (0, 81), (39, 66), (81, 84), (83, 164), (82, 83), (72, 75), (72, 78), (164, 173), (173, 179), (86, 89), (25, 52), (3, 21), (118, 127), (164, 182), (64, 226), (85, 139), (135, 216), (173, 200), (196, 205), (205, 214), (153, 234), (109, 118), (66, 147), (196, 223), (21, 75), (91, 118), (205, 232), (86, 140), (72, 153), (126, 127), (32, 59), (3, 84), (85, 86), (127, 208), (83, 86), (33, 195), (216, 234), (43, 205), (232, 233), (52, 214)}
Obj: 32112

