Log for instance aco_tuning_out/inst27.txt.

Used ({'tau_0': 4.060261844275314e-06, 'xi': 0.08488866370438058, 'q0': 0.7517708033130077, 'alpha': 0.7568921075953849, 'beta': 1.442677676309637, 'rho': 0.31238065733584786, 'ants': 26}) and found best instance after 38.234375 seconds.
E1: {(4, 6), (60, 62), (186, 250), (4, 36), (27, 31), (110, 111), (209, 213), (6, 14), (62, 190), (145, 209), (116, 124), (29, 31), (221, 253), (14, 30), (39, 47), (31, 159), (10, 14), (236, 238), (2, 10), (213, 215), (213, 221), (47, 111), (110, 238), (151, 215), (249, 253), (47, 63), (2, 34), (43, 47), (60, 124), (204, 236), (228, 236), (4, 132), (144, 145), (23, 151), (112, 113), (14, 142), (186, 187), (112, 116), (154, 186), (186, 190), (2, 3), (62, 63), (30, 31), (31, 63), (151, 159), (54, 62)}
E2: {(119, 127), (58, 59), (243, 251), (182, 183), (50, 58), (151, 183), (216, 218), (202, 234), (123, 127), (251, 255), (253, 255), (6, 14), (16, 144), (59, 63), (125, 127), (147, 151), (226, 234), (202, 218), (245, 253), (221, 253), (14, 15), (101, 117), (127, 255), (14, 30), (31, 159), (57, 59), (48, 50), (10, 14), (244, 245), (117, 125), (13, 15), (240, 244), (13, 141), (111, 127), (218, 250), (59, 123), (250, 251), (166, 182), (16, 48), (30, 31), (31, 63), (151, 159)}
Obj: 25733

