Log for instance aco_tuning_out/inst12.txt.

Used ({'tau_0': 1.6998009274389792e-06, 'xi': 0.07574288908876978, 'q0': 0.3437997878588728, 'alpha': 0.9960324515524092, 'beta': 0.6033193519507508, 'rho': 0.22849098583736227, 'ants': 30}) and found best instance after 30.984375 seconds.
E1: {(120, 129), (81, 82), (102, 129), (84, 87), (87, 89), (43, 52), (49, 50), (84, 102), (101, 182), (100, 101), (0, 81), (81, 84), (211, 212), (165, 166), (49, 52), (48, 50), (84, 165), (134, 215), (195, 197), (50, 212), (48, 129), (45, 48), (91, 100), (197, 215), (32, 50), (82, 100), (82, 109), (212, 215)}
E2: {(81, 82), (185, 188), (58, 59), (84, 87), (87, 89), (184, 211), (179, 233), (84, 102), (107, 134), (236, 239), (76, 79), (34, 43), (152, 233), (185, 239), (183, 184), (34, 61), (81, 84), (58, 61), (165, 166), (30, 57), (58, 67), (173, 179), (78, 79), (58, 76), (107, 188), (84, 165), (27, 30), (173, 200), (30, 32), (25, 79), (81, 135), (76, 157), (27, 45), (184, 185), (3, 57), (64, 67), (177, 179), (165, 183), (57, 58), (82, 109), (3, 84), (179, 188), (61, 223)}
Obj: 29489

