Log for instance aco_tuning_out/inst03.txt.

Used ({'tau_0': 2.924453704862743e-06, 'xi': 0.10102715591656777, 'q0': 0.8483785554218048, 'alpha': 1.0515532863745962, 'beta': 0.39867352753450425, 'rho': 0.28727195311451986, 'ants': 26}) and found best instance after 34.65625 seconds.
E1: {(128, 136), (136, 137), (155, 187), (211, 219), (147, 155), (228, 244), (8, 9), (39, 103), (210, 211), (135, 199), (103, 231), (97, 105), (49, 53), (244, 246), (92, 94), (187, 191), (252, 253), (8, 24), (198, 206), (206, 207), (244, 252), (132, 148), (64, 65), (128, 132), (64, 68), (0, 32), (202, 206), (83, 115), (32, 36), (20, 22), (221, 253), (118, 246), (22, 86), (49, 113), (97, 101), (198, 199), (132, 196), (115, 119), (97, 113), (230, 231), (54, 118), (148, 149), (199, 231), (240, 244), (105, 233), (230, 246), (147, 211), (175, 191), (113, 115), (86, 94), (0, 64), (9, 137), (0, 128), (195, 199), (49, 57), (196, 198), (196, 204), (83, 211), (195, 211), (86, 118), (232, 233)}
E2: {(136, 137), (128, 136), (32, 34), (32, 40), (99, 103), (136, 152), (107, 235), (58, 62), (43, 107), (5, 7), (150, 151), (152, 154), (8, 9), (210, 211), (103, 231), (196, 197), (244, 246), (34, 98), (148, 150), (115, 123), (8, 24), (198, 206), (132, 148), (166, 174), (7, 71), (45, 61), (128, 132), (32, 33), (166, 230), (32, 36), (206, 222), (83, 115), (148, 180), (32, 48), (49, 113), (49, 177), (172, 174), (198, 199), (132, 196), (28, 29), (29, 61), (230, 231), (244, 245), (199, 231), (24, 28), (32, 160), (226, 230), (230, 246), (128, 192), (7, 15), (137, 201), (33, 49), (107, 111), (42, 43), (62, 63), (99, 107), (71, 103), (42, 58), (17, 49), (98, 114), (152, 216), (113, 115), (9, 137), (0, 128), (196, 198), (83, 211), (151, 159), (8, 40)}
Obj: 35078

