Log for instance aco_tuning_out/inst09.txt.

Used ({'tau_0': 9.546586330686151e-06, 'xi': 0.07432857356120594, 'q0': 0.39855006298732903, 'alpha': 1.1362553523500754, 'beta': 1.13375631131127, 'rho': 0.39805176799684205, 'ants': 18}) and found best instance after 7.765625 seconds.
E1: {(175, 184), (166, 175), (54, 135), (0, 54), (96, 177), (89, 98), (100, 101), (166, 220), (34, 43), (183, 184), (21, 183), (72, 75), (102, 183), (72, 78), (181, 235), (103, 157), (139, 220), (31, 34), (100, 103), (235, 236), (103, 184), (31, 58), (175, 176), (21, 75), (14, 176), (54, 72), (220, 223), (58, 139), (96, 123), (120, 123), (92, 101), (92, 98), (96, 98), (100, 181)}
E2: {(123, 204), (3, 4), (4, 58), (58, 59), (96, 177), (87, 89), (125, 134), (76, 238), (181, 208), (125, 152), (166, 220), (195, 204), (58, 220), (45, 46), (157, 238), (181, 235), (6, 87), (3, 6), (22, 25), (58, 76), (46, 208), (220, 223), (3, 5), (87, 96), (96, 123), (4, 22), (211, 238), (0, 6), (123, 125), (235, 238), (5, 32), (120, 123)}
Obj: 28417

