Log for instance aco_tuning_out/inst06.txt.

Used ({'tau0': 1.6439317200303233e-06, 'xi': 0.07746694961935612, 'q0': 0.6106338054732293, 'alpha': 1.8489351800014946, 'beta': 0.9702307798494468, 'rho': 0.2665529796010956, 'ants': 30}) and found best instance after 22.59375 seconds.
E1: {(140, 156), (128, 136), (47, 175), (156, 158), (237, 253), (0, 2), (210, 211), (87, 95), (34, 50), (252, 253), (156, 188), (2, 130), (1, 3), (212, 220), (91, 95), (8, 24), (158, 222), (53, 181), (166, 174), (94, 222), (128, 129), (14, 46), (224, 228), (6, 14), (128, 132), (174, 175), (174, 190), (105, 109), (192, 196), (220, 221), (224, 240), (180, 188), (142, 143), (221, 253), (89, 91), (135, 143), (0, 1), (142, 158), (78, 94), (39, 47), (83, 87), (10, 14), (172, 174), (2, 10), (132, 196), (85, 87), (236, 238), (45, 109), (109, 237), (249, 253), (180, 181), (2, 34), (50, 114), (188, 252), (228, 236), (23, 87), (143, 207), (8, 10), (0, 128), (236, 237), (83, 211), (94, 95), (172, 188), (224, 232), (136, 140)}
E2: {(140, 156), (119, 127), (90, 91), (128, 136), (193, 195), (132, 164), (193, 201), (98, 226), (156, 158), (229, 231), (163, 179), (0, 2), (193, 225), (2, 66), (1, 3), (156, 188), (187, 191), (179, 187), (91, 95), (128, 129), (174, 175), (166, 174), (197, 213), (73, 77), (128, 132), (174, 190), (73, 89), (188, 189), (180, 188), (70, 78), (78, 79), (89, 91), (0, 1), (129, 133), (229, 245), (97, 101), (225, 229), (170, 174), (212, 213), (172, 174), (1, 17), (36, 164), (175, 191), (2, 34), (66, 98), (42, 46), (213, 245), (77, 79), (164, 172), (46, 174), (40, 42), (5, 133), (66, 70), (0, 128), (129, 193), (68, 70), (97, 225), (2, 18), (158, 159), (95, 127), (96, 98), (136, 140)}
Obj: 35372

