Log for instance aco_tuning_out/inst03.txt.

Used ({'tau0': 5.888779735025123e-06, 'xi': 0.14210673593322504, 'q0': 0.5532221197439141, 'alpha': 1.4492226579119356, 'beta': 1.732090480737235, 'rho': 0.42744550361996797, 'ants': 10}) and found best instance after 5.6875 seconds.
E1: {(76, 92), (177, 181), (128, 136), (136, 137), (105, 107), (96, 104), (196, 228), (243, 251), (99, 103), (145, 149), (211, 219), (20, 148), (70, 198), (39, 103), (210, 211), (114, 115), (97, 105), (114, 118), (36, 37), (187, 191), (206, 207), (53, 181), (132, 148), (76, 204), (128, 129), (249, 251), (240, 248), (96, 97), (202, 206), (83, 115), (65, 97), (248, 249), (70, 78), (49, 113), (49, 177), (104, 232), (97, 101), (129, 145), (132, 196), (92, 93), (76, 78), (187, 251), (54, 118), (24, 28), (37, 53), (175, 191), (147, 211), (66, 98), (149, 181), (134, 135), (99, 107), (98, 114), (78, 206), (113, 115), (66, 70), (9, 137), (103, 119), (49, 57), (68, 70), (196, 198), (132, 134), (115, 243), (28, 92), (83, 211), (195, 211), (93, 221), (96, 98)}
E2: {(128, 136), (136, 137), (192, 200), (200, 201), (193, 201), (177, 181), (55, 63), (146, 154), (107, 235), (43, 107), (181, 245), (216, 218), (0, 2), (128, 160), (210, 211), (114, 115), (2, 130), (148, 150), (115, 123), (198, 206), (53, 181), (83, 211), (132, 148), (36, 52), (128, 132), (45, 61), (193, 197), (83, 115), (206, 222), (148, 180), (198, 230), (142, 143), (14, 15), (49, 113), (0, 1), (49, 177), (40, 168), (143, 159), (10, 14), (1, 5), (2, 10), (132, 196), (140, 142), (53, 55), (1, 17), (53, 61), (128, 192), (226, 230), (180, 181), (2, 34), (33, 49), (140, 172), (107, 111), (52, 53), (35, 43), (99, 107), (113, 115), (218, 222), (0, 128), (9, 137), (34, 35), (48, 52), (136, 168), (196, 198), (130, 146), (166, 230), (136, 140)}
Obj: 38110

