Log for instance aco_tuning_out/inst15.txt.

Used ({'tau_0': 4.5971794894411765e-06, 'xi': 0.07935886436067696, 'q0': 0.6133148179425765, 'alpha': 0.959591163017489, 'beta': 1.7442602148622774, 'rho': 0.32248764047634604, 'ants': 29}) and found best instance after 53.234375 seconds.
E1: {(28, 55), (55, 136), (66, 228), (181, 184), (64, 145), (199, 205), (199, 208), (181, 208), (66, 69), (27, 28), (184, 238), (28, 109), (136, 145), (157, 238), (58, 67), (118, 145), (27, 33), (55, 58), (174, 177), (91, 118), (181, 182), (199, 200), (69, 78), (66, 67), (174, 228), (118, 199), (33, 195), (43, 205)}
E2: {(166, 175), (28, 46), (3, 4), (4, 58), (226, 229), (28, 55), (110, 191), (162, 168), (55, 136), (58, 59), (43, 52), (31, 32), (64, 145), (162, 189), (175, 229), (189, 191), (24, 78), (45, 46), (174, 175), (89, 116), (28, 109), (136, 145), (21, 24), (168, 195), (25, 52), (3, 21), (209, 236), (191, 200), (191, 209), (182, 209), (31, 58), (55, 58), (174, 177), (110, 116), (128, 134), (211, 214), (0, 162), (32, 41), (110, 128), (145, 226), (135, 136), (46, 52), (0, 3), (174, 228), (14, 41), (52, 214)}
Obj: 29407

