Log for instance aco_tuning_out/inst18.txt.

Used ({'tau0': 7.35696843598511e-06, 'xi': 0.13099405837312028, 'q0': 0.39430175087041053, 'alpha': 1.838983583452214, 'beta': 0.7213281426644318, 'rho': 0.11968092308615733, 'ants': 31}) and found best instance after 289.046875 seconds.
E1: {(64, 66), (193, 201), (90, 94), (99, 103), (124, 126), (3, 7), (58, 62), (150, 151), (5, 13), (39, 103), (128, 160), (2, 66), (1, 3), (85, 213), (110, 111), (197, 213), (45, 61), (110, 126), (13, 29), (193, 197), (64, 80), (147, 151), (29, 31), (31, 95), (31, 159), (9, 13), (46, 62), (1, 5), (29, 61), (213, 215), (6, 7), (151, 215), (110, 238), (54, 62), (213, 245), (124, 252), (46, 110), (94, 126), (7, 39), (0, 64), (57, 61), (0, 128), (2, 3), (62, 63), (94, 95), (151, 159), (209, 213)}
E2: {(64, 66), (64, 72), (154, 158), (124, 126), (156, 158), (35, 51), (104, 108), (113, 117), (8, 9), (128, 160), (176, 240), (114, 115), (156, 188), (114, 118), (220, 252), (8, 24), (78, 110), (30, 94), (117, 245), (146, 150), (110, 126), (220, 221), (64, 80), (35, 163), (101, 117), (0, 1), (121, 123), (176, 184), (8, 72), (104, 232), (1, 5), (142, 158), (54, 118), (184, 188), (110, 238), (146, 210), (89, 121), (108, 110), (188, 252), (60, 124), (51, 115), (124, 252), (118, 126), (94, 126), (113, 115), (86, 94), (0, 64), (150, 158), (72, 104), (0, 128), (113, 121), (172, 188), (8, 40)}
Obj: 28909

