Log for instance aco_tuning_out/inst03.txt.

Used ({'tau0': 8.753936472387218e-06, 'xi': 0.09720016068128765, 'q0': 0.8231293796694477, 'alpha': 0.5431396504147108, 'beta': 1.6359800101718294, 'rho': 0.1536282766541045, 'ants': 15}) and found best instance after 67.703125 seconds.
E1: {(136, 137), (128, 136), (155, 187), (211, 219), (147, 155), (210, 211), (39, 167), (114, 115), (49, 53), (252, 253), (114, 118), (187, 191), (156, 188), (53, 181), (64, 65), (224, 228), (64, 68), (0, 32), (96, 97), (143, 175), (32, 36), (83, 115), (194, 202), (224, 240), (221, 253), (20, 28), (224, 232), (135, 143), (49, 113), (97, 101), (28, 156), (115, 119), (54, 118), (135, 167), (32, 96), (24, 28), (96, 224), (175, 191), (147, 211), (204, 236), (188, 252), (149, 181), (194, 210), (228, 236), (98, 114), (113, 115), (0, 64), (143, 207), (0, 128), (9, 137), (49, 57), (28, 92), (83, 211), (195, 211), (236, 252), (96, 98)}
E2: {(128, 136), (136, 137), (32, 34), (32, 40), (193, 201), (15, 143), (146, 154), (98, 226), (107, 235), (43, 107), (180, 244), (5, 7), (216, 218), (210, 211), (114, 115), (244, 246), (115, 123), (192, 193), (166, 174), (174, 175), (146, 150), (0, 32), (166, 230), (128, 132), (32, 36), (83, 115), (193, 197), (154, 218), (143, 175), (198, 230), (32, 48), (49, 113), (49, 177), (143, 159), (172, 174), (244, 245), (45, 109), (63, 191), (32, 96), (146, 210), (32, 160), (226, 230), (230, 246), (98, 99), (128, 192), (33, 49), (107, 111), (175, 191), (7, 15), (99, 107), (98, 114), (113, 115), (218, 222), (0, 128), (9, 137), (109, 111), (83, 211), (96, 98), (17, 49)}
Obj: 32079

