Log for instance aco_tuning_out/inst24.txt.

Used ({'tau_0': 1.6439317200303233e-06, 'xi': 0.07746694961935612, 'q0': 0.6106338054732293, 'alpha': 1.8489351800014946, 'beta': 0.9702307798494468, 'rho': 0.2665529796010956, 'ants': 30}) and found best instance after 17.71875 seconds.
E1: {(15, 79), (42, 106), (243, 251), (146, 154), (12, 13), (13, 45), (0, 2), (40, 44), (141, 157), (146, 178), (40, 56), (186, 250), (252, 253), (157, 159), (2, 130), (56, 58), (10, 42), (160, 176), (58, 186), (44, 108), (154, 218), (90, 218), (221, 253), (176, 178), (78, 79), (10, 14), (2, 10), (92, 93), (235, 251), (240, 241), (144, 176), (56, 57), (13, 141), (241, 243), (42, 43), (71, 79), (139, 143), (2, 34), (141, 143), (42, 58), (14, 78), (186, 190), (178, 186), (157, 221), (12, 44), (93, 221), (250, 251)}
E2: {(154, 155), (55, 63), (90, 94), (124, 126), (146, 154), (155, 187), (4, 6), (147, 155), (237, 253), (165, 173), (146, 178), (155, 159), (172, 236), (91, 95), (253, 255), (53, 181), (120, 122), (85, 213), (166, 174), (197, 213), (6, 14), (206, 222), (154, 218), (4, 5), (226, 234), (90, 218), (221, 253), (144, 146), (89, 91), (31, 95), (165, 181), (78, 94), (31, 159), (10, 14), (172, 174), (2, 10), (106, 122), (213, 221), (53, 55), (199, 231), (55, 183), (180, 181), (2, 34), (60, 124), (173, 175), (228, 236), (94, 126), (14, 78), (78, 206), (172, 173), (122, 126), (236, 237), (195, 199), (114, 122), (106, 234), (197, 199), (31, 63)}
Obj: 30454

