Log for instance aco_tuning_out/inst24.txt.

Used ({'tau0': 6.937615535889433e-06, 'xi': 0.07000322226687372, 'q0': 0.8259328344322499, 'alpha': 1.4144702071977722, 'beta': 1.897582215362626, 'rho': 0.08176475094706645, 'ants': 18}) and found best instance after 32.953125 seconds.
E1: {(15, 143), (90, 94), (243, 251), (171, 235), (146, 154), (99, 103), (12, 13), (13, 45), (43, 171), (0, 2), (128, 160), (242, 243), (40, 56), (187, 191), (92, 94), (252, 253), (2, 130), (34, 98), (30, 94), (56, 58), (249, 251), (240, 242), (10, 42), (98, 106), (12, 76), (221, 253), (14, 15), (144, 146), (14, 30), (143, 159), (10, 14), (2, 10), (187, 251), (56, 57), (13, 141), (249, 253), (139, 143), (2, 34), (98, 99), (76, 108), (141, 143), (71, 103), (42, 58), (190, 191), (171, 187), (0, 128), (242, 250), (130, 146), (159, 191)}
E2: {(183, 191), (90, 94), (98, 226), (155, 187), (147, 155), (237, 253), (87, 95), (146, 178), (252, 253), (187, 191), (34, 98), (91, 95), (253, 255), (133, 165), (30, 94), (53, 181), (94, 222), (146, 147), (98, 106), (181, 183), (221, 253), (191, 255), (89, 91), (144, 146), (31, 95), (165, 181), (14, 30), (10, 14), (2, 10), (85, 87), (230, 231), (63, 191), (199, 231), (120, 124), (226, 230), (175, 191), (180, 181), (2, 34), (228, 230), (60, 124), (124, 252), (98, 114), (5, 133), (195, 199), (166, 230), (30, 31), (31, 63)}
Obj: 27061

