Log for instance aco_tuning_out/inst09.txt.

Used ({'tau_0': 6.293660666238772e-06, 'xi': 0.0765998967889499, 'q0': 0.6265340995784354, 'alpha': 0.31196112568590606, 'beta': 0.6324794380700602, 'rho': 0.3069899243645694, 'ants': 19}) and found best instance after 37.328125 seconds.
E1: {(39, 201), (162, 171), (162, 168), (171, 177), (39, 42), (171, 198), (234, 236), (162, 216), (6, 8), (154, 157), (99, 102), (120, 201), (135, 216), (12, 39), (153, 234), (99, 153), (42, 43), (78, 240), (12, 14), (169, 223), (153, 154), (6, 168), (234, 240), (0, 6), (8, 89), (216, 234), (166, 169), (198, 201), (168, 169)}
E2: {(58, 59), (31, 32), (7, 169), (27, 28), (152, 233), (6, 8), (7, 25), (120, 201), (177, 204), (58, 76), (134, 215), (204, 206), (31, 58), (6, 7), (196, 214), (201, 204), (76, 157), (169, 196), (206, 215), (27, 45), (211, 214), (206, 233), (169, 223), (0, 6), (195, 196), (8, 89), (28, 31), (214, 215), (166, 169), (0, 27)}
Obj: 25564

