Log for instance aco_tuning_out/inst06.txt.

Used ({'tau0': 5.449825531692064e-06, 'xi': 0.10463551100918586, 'q0': 0.3791032022582517, 'alpha': 1.5968901194470106, 'beta': 0.6682022659911173, 'rho': 0.3643260630360847, 'ants': 18}) and found best instance after 15.78125 seconds.
E1: {(24, 88), (6, 134), (84, 212), (237, 253), (165, 173), (233, 237), (196, 197), (82, 114), (1, 3), (78, 110), (158, 222), (53, 181), (196, 212), (85, 213), (174, 175), (197, 213), (166, 174), (192, 196), (174, 190), (82, 83), (193, 197), (173, 237), (221, 253), (46, 47), (84, 92), (78, 79), (165, 181), (39, 47), (83, 87), (172, 174), (85, 87), (213, 221), (134, 166), (240, 241), (45, 173), (88, 89), (249, 253), (130, 162), (110, 238), (241, 249), (162, 166), (105, 233), (88, 92), (82, 210), (180, 181), (158, 190), (46, 110), (173, 175), (23, 87), (46, 174), (23, 151), (129, 193), (1, 129), (135, 151), (232, 233), (79, 207)}
E2: {(33, 97), (193, 195), (32, 34), (32, 40), (162, 226), (193, 201), (243, 251), (82, 90), (101, 103), (151, 183), (38, 166), (193, 225), (103, 231), (196, 197), (1, 3), (196, 212), (174, 175), (32, 33), (96, 97), (174, 190), (193, 197), (1, 33), (25, 89), (156, 157), (83, 115), (82, 83), (180, 182), (162, 170), (181, 183), (245, 247), (157, 189), (181, 189), (1, 5), (132, 196), (115, 119), (187, 251), (68, 196), (1, 17), (183, 247), (119, 247), (162, 166), (18, 82), (166, 182), (180, 181), (162, 163), (231, 247), (182, 190), (129, 193), (34, 38), (97, 225), (17, 25), (115, 243), (36, 38), (66, 82), (151, 159)}
Obj: 32590

