Log for instance aco_tuning_out/inst09.txt.

Used ({'tau0': 2.0274933728523487e-06, 'xi': 0.13405703789383258, 'q0': 0.526091823657158, 'alpha': 1.6793374858698646, 'beta': 0.6970800710605479, 'rho': 0.13613590490376215, 'ants': 11}) and found best instance after 6.0 seconds.
E1: {(123, 204), (166, 184), (20, 23), (0, 2), (135, 153), (5, 86), (184, 238), (2, 20), (223, 232), (157, 238), (204, 231), (181, 235), (72, 78), (99, 102), (86, 89), (234, 235), (235, 236), (19, 20), (153, 234), (177, 231), (99, 153), (205, 232), (72, 153), (19, 181), (14, 23), (120, 123), (5, 23), (225, 231), (225, 234), (204, 205), (235, 238), (43, 205)}
E2: {(80, 242), (165, 167), (23, 77), (5, 86), (152, 233), (192, 193), (6, 8), (165, 166), (53, 80), (51, 52), (120, 201), (77, 80), (86, 89), (233, 242), (45, 51), (5, 167), (192, 195), (174, 177), (76, 157), (224, 233), (53, 134), (52, 53), (193, 211), (165, 174), (174, 201), (23, 26), (5, 8), (59, 77), (5, 23), (0, 6), (5, 32), (76, 77), (165, 192), (223, 224), (25, 26)}
Obj: 28383

