Log for instance aco_tuning_out/inst21.txt.

Used ({'tau_0': 4.426929263156353e-06, 'xi': 0.06025838234537617, 'q0': 0.705001489203017, 'alpha': 1.7379886783859488, 'beta': 1.7095931918554976, 'rho': 0.10716913974093385, 'ants': 23}) and found best instance after 40.71875 seconds.
E1: {(166, 175), (88, 97), (64, 145), (29, 32), (38, 47), (29, 38), (176, 185), (38, 44), (142, 223), (152, 233), (88, 142), (44, 206), (97, 178), (200, 206), (136, 145), (136, 142), (176, 230), (182, 185), (175, 176), (175, 178), (14, 176), (228, 230), (206, 233), (135, 136), (45, 47), (230, 233), (177, 178)}
E2: {(28, 46), (179, 206), (58, 59), (226, 229), (19, 46), (54, 135), (34, 196), (0, 54), (208, 211), (179, 233), (199, 205), (176, 185), (236, 239), (75, 78), (205, 206), (152, 233), (185, 239), (45, 46), (200, 206), (83, 164), (28, 109), (72, 75), (30, 39), (173, 176), (164, 173), (182, 185), (173, 179), (58, 76), (31, 34), (64, 226), (39, 120), (196, 205), (31, 58), (30, 32), (76, 157), (46, 208), (196, 223), (91, 118), (202, 205), (54, 72), (202, 229), (75, 76), (19, 25), (195, 196), (118, 199), (83, 89), (43, 205), (28, 34), (30, 31)}
Obj: 29652

