Log for instance aco_tuning_out/inst24.txt.

Used ({'tau0': 5.072339472437726e-06, 'xi': 0.06750660483788565, 'q0': 0.39673942663117334, 'alpha': 1.3764884196051321, 'beta': 0.7955077619397278, 'rho': 0.4521931615046479, 'ants': 17}) and found best instance after 8.578125 seconds.
E1: {(128, 130), (42, 106), (107, 235), (91, 123), (12, 13), (13, 45), (128, 160), (176, 240), (141, 157), (146, 178), (92, 94), (2, 130), (40, 56), (157, 159), (252, 253), (186, 250), (56, 58), (10, 42), (25, 89), (58, 186), (163, 227), (12, 76), (221, 253), (70, 78), (89, 91), (144, 146), (78, 94), (143, 159), (10, 14), (2, 10), (76, 78), (74, 90), (144, 176), (56, 57), (13, 141), (42, 43), (139, 143), (2, 34), (12, 14), (76, 108), (131, 163), (70, 71), (42, 58), (107, 123), (130, 131), (25, 57), (0, 128), (154, 186), (186, 190), (178, 186), (10, 74), (157, 221), (13, 15), (227, 243)}
E2: {(183, 191), (90, 91), (98, 226), (91, 123), (182, 183), (147, 155), (228, 229), (180, 244), (229, 237), (228, 244), (3, 19), (155, 159), (1, 3), (178, 182), (187, 191), (34, 98), (221, 223), (53, 181), (120, 122), (85, 213), (143, 175), (50, 51), (19, 51), (98, 106), (60, 61), (181, 183), (176, 178), (191, 255), (165, 181), (89, 91), (31, 159), (143, 159), (1, 5), (2, 10), (213, 215), (230, 231), (74, 90), (144, 176), (53, 61), (31, 63), (226, 230), (166, 182), (50, 114), (228, 230), (2, 34), (195, 227), (222, 223), (98, 114), (223, 255), (227, 231), (10, 74), (122, 123), (166, 230), (159, 191), (215, 223)}
Obj: 32316

