Log for instance aco_tuning_out/inst27.txt.

Used ({'tau_0': 6.651390889237055e-06, 'xi': 0.11158156951036152, 'q0': 0.3891327832249725, 'alpha': 0.5704086329673803, 'beta': 0.45022269695520334, 'rho': 0.05657845121910911, 'ants': 23}) and found best instance after 125.25 seconds.
E1: {(238, 254), (31, 95), (2, 34), (228, 236), (0, 128), (209, 241), (60, 62), (190, 254), (0, 2), (23, 31), (27, 31), (249, 251), (36, 52), (128, 144), (29, 31), (14, 30), (95, 223), (187, 251), (241, 249), (47, 63), (14, 142), (30, 31), (215, 223), (47, 111), (54, 62), (250, 254), (155, 187), (221, 223), (128, 132), (10, 14), (2, 10), (43, 47), (2, 3), (62, 63), (250, 251), (154, 155), (52, 116), (52, 54), (39, 47), (113, 241), (236, 238), (27, 155), (204, 236), (31, 63)}
E2: {(58, 59), (162, 226), (15, 143), (101, 103), (125, 253), (216, 218), (242, 243), (147, 179), (115, 123), (253, 255), (56, 58), (240, 242), (6, 14), (16, 144), (10, 42), (125, 127), (202, 218), (221, 253), (14, 15), (103, 111), (57, 59), (48, 56), (14, 30), (10, 14), (115, 119), (162, 166), (111, 127), (218, 250), (59, 123), (226, 242), (141, 143), (42, 58), (16, 48), (103, 119), (179, 243), (115, 243), (242, 250)}
Obj: 24784

