Log for instance aco_tuning_out/inst15.txt.

Used ({'tau_0': 6.293660666238772e-06, 'xi': 0.0765998967889499, 'q0': 0.6265340995784354, 'alpha': 0.31196112568590606, 'beta': 0.6324794380700602, 'rho': 0.3069899243645694, 'ants': 19}) and found best instance after 44.875 seconds.
E1: {(226, 229), (180, 186), (228, 229), (139, 157), (199, 205), (195, 204), (199, 226), (24, 78), (177, 186), (180, 182), (177, 204), (139, 220), (64, 226), (109, 118), (91, 118), (220, 229), (199, 200), (24, 186), (204, 205), (118, 199), (43, 205)}
E2: {(166, 175), (226, 229), (14, 68), (228, 229), (87, 89), (208, 211), (199, 205), (199, 208), (195, 204), (175, 229), (199, 226), (0, 81), (136, 145), (136, 142), (229, 230), (81, 87), (79, 160), (47, 128), (177, 204), (78, 79), (68, 230), (209, 236), (64, 226), (118, 145), (182, 209), (109, 118), (25, 79), (81, 135), (128, 134), (59, 68), (208, 209), (199, 200), (135, 136), (32, 59), (142, 160), (47, 209), (204, 205), (118, 199), (45, 47), (43, 205)}
Obj: 24531

