Log for instance aco_tuning_out/inst30.txt.

Used ({'tau_0': 2.924453704862743e-06, 'xi': 0.10102715591656777, 'q0': 0.8483785554218048, 'alpha': 1.0515532863745962, 'beta': 0.39867352753450425, 'rho': 0.28727195311451986, 'ants': 26}) and found best instance after 14.25 seconds.
E1: {(226, 229), (162, 171), (128, 209), (175, 202), (199, 202), (190, 199), (179, 233), (29, 32), (208, 211), (84, 102), (178, 179), (190, 208), (152, 233), (97, 178), (96, 97), (81, 84), (171, 173), (173, 179), (209, 236), (20, 101), (64, 226), (173, 200), (28, 29), (19, 20), (175, 176), (109, 118), (128, 134), (33, 34), (14, 176), (91, 118), (0, 162), (81, 162), (208, 209), (28, 190), (96, 123), (202, 229), (19, 25), (118, 199), (101, 128), (33, 195), (175, 178), (28, 34), (177, 178), (120, 123)}
E2: {(145, 146), (3, 4), (4, 58), (128, 209), (76, 79), (198, 200), (0, 81), (3, 165), (81, 84), (200, 209), (165, 166), (36, 198), (58, 76), (209, 236), (64, 226), (118, 145), (182, 209), (27, 33), (109, 118), (27, 36), (174, 177), (36, 45), (81, 135), (76, 157), (128, 134), (25, 79), (146, 155), (91, 118), (146, 152), (145, 226), (128, 155), (174, 201), (201, 228), (3, 84), (33, 195), (198, 201), (0, 27)}
Obj: 34542

