Log for instance aco_tuning_out/inst15.txt.

Used ({'tau_0': 6.2578016549988135e-06, 'xi': 0.07695855038194482, 'q0': 0.6338595363337294, 'alpha': 1.3781099098119947, 'beta': 1.0918136498914073, 'rho': 0.20985761634934252, 'ants': 15}) and found best instance after 9.28125 seconds.
E1: {(33, 42), (39, 201), (37, 64), (66, 228), (101, 182), (75, 78), (66, 75), (100, 101), (44, 206), (39, 66), (200, 206), (37, 118), (42, 44), (103, 157), (39, 41), (100, 103), (91, 100), (109, 118), (174, 177), (41, 44), (91, 118), (43, 44), (174, 201), (33, 195), (37, 43)}
E2: {(163, 164), (81, 82), (226, 232), (28, 46), (3, 4), (39, 201), (4, 58), (58, 59), (31, 32), (75, 78), (25, 187), (5, 86), (195, 204), (205, 206), (45, 46), (200, 206), (83, 164), (30, 39), (82, 83), (28, 109), (204, 231), (163, 169), (4, 5), (126, 128), (81, 99), (86, 89), (166, 169), (3, 21), (3, 30), (164, 182), (64, 226), (99, 126), (169, 187), (205, 214), (31, 58), (177, 231), (201, 204), (81, 135), (128, 134), (21, 75), (211, 214), (205, 232), (182, 236), (201, 228), (5, 14), (0, 3), (204, 205), (83, 86), (28, 31), (43, 205)}
Obj: 29841

