Log for instance aco_tuning_out/inst15.txt.

Used ({'tau0': 7.199516623553175e-06, 'xi': 0.11757684122784635, 'q0': 0.8950304976400971, 'alpha': 1.7862372914817117, 'beta': 1.3396042945590478, 'rho': 0.08070539620138223, 'ants': 25}) and found best instance after 68.78125 seconds.
E1: {(81, 82), (3, 4), (4, 58), (171, 177), (84, 87), (66, 228), (75, 78), (66, 75), (87, 168), (34, 43), (83, 164), (171, 173), (82, 83), (81, 84), (164, 173), (58, 67), (168, 195), (58, 76), (31, 34), (164, 182), (173, 200), (31, 58), (76, 157), (64, 67), (82, 91), (82, 109), (3, 84), (66, 67)}
E2: {(43, 205), (166, 175), (226, 232), (226, 229), (162, 171), (175, 202), (171, 177), (66, 228), (234, 236), (75, 78), (66, 75), (135, 153), (83, 164), (171, 173), (72, 75), (211, 212), (173, 176), (164, 173), (21, 24), (75, 77), (164, 182), (64, 226), (195, 197), (134, 215), (173, 200), (118, 145), (50, 212), (205, 214), (175, 176), (153, 234), (109, 118), (24, 25), (197, 215), (21, 75), (14, 176), (205, 232), (0, 162), (45, 72), (145, 226), (72, 153), (32, 50), (50, 77), (59, 77), (202, 229), (83, 89), (214, 215), (212, 215)}
Obj: 28344

