Log for instance aco_tuning_out/inst09.txt.

Used ({'tau0': 7.814861621349648e-06, 'xi': 0.138307434456488, 'q0': 0.43841983460807055, 'alpha': 1.339632899369741, 'beta': 1.2581696145841696, 'rho': 0.4518495513690369, 'ants': 15}) and found best instance after 5.859375 seconds.
E1: {(166, 175), (43, 205), (84, 87), (87, 89), (84, 93), (84, 102), (227, 230), (57, 60), (0, 81), (227, 236), (121, 148), (93, 95), (223, 232), (81, 84), (176, 230), (94, 148), (175, 176), (81, 135), (120, 121), (3, 57), (14, 176), (94, 175), (205, 232), (178, 232), (60, 69), (69, 78), (3, 84), (175, 178), (148, 157), (94, 95), (177, 178)}
E2: {(3, 4), (4, 58), (162, 171), (58, 59), (162, 168), (179, 233), (171, 198), (25, 187), (152, 233), (201, 202), (6, 8), (171, 173), (177, 186), (195, 222), (4, 5), (168, 186), (120, 201), (3, 6), (36, 198), (173, 179), (58, 76), (134, 215), (50, 212), (4, 166), (168, 222), (36, 45), (76, 157), (202, 211), (222, 223), (186, 187), (5, 23), (6, 168), (0, 6), (5, 32), (8, 89), (212, 215), (23, 50), (198, 201)}
Obj: 28996

