Log for instance aco_tuning_out/inst21.txt.

Used ({'tau_0': 6.916816029978271e-06, 'xi': 0.13109583259981678, 'q0': 0.7096508529113955, 'alpha': 0.8294099029859726, 'beta': 1.23731470593669, 'rho': 0.12314043168046776, 'ants': 23}) and found best instance after 78.25 seconds.
E1: {(166, 175), (226, 229), (228, 229), (11, 173), (38, 41), (179, 233), (217, 223), (217, 226), (175, 229), (152, 233), (11, 38), (173, 176), (173, 179), (173, 182), (64, 226), (173, 200), (175, 176), (36, 45), (177, 179), (14, 176), (32, 41), (136, 217), (135, 136), (36, 38)}
E2: {(58, 59), (147, 149), (43, 52), (31, 32), (33, 51), (120, 147), (217, 223), (171, 198), (149, 152), (218, 236), (89, 116), (145, 148), (171, 173), (136, 145), (147, 148), (49, 211), (51, 52), (33, 114), (36, 198), (25, 52), (173, 182), (49, 52), (55, 217), (31, 49), (173, 200), (27, 33), (31, 58), (36, 45), (27, 36), (55, 58), (55, 64), (109, 136), (136, 217), (217, 218), (135, 136), (91, 145), (114, 116), (51, 78), (33, 195), (148, 157), (0, 27)}
Obj: 26432

