Log for instance aco_tuning_out/inst03.txt.

Used ({'tau_0': 3.5413625395276035e-06, 'xi': 0.13677021617214064, 'q0': 0.40454797157881806, 'alpha': 1.9054287973649844, 'beta': 1.2761266989533575, 'rho': 0.43117638553854254, 'ants': 24}) and found best instance after 13.90625 seconds.
E1: {(177, 181), (128, 136), (193, 195), (136, 137), (196, 228), (211, 219), (39, 167), (200, 204), (210, 214), (196, 197), (187, 191), (100, 101), (53, 181), (68, 84), (197, 213), (36, 52), (128, 132), (136, 200), (193, 197), (177, 241), (52, 54), (147, 151), (164, 228), (84, 92), (20, 28), (49, 113), (167, 175), (49, 177), (207, 223), (20, 52), (132, 196), (115, 119), (149, 151), (213, 215), (213, 221), (68, 196), (240, 241), (135, 167), (100, 228), (209, 211), (151, 215), (36, 164), (200, 202), (24, 28), (175, 191), (200, 232), (113, 115), (209, 241), (9, 137), (49, 57), (65, 193), (135, 151), (214, 215), (215, 223), (209, 213)}
E2: {(128, 136), (136, 137), (154, 155), (196, 228), (132, 164), (162, 226), (99, 115), (133, 141), (164, 180), (228, 244), (216, 218), (0, 2), (210, 214), (196, 197), (155, 159), (114, 115), (187, 191), (48, 176), (115, 123), (78, 110), (198, 206), (110, 111), (160, 164), (128, 132), (137, 141), (1, 33), (206, 222), (10, 42), (154, 218), (128, 144), (150, 214), (14, 15), (1, 5), (10, 14), (244, 245), (132, 196), (187, 251), (2, 10), (123, 251), (235, 251), (214, 222), (144, 176), (36, 164), (1, 17), (45, 173), (63, 191), (128, 192), (162, 166), (137, 201), (42, 43), (2, 34), (140, 172), (40, 42), (78, 206), (5, 133), (176, 177), (218, 222), (0, 128), (9, 137), (218, 219), (219, 251), (196, 198), (141, 173), (160, 162), (136, 140)}
Obj: 35289

