Log for instance aco_tuning_out/inst30.txt.

Used ({'tau_0': 8.908613414444593e-06, 'xi': 0.1316659796537964, 'q0': 0.44184378094598165, 'alpha': 1.5856828467501214, 'beta': 0.9751219636880748, 'rho': 0.2735558699054583, 'ants': 18}) and found best instance after 11.578125 seconds.
E1: {(68, 149), (39, 201), (98, 107), (99, 100), (31, 32), (146, 227), (0, 2), (107, 134), (100, 101), (14, 95), (204, 213), (227, 236), (195, 213), (39, 66), (98, 152), (2, 20), (31, 193), (99, 102), (120, 201), (58, 67), (95, 98), (200, 227), (20, 101), (66, 68), (112, 193), (100, 106), (31, 58), (109, 112), (91, 100), (201, 204), (174, 177), (146, 149), (64, 67), (25, 106), (95, 149), (193, 211), (174, 201), (101, 107), (66, 67)}
E2: {(166, 175), (81, 82), (123, 204), (20, 23), (125, 134), (23, 77), (22, 23), (176, 185), (217, 226), (234, 236), (125, 152), (198, 200), (195, 213), (162, 216), (154, 157), (213, 240), (228, 237), (22, 25), (177, 204), (153, 155), (216, 217), (45, 207), (64, 226), (20, 182), (135, 216), (155, 158), (175, 176), (153, 234), (23, 185), (82, 91), (0, 162), (81, 162), (207, 213), (234, 237), (82, 109), (153, 154), (234, 240), (77, 158), (123, 125), (216, 234), (198, 204), (198, 207)}
Obj: 34612

