Log for instance aco_tuning_out/inst03.txt.

Used ({'tau_0': 9.767241690470751e-06, 'xi': 0.11665997591227979, 'q0': 0.8943962543294219, 'alpha': 1.1523918797969719, 'beta': 1.0104719425759585, 'rho': 0.28187790444783706, 'ants': 10}) and found best instance after 10.265625 seconds.
E1: {(177, 181), (200, 201), (193, 195), (193, 201), (145, 149), (128, 136), (243, 251), (136, 137), (155, 187), (99, 103), (147, 155), (211, 219), (105, 107), (99, 115), (181, 245), (228, 244), (39, 103), (210, 211), (39, 167), (97, 105), (252, 253), (187, 191), (156, 188), (57, 185), (114, 118), (53, 181), (76, 204), (249, 251), (136, 200), (64, 68), (0, 32), (83, 115), (32, 36), (20, 22), (221, 253), (78, 79), (79, 111), (28, 156), (97, 101), (244, 245), (187, 251), (76, 78), (54, 118), (135, 167), (200, 202), (249, 253), (240, 244), (24, 28), (177, 185), (32, 96), (145, 147), (175, 191), (188, 252), (107, 111), (99, 107), (200, 232), (113, 115), (98, 114), (0, 64), (145, 177), (0, 128), (9, 137), (65, 193), (103, 119), (115, 243), (28, 92), (83, 211), (195, 211), (22, 54), (96, 98), (79, 207)}
E2: {(177, 181), (105, 107), (156, 188), (148, 150), (96, 97), (147, 151), (14, 15), (48, 56), (29, 61), (166, 167), (123, 251), (32, 96), (32, 160), (59, 123), (2, 34), (33, 49), (228, 236), (0, 128), (210, 218), (151, 159), (136, 137), (243, 251), (98, 226), (147, 155), (5, 7), (216, 218), (0, 2), (210, 211), (114, 115), (40, 56), (132, 148), (7, 71), (249, 251), (10, 42), (165, 181), (194, 226), (187, 251), (132, 196), (249, 253), (188, 252), (71, 103), (98, 114), (9, 137), (96, 98), (99, 103), (146, 154), (155, 187), (165, 167), (58, 62), (43, 171), (228, 244), (97, 105), (172, 236), (244, 252), (45, 61), (146, 147), (32, 36), (193, 197), (49, 113), (49, 177), (10, 14), (244, 245), (28, 29), (2, 10), (137, 201), (180, 181), (42, 58), (196, 198), (115, 243), (62, 63), (17, 49), (192, 194), (128, 136), (193, 201), (171, 235), (58, 59), (150, 151), (252, 253), (198, 206), (83, 211), (56, 58), (83, 115), (206, 222), (107, 111), (99, 107), (113, 115), (171, 187), (28, 156)}
Obj: 42155

