Log for instance aco_tuning_out/inst03.txt.

Used ({'tau0': 8.613914963906393e-06, 'xi': 0.14574697859969848, 'q0': 0.4568549694035073, 'alpha': 1.0997466880204505, 'beta': 1.26467494952901, 'rho': 0.20648622793681415, 'ants': 10}) and found best instance after 105.8125 seconds.
E1: {(76, 92), (193, 195), (145, 149), (196, 228), (219, 223), (211, 219), (113, 117), (210, 211), (135, 199), (39, 167), (57, 121), (129, 137), (187, 191), (221, 223), (53, 117), (64, 65), (224, 228), (76, 204), (36, 52), (64, 68), (224, 240), (202, 203), (52, 54), (20, 28), (101, 117), (199, 207), (167, 175), (129, 145), (117, 119), (20, 52), (68, 196), (135, 167), (24, 28), (175, 191), (147, 211), (203, 207), (52, 53), (203, 219), (9, 137), (129, 193), (195, 199), (65, 193), (113, 121), (28, 92), (68, 76), (224, 232)}
E2: {(32, 34), (32, 40), (154, 158), (193, 201), (98, 226), (107, 235), (134, 198), (43, 107), (5, 13), (216, 218), (128, 160), (252, 253), (34, 98), (148, 150), (158, 222), (132, 148), (192, 193), (128, 132), (32, 33), (193, 197), (32, 36), (148, 180), (180, 188), (245, 253), (32, 48), (15, 47), (49, 177), (9, 13), (134, 166), (13, 15), (32, 160), (128, 192), (47, 63), (98, 99), (33, 49), (188, 252), (107, 111), (99, 107), (98, 114), (150, 158), (107, 123), (218, 222), (0, 128), (210, 218), (132, 134), (45, 47), (158, 159), (172, 188), (47, 111), (17, 49)}
Obj: 29928

