Log for instance aco_tuning_out/inst06.txt.

Used ({'tau0': 9.701809206152345e-06, 'xi': 0.09407325991753526, 'q0': 0.3044948820351523, 'alpha': 1.8442079342859672, 'beta': 1.893720745386587, 'rho': 0.3120024078765271, 'ants': 29}) and found best instance after 161.328125 seconds.
E1: {(192, 194), (188, 190), (3, 7), (156, 158), (84, 212), (133, 135), (61, 189), (22, 23), (237, 253), (210, 211), (130, 194), (121, 249), (156, 188), (212, 214), (114, 118), (78, 110), (83, 211), (158, 222), (205, 221), (174, 175), (166, 174), (45, 61), (7, 135), (174, 190), (180, 188), (188, 189), (84, 86), (221, 253), (105, 121), (22, 86), (129, 133), (172, 174), (214, 222), (240, 241), (53, 61), (6, 7), (249, 253), (24, 28), (198, 214), (241, 249), (105, 233), (110, 238), (89, 121), (194, 198), (6, 22), (84, 85), (46, 110), (194, 210), (46, 174), (7, 39), (205, 207), (28, 156), (189, 253), (86, 118), (232, 233)}
E2: {(193, 195), (193, 201), (99, 103), (162, 226), (105, 107), (96, 104), (188, 190), (101, 103), (18, 26), (3, 19), (129, 131), (193, 225), (104, 105), (103, 231), (156, 188), (187, 191), (4, 36), (34, 162), (132, 148), (166, 174), (174, 175), (148, 156), (174, 190), (193, 197), (18, 19), (26, 90), (4, 5), (162, 170), (188, 189), (180, 188), (105, 121), (3, 131), (67, 195), (229, 245), (40, 104), (225, 229), (162, 166), (89, 121), (175, 191), (162, 163), (131, 163), (99, 107), (4, 68), (4, 132), (17, 19), (129, 193), (103, 119), (66, 67), (67, 99), (148, 212), (159, 191)}
Obj: 31222

