Log for instance aco_tuning_out/inst21.txt.

Used ({'tau0': 4.426929263156353e-06, 'xi': 0.06025838234537617, 'q0': 0.705001489203017, 'alpha': 1.7379886783859488, 'beta': 1.7095931918554976, 'rho': 0.10716913974093385, 'ants': 23}) and found best instance after 41.03125 seconds.
E1: {(166, 175), (39, 201), (98, 107), (175, 202), (66, 228), (135, 141), (176, 185), (39, 48), (205, 206), (39, 66), (64, 65), (201, 202), (97, 178), (200, 206), (107, 161), (182, 185), (97, 98), (141, 159), (66, 68), (196, 205), (175, 176), (45, 48), (196, 223), (14, 176), (202, 205), (32, 41), (159, 161), (41, 68), (152, 161), (65, 68), (175, 178), (177, 178)}
E2: {(28, 46), (58, 59), (54, 135), (28, 55), (55, 136), (118, 119), (0, 54), (208, 211), (38, 41), (76, 79), (34, 43), (198, 200), (54, 55), (45, 46), (160, 161), (28, 109), (136, 145), (223, 241), (79, 160), (120, 201), (89, 143), (36, 198), (78, 79), (58, 76), (209, 236), (118, 145), (38, 119), (182, 209), (25, 79), (55, 58), (76, 157), (46, 208), (91, 118), (55, 64), (32, 41), (208, 209), (152, 161), (79, 241), (143, 161), (36, 38), (189, 195), (28, 34), (198, 201), (189, 198)}
Obj: 30930

