Log for instance aco_tuning_out/inst09.txt.

Used ({'tau_0': 2.760703391532889e-06, 'xi': 0.11284095755067615, 'q0': 0.39431429333058177, 'alpha': 1.2851296972235255, 'beta': 1.3966465894197229, 'rho': 0.20591685095973755, 'ants': 13}) and found best instance after 9.515625 seconds.
E1: {(43, 205), (166, 175), (39, 201), (54, 135), (0, 54), (234, 236), (75, 78), (66, 75), (72, 234), (102, 156), (13, 14), (39, 66), (223, 232), (6, 8), (72, 75), (156, 157), (120, 201), (177, 204), (13, 175), (75, 156), (201, 204), (54, 72), (205, 232), (178, 232), (0, 6), (204, 205), (8, 89), (175, 178)}
E2: {(68, 149), (4, 58), (39, 201), (212, 215), (210, 211), (7, 169), (149, 152), (195, 204), (39, 66), (120, 201), (7, 25), (58, 67), (177, 204), (88, 169), (58, 76), (0, 1), (45, 207), (66, 68), (134, 215), (88, 89), (201, 204), (76, 157), (201, 210), (4, 7), (59, 68), (169, 223), (32, 59), (207, 210), (1, 4), (210, 212), (66, 67), (166, 169)}
Obj: 26317

