Log for instance aco_tuning_out/inst21.txt.

Used ({'tau0': 6.895901444357542e-06, 'xi': 0.11930677293557751, 'q0': 0.7766820476791325, 'alpha': 1.762448247826621, 'beta': 0.8740652131662537, 'rho': 0.21713520092331218, 'ants': 13}) and found best instance after 8.46875 seconds.
E1: {(166, 175), (81, 82), (226, 229), (162, 171), (119, 200), (175, 202), (118, 119), (162, 168), (228, 229), (29, 32), (29, 38), (179, 233), (152, 233), (83, 164), (171, 173), (82, 83), (168, 177), (173, 176), (164, 173), (173, 179), (164, 182), (64, 226), (118, 145), (38, 119), (175, 176), (27, 36), (168, 222), (81, 135), (27, 45), (14, 176), (222, 223), (145, 226), (202, 229), (36, 38)}
E2: {(43, 205), (81, 82), (226, 232), (101, 155), (3, 4), (226, 229), (4, 58), (175, 202), (31, 32), (190, 199), (83, 137), (20, 47), (152, 233), (199, 226), (45, 46), (74, 155), (97, 178), (96, 97), (83, 164), (81, 84), (82, 83), (130, 157), (232, 241), (189, 195), (72, 75), (223, 241), (72, 78), (21, 24), (46, 47), (135, 137), (20, 101), (164, 182), (64, 226), (189, 190), (31, 58), (109, 118), (24, 25), (130, 211), (72, 74), (21, 75), (91, 118), (82, 91), (137, 146), (205, 232), (202, 211), (146, 155), (74, 236), (199, 200), (96, 123), (32, 59), (0, 3), (202, 229), (3, 84), (83, 89), (118, 199), (175, 178), (232, 233), (120, 123)}
Obj: 34263

