Log for instance aco_tuning_out/inst09.txt.

Used ({'tau0': 4.060261844275314e-06, 'xi': 0.08488866370438058, 'q0': 0.7517708033130077, 'alpha': 0.7568921075953849, 'beta': 1.442677676309637, 'rho': 0.31238065733584786, 'ants': 26}) and found best instance after 137.171875 seconds.
E1: {(166, 175), (81, 82), (39, 201), (175, 202), (234, 236), (75, 78), (66, 75), (72, 234), (0, 81), (39, 66), (201, 202), (223, 232), (72, 75), (82, 83), (103, 157), (120, 201), (86, 89), (100, 103), (102, 103), (175, 176), (174, 177), (81, 135), (21, 75), (14, 176), (202, 205), (205, 232), (174, 201), (82, 100), (21, 102), (83, 86), (43, 205)}
E2: {(166, 175), (4, 58), (58, 59), (175, 202), (151, 232), (5, 86), (151, 152), (195, 213), (201, 202), (186, 213), (223, 232), (18, 19), (157, 238), (177, 186), (4, 5), (214, 241), (120, 201), (86, 89), (20, 101), (134, 215), (19, 20), (238, 241), (205, 214), (213, 215), (4, 166), (202, 205), (205, 232), (18, 45), (211, 238), (19, 25), (5, 32), (83, 86), (214, 215), (0, 18), (83, 101)}
Obj: 27468

