Log for instance aco_tuning_out/inst12.txt.

Used ({'tau0': 9.387858024888234e-06, 'xi': 0.14290215705758647, 'q0': 0.4917258290014144, 'alpha': 1.0227666505205433, 'beta': 1.168523363313268, 'rho': 0.2926263236671505, 'ants': 22}) and found best instance after 78.953125 seconds.
E1: {(120, 129), (166, 193), (118, 119), (102, 129), (29, 32), (129, 131), (109, 110), (131, 134), (209, 212), (211, 212), (86, 89), (29, 110), (182, 209), (86, 113), (196, 205), (113, 131), (110, 113), (110, 119), (131, 212), (193, 196), (27, 45), (91, 118), (193, 211), (195, 196), (27, 29), (43, 205), (0, 27)}
E2: {(93, 102), (4, 58), (54, 135), (98, 107), (58, 59), (55, 136), (166, 193), (34, 196), (29, 32), (89, 98), (107, 134), (236, 242), (34, 43), (58, 220), (198, 200), (54, 55), (93, 95), (98, 152), (72, 78), (58, 67), (95, 98), (36, 198), (177, 204), (22, 25), (94, 148), (27, 36), (55, 58), (193, 196), (196, 223), (27, 45), (64, 67), (109, 136), (27, 54), (54, 72), (224, 242), (193, 211), (193, 220), (67, 148), (4, 22), (27, 29), (198, 204), (148, 157), (94, 95), (223, 224)}
Obj: 29687

