Log for instance aco_tuning_out/inst15.txt.

Used ({'tau0': 5.432541354150304e-06, 'xi': 0.1098768506848867, 'q0': 0.588663995987506, 'alpha': 1.0903417143977059, 'beta': 1.0292353817624138, 'rho': 0.37868431591672963, 'ants': 31}) and found best instance after 27.3125 seconds.
E1: {(231, 240), (151, 232), (64, 145), (176, 185), (176, 203), (157, 160), (200, 203), (136, 145), (145, 151), (228, 231), (182, 185), (196, 205), (175, 176), (231, 232), (177, 231), (175, 178), (151, 160), (78, 240), (109, 136), (205, 232), (178, 232), (91, 145), (195, 196), (43, 205)}
E2: {(166, 175), (81, 82), (185, 188), (128, 209), (175, 202), (176, 185), (40, 41), (189, 191), (0, 81), (26, 188), (83, 164), (82, 83), (72, 78), (40, 202), (182, 185), (191, 200), (209, 236), (40, 43), (164, 182), (191, 209), (164, 191), (175, 176), (174, 177), (40, 67), (26, 80), (72, 74), (128, 134), (81, 135), (14, 176), (64, 67), (202, 211), (32, 41), (45, 72), (32, 59), (82, 109), (74, 80), (174, 228), (83, 89), (189, 195), (174, 176), (25, 26)}
Obj: 27034

