Log for instance aco_tuning_out/inst09.txt.

Used ({'tau_0': 5.886189817315941e-06, 'xi': 0.08222368157872886, 'q0': 0.5177131034654385, 'alpha': 1.8715621976373542, 'beta': 1.496250370264296, 'rho': 0.33920762188241993, 'ants': 22}) and found best instance after 5.734375 seconds.
E1: {(3, 4), (4, 58), (84, 87), (162, 168), (93, 120), (87, 89), (84, 93), (87, 168), (78, 159), (34, 43), (236, 242), (240, 242), (34, 61), (93, 174), (81, 87), (58, 76), (31, 34), (31, 58), (4, 166), (174, 177), (81, 135), (76, 157), (0, 162), (3, 5), (14, 23), (5, 23), (3, 84), (159, 240), (87, 105), (102, 105), (105, 159), (61, 223)}
E2: {(123, 204), (166, 184), (3, 4), (84, 87), (87, 89), (195, 204), (39, 66), (103, 130), (223, 232), (6, 8), (22, 184), (30, 39), (168, 177), (6, 87), (103, 157), (7, 25), (35, 53), (3, 30), (66, 68), (36, 39), (39, 120), (30, 32), (8, 35), (27, 36), (66, 147), (130, 211), (27, 45), (123, 150), (53, 134), (147, 150), (4, 7), (59, 68), (205, 232), (150, 152), (4, 22), (3, 84), (6, 168), (0, 6), (22, 103), (204, 205)}
Obj: 29311

