Log for instance aco_tuning_out/inst27.txt.

Used ({'tau_0': 9.701809206152345e-06, 'xi': 0.09407325991753526, 'q0': 0.3044948820351523, 'alpha': 1.8442079342859672, 'beta': 1.893720745386587, 'rho': 0.3120024078765271, 'ants': 29}) and found best instance after 16.125 seconds.
E1: {(93, 221), (196, 228), (146, 154), (35, 39), (206, 238), (23, 31), (114, 115), (34, 50), (28, 30), (186, 250), (114, 118), (211, 243), (27, 31), (93, 95), (30, 158), (36, 52), (52, 54), (116, 118), (28, 60), (211, 215), (221, 253), (52, 60), (144, 146), (31, 95), (142, 158), (204, 206), (28, 29), (132, 196), (54, 118), (209, 211), (249, 253), (31, 63), (111, 127), (50, 114), (158, 190), (35, 43), (142, 206), (113, 115), (186, 187), (154, 186), (34, 35), (186, 190), (3, 35), (115, 243), (196, 204), (30, 31), (95, 127)}
E2: {(119, 127), (162, 226), (98, 226), (101, 103), (133, 141), (216, 218), (176, 240), (114, 115), (123, 127), (48, 176), (122, 250), (132, 133), (6, 14), (58, 122), (10, 42), (125, 127), (202, 218), (93, 125), (14, 15), (127, 255), (49, 113), (14, 30), (10, 14), (115, 119), (144, 176), (162, 166), (111, 127), (145, 147), (218, 250), (144, 145), (42, 58), (113, 115), (48, 49), (98, 114), (103, 119), (49, 57), (132, 134), (115, 243), (122, 123), (93, 221), (6, 134)}
Obj: 26436

