Log for instance aco_tuning_out/inst06.txt.

Used ({'tau0': 6.7016855702575265e-06, 'xi': 0.11061032973207813, 'q0': 0.8522979141088549, 'alpha': 0.9933756089527778, 'beta': 1.0108153997499625, 'rho': 0.20257431029412304, 'ants': 17}) and found best instance after 21.09375 seconds.
E1: {(128, 130), (168, 172), (128, 136), (136, 137), (105, 107), (98, 226), (156, 158), (180, 244), (206, 238), (237, 253), (192, 224), (210, 211), (23, 31), (39, 167), (1, 3), (156, 188), (83, 91), (129, 137), (91, 95), (83, 211), (158, 222), (206, 207), (174, 175), (168, 232), (14, 46), (45, 61), (6, 14), (166, 174), (174, 190), (85, 213), (110, 111), (206, 222), (212, 244), (180, 188), (29, 31), (221, 253), (89, 91), (31, 95), (0, 1), (212, 213), (172, 174), (28, 29), (29, 61), (166, 167), (213, 221), (135, 167), (53, 61), (110, 238), (24, 28), (240, 244), (249, 253), (128, 192), (158, 190), (107, 111), (46, 110), (98, 114), (78, 206), (136, 168), (0, 128), (28, 156), (224, 226)}
E2: {(128, 136), (90, 91), (193, 195), (193, 201), (32, 34), (162, 226), (98, 226), (155, 187), (118, 119), (180, 244), (0, 2), (155, 159), (1, 3), (114, 118), (187, 191), (156, 188), (91, 95), (189, 191), (128, 129), (166, 174), (174, 175), (64, 68), (128, 132), (96, 97), (193, 197), (32, 36), (174, 190), (212, 244), (162, 170), (188, 189), (180, 188), (89, 91), (0, 1), (31, 95), (97, 101), (31, 159), (1, 5), (8, 136), (244, 245), (230, 231), (1, 17), (32, 96), (226, 230), (162, 166), (175, 191), (162, 163), (2, 34), (66, 98), (98, 114), (0, 64), (0, 128), (129, 193), (97, 225), (2, 18), (96, 98), (8, 40)}
Obj: 32805

