Log for instance aco_tuning_out/inst06.txt.

Used ({'tau0': 6.2578016549988135e-06, 'xi': 0.07695855038194482, 'q0': 0.6338595363337294, 'alpha': 1.3781099098119947, 'beta': 1.0918136498914073, 'rho': 0.20985761634934252, 'ants': 15}) and found best instance after 18.765625 seconds.
E1: {(128, 130), (192, 194), (232, 236), (47, 175), (180, 244), (206, 238), (86, 87), (0, 2), (87, 95), (130, 194), (0, 8), (114, 118), (8, 24), (172, 236), (91, 95), (198, 206), (53, 181), (196, 212), (128, 129), (85, 213), (166, 174), (174, 175), (143, 175), (14, 46), (174, 190), (6, 14), (105, 109), (206, 222), (212, 244), (221, 253), (89, 91), (135, 143), (39, 47), (212, 213), (83, 87), (236, 238), (172, 174), (85, 87), (213, 221), (45, 109), (109, 237), (240, 244), (249, 253), (194, 198), (180, 181), (194, 210), (46, 174), (23, 87), (78, 206), (143, 207), (0, 128), (2, 3), (196, 198), (45, 47), (86, 118)}
E2: {(90, 91), (119, 127), (193, 195), (32, 34), (32, 40), (193, 201), (188, 190), (162, 226), (180, 244), (0, 2), (193, 225), (2, 66), (1, 3), (156, 188), (187, 191), (91, 95), (196, 212), (128, 129), (174, 175), (166, 174), (96, 97), (128, 132), (174, 190), (193, 197), (32, 36), (143, 175), (212, 244), (180, 188), (188, 189), (162, 170), (89, 91), (31, 95), (97, 101), (170, 174), (143, 159), (31, 159), (1, 5), (244, 245), (132, 196), (68, 196), (1, 17), (199, 231), (32, 96), (175, 191), (162, 163), (2, 34), (0, 128), (2, 3), (195, 199), (97, 225), (2, 18), (95, 127)}
Obj: 30403

