Log for instance aco_tuning_out/inst15.txt.

Used ({'tau0': 2.924453704862743e-06, 'xi': 0.10102715591656777, 'q0': 0.8483785554218048, 'alpha': 1.0515532863745962, 'beta': 0.39867352753450425, 'rho': 0.28727195311451986, 'ants': 26}) and found best instance after 21.625 seconds.
E1: {(38, 200), (33, 42), (171, 177), (118, 119), (66, 228), (171, 180), (38, 44), (75, 78), (34, 43), (42, 44), (180, 182), (12, 21), (58, 76), (31, 34), (64, 226), (38, 119), (118, 145), (18, 180), (31, 58), (109, 118), (76, 157), (33, 34), (18, 21), (21, 75), (12, 66), (91, 118), (145, 226), (75, 76), (33, 195)}
E2: {(81, 82), (38, 200), (3, 4), (226, 229), (162, 171), (39, 201), (162, 168), (118, 119), (171, 177), (11, 173), (66, 228), (83, 101), (171, 198), (101, 182), (11, 14), (66, 75), (75, 78), (39, 66), (83, 164), (11, 38), (171, 173), (82, 83), (81, 84), (30, 39), (30, 48), (16, 25), (164, 173), (168, 195), (16, 43), (66, 68), (10, 11), (64, 226), (38, 119), (118, 145), (30, 32), (45, 48), (109, 118), (4, 166), (81, 135), (128, 134), (119, 128), (0, 162), (59, 68), (202, 211), (182, 236), (145, 226), (202, 229), (3, 84), (10, 16), (83, 89), (198, 201)}
Obj: 29682

