Log for instance aco_tuning_out/inst06.txt.

Used ({'tau0': 6.013615341921658e-06, 'xi': 0.14211938125893342, 'q0': 0.3248975661404837, 'alpha': 1.1289454136305503, 'beta': 1.4285276537384943, 'rho': 0.3107997616316016, 'ants': 20}) and found best instance after 227.125 seconds.
E1: {(192, 194), (47, 175), (192, 200), (200, 201), (180, 244), (206, 238), (22, 23), (237, 253), (210, 211), (130, 194), (73, 105), (28, 30), (178, 182), (1, 3), (206, 207), (37, 45), (166, 174), (174, 175), (85, 213), (128, 129), (174, 190), (206, 222), (212, 244), (180, 182), (73, 89), (221, 253), (39, 47), (212, 213), (172, 174), (213, 221), (134, 166), (174, 238), (249, 253), (240, 244), (24, 28), (37, 53), (128, 192), (166, 182), (73, 201), (50, 114), (6, 22), (50, 178), (134, 135), (194, 210), (46, 174), (200, 232), (78, 206), (22, 30), (130, 134), (1, 129), (45, 47), (83, 211), (6, 134)}
E2: {(193, 195), (193, 201), (32, 40), (188, 190), (98, 226), (82, 90), (180, 244), (103, 231), (193, 225), (89, 217), (1, 3), (156, 188), (34, 98), (187, 191), (174, 175), (166, 174), (197, 213), (96, 97), (174, 190), (193, 197), (32, 36), (163, 227), (212, 244), (201, 217), (180, 188), (188, 189), (4, 5), (97, 101), (170, 174), (212, 213), (1, 5), (244, 245), (1, 17), (226, 227), (32, 96), (18, 82), (175, 191), (66, 98), (4, 68), (4, 132), (129, 193), (103, 119), (1, 129), (227, 231), (97, 225), (66, 82), (159, 191), (96, 98)}
Obj: 29819

