Log for instance aco_tuning_out/inst21.txt.

Used ({'tau_0': 9.342356314703797e-06, 'xi': 0.11093798894348852, 'q0': 0.3936504222796646, 'alpha': 1.8613339066625738, 'beta': 0.5900213499937936, 'rho': 0.2538267278899345, 'ants': 22}) and found best instance after 15.6875 seconds.
E1: {(212, 239), (189, 216), (37, 64), (171, 177), (237, 238), (160, 241), (32, 113), (176, 185), (171, 198), (36, 37), (166, 220), (198, 200), (185, 239), (160, 161), (171, 173), (223, 241), (182, 185), (173, 176), (228, 237), (27, 189), (36, 198), (135, 216), (238, 241), (113, 131), (27, 36), (36, 45), (131, 212), (14, 176), (237, 239), (220, 238), (152, 161)}
E2: {(83, 110), (39, 201), (118, 119), (150, 151), (64, 145), (208, 211), (199, 208), (222, 240), (236, 239), (198, 200), (185, 239), (30, 39), (136, 145), (195, 222), (79, 160), (237, 240), (182, 185), (120, 201), (118, 124), (78, 79), (43, 124), (36, 198), (118, 145), (198, 199), (30, 32), (36, 45), (25, 79), (110, 119), (151, 160), (78, 240), (109, 136), (237, 239), (150, 152), (222, 223), (135, 136), (32, 59), (0, 9), (91, 145), (124, 151), (83, 89), (118, 199), (157, 160), (198, 201), (9, 36)}
Obj: 30606

