Log for instance aco_tuning_out/inst30.txt.

Used ({'tau_0': 5.420704371762057e-06, 'xi': 0.09688583805471983, 'q0': 0.31023948946680013, 'alpha': 0.7611440380801126, 'beta': 1.2418611307887504, 'rho': 0.4656758616586811, 'ants': 22}) and found best instance after 35.328125 seconds.
E1: {(1, 28), (93, 102), (47, 53), (51, 53), (93, 120), (29, 32), (38, 47), (29, 38), (11, 14), (91, 92), (204, 213), (227, 236), (195, 213), (64, 65), (28, 109), (11, 38), (204, 231), (90, 93), (200, 227), (0, 1), (11, 65), (26, 53), (28, 29), (177, 231), (51, 213), (11, 92), (53, 134), (90, 92), (211, 214), (65, 227), (150, 152), (150, 231), (213, 214), (25, 26)}
E2: {(132, 213), (18, 99), (135, 141), (227, 230), (236, 242), (132, 133), (52, 79), (227, 236), (76, 79), (195, 213), (115, 133), (64, 65), (240, 242), (186, 213), (213, 240), (99, 105), (177, 186), (163, 166), (163, 172), (133, 134), (150, 159), (200, 227), (173, 182), (141, 159), (52, 133), (109, 115), (25, 79), (76, 157), (228, 230), (173, 227), (65, 227), (150, 152), (18, 45), (172, 173), (159, 240), (0, 18), (105, 159), (91, 172)}
Obj: 31162

