Log for instance aco_tuning_out/inst12.txt.

Used ({'tau_0': 4.060261844275314e-06, 'xi': 0.08488866370438058, 'q0': 0.7517708033130077, 'alpha': 0.7568921075953849, 'beta': 1.442677676309637, 'rho': 0.31238065733584786, 'ants': 26}) and found best instance after 34.6875 seconds.
E1: {(81, 82), (166, 184), (118, 119), (43, 52), (33, 51), (184, 211), (29, 32), (199, 205), (51, 132), (109, 110), (0, 81), (183, 184), (102, 183), (51, 52), (182, 185), (29, 110), (205, 214), (123, 132), (45, 51), (88, 89), (110, 119), (184, 185), (91, 118), (211, 214), (82, 88), (82, 109), (132, 134), (118, 199), (33, 195), (43, 205), (120, 123)}
E2: {(81, 82), (4, 58), (3, 4), (58, 59), (82, 163), (190, 199), (208, 211), (199, 205), (83, 137), (84, 102), (190, 208), (76, 79), (223, 232), (81, 84), (82, 83), (72, 78), (163, 166), (58, 67), (78, 79), (58, 76), (163, 190), (135, 137), (3, 30), (30, 32), (25, 79), (76, 157), (178, 205), (128, 134), (64, 67), (146, 155), (137, 146), (205, 232), (146, 152), (45, 72), (128, 155), (199, 200), (82, 109), (3, 84), (83, 89), (43, 205), (177, 178), (155, 236)}
Obj: 31992

