Log for instance aco_tuning_out/inst15.txt.

Used ({'tau0': 6.651390889237055e-06, 'xi': 0.11158156951036152, 'q0': 0.3891327832249725, 'alpha': 0.5704086329673803, 'beta': 0.45022269695520334, 'rho': 0.05657845121910911, 'ants': 23}) and found best instance after 253.15625 seconds.
E1: {(162, 171), (162, 168), (171, 177), (70, 79), (171, 198), (43, 70), (198, 200), (171, 173), (145, 151), (171, 225), (168, 195), (78, 79), (173, 182), (70, 151), (64, 226), (118, 145), (109, 118), (226, 227), (151, 160), (173, 227), (145, 226), (225, 228), (91, 145), (157, 160)}
E2: {(171, 198), (234, 236), (25, 52), (166, 167), (27, 36), (5, 167), (5, 14), (225, 228), (171, 177), (171, 225), (51, 52), (36, 198), (35, 53), (27, 33), (53, 134), (46, 49), (33, 195), (0, 27), (37, 46), (27, 108), (37, 64), (5, 59), (43, 52), (198, 200), (36, 42), (8, 35), (225, 234), (51, 53), (42, 51), (36, 37), (37, 118), (171, 173), (49, 211), (173, 182), (108, 135), (45, 51), (109, 118), (32, 35), (5, 8), (51, 78), (8, 89)}
Obj: 25954

