Log for instance aco_tuning_out/inst21.txt.

Used ({'tau0': 3.986574795084688e-06, 'xi': 0.12869898263116974, 'q0': 0.7324104580466773, 'alpha': 0.38736117587741714, 'beta': 0.6247624947394189, 'rho': 0.4525392981526261, 'ants': 9}) and found best instance after 9.234375 seconds.
E1: {(163, 164), (226, 229), (14, 68), (228, 229), (66, 228), (29, 32), (97, 151), (29, 47), (205, 206), (151, 152), (97, 178), (200, 206), (163, 169), (219, 228), (66, 68), (164, 182), (64, 226), (169, 178), (135, 216), (153, 234), (178, 205), (202, 205), (45, 72), (72, 153), (169, 223), (216, 219), (202, 229), (45, 47), (216, 234), (166, 169), (177, 178)}
E2: {(81, 82), (33, 42), (118, 119), (42, 51), (64, 145), (29, 32), (29, 38), (171, 198), (198, 200), (0, 81), (151, 152), (120, 122), (218, 236), (83, 164), (171, 173), (223, 241), (82, 83), (145, 151), (79, 160), (164, 173), (36, 198), (86, 89), (164, 182), (118, 145), (38, 119), (238, 241), (36, 42), (109, 118), (25, 79), (119, 122), (36, 45), (81, 135), (151, 160), (164, 218), (42, 43), (91, 118), (32, 59), (79, 241), (211, 238), (51, 78), (83, 86), (36, 38), (33, 195), (157, 160)}
Obj: 31813

