Log for instance aco_tuning_out/inst09.txt.

Used ({'tau_0': 6.651155935593466e-06, 'xi': 0.0698190378741818, 'q0': 0.8638669115585977, 'alpha': 1.1622049190539232, 'beta': 1.595958584283492, 'rho': 0.31540247478897615, 'ants': 9}) and found best instance after 5.234375 seconds.
E1: {(166, 175), (81, 82), (115, 142), (162, 171), (84, 87), (88, 115), (69, 71), (87, 89), (38, 41), (176, 185), (83, 137), (40, 41), (171, 198), (142, 223), (13, 14), (185, 239), (38, 65), (102, 104), (218, 236), (83, 164), (171, 173), (82, 83), (81, 84), (164, 173), (36, 198), (135, 137), (40, 43), (175, 176), (157, 158), (174, 177), (164, 218), (158, 239), (82, 88), (13, 40), (0, 162), (104, 158), (174, 201), (87, 96), (96, 123), (69, 78), (65, 71), (36, 38), (174, 176), (198, 201), (120, 123)}
E2: {(166, 175), (154, 155), (81, 82), (115, 142), (3, 4), (39, 201), (18, 20), (162, 171), (4, 58), (160, 241), (88, 115), (159, 160), (29, 32), (179, 233), (29, 47), (171, 198), (153, 159), (66, 75), (20, 47), (142, 223), (152, 233), (45, 46), (39, 66), (97, 178), (96, 97), (72, 75), (171, 173), (83, 164), (82, 83), (154, 160), (81, 84), (173, 176), (164, 173), (46, 47), (36, 198), (173, 179), (86, 89), (58, 76), (66, 68), (19, 20), (238, 241), (27, 33), (175, 176), (27, 36), (76, 157), (128, 134), (21, 75), (18, 21), (82, 88), (0, 162), (59, 68), (72, 153), (128, 155), (96, 123), (3, 84), (211, 238), (19, 25), (83, 86), (33, 195), (175, 178), (198, 201), (177, 178), (120, 123)}
Obj: 37185

