Log for instance aco_tuning_out/inst03.txt.

Used ({'tau_0': 9.375317187382458e-06, 'xi': 0.1262899054888864, 'q0': 0.7055217120426633, 'alpha': 1.8010444237149952, 'beta': 1.3070739401200755, 'rho': 0.0819059266997208, 'ants': 15}) and found best instance after 22.65625 seconds.
E1: {(76, 92), (177, 181), (96, 104), (243, 251), (211, 219), (180, 244), (228, 244), (8, 9), (210, 211), (39, 167), (0, 8), (211, 243), (8, 24), (53, 181), (54, 55), (64, 65), (76, 204), (249, 251), (96, 97), (0, 32), (64, 68), (32, 36), (194, 202), (20, 22), (221, 253), (78, 79), (49, 113), (49, 177), (97, 101), (167, 175), (104, 232), (115, 119), (187, 251), (97, 113), (76, 78), (53, 55), (135, 167), (249, 253), (32, 96), (240, 244), (147, 211), (180, 181), (149, 181), (194, 210), (113, 115), (0, 64), (49, 57), (115, 243), (39, 55), (195, 211), (68, 76), (22, 54), (79, 207)}
E2: {(192, 194), (177, 181), (32, 34), (32, 40), (193, 201), (44, 45), (98, 226), (107, 235), (134, 198), (13, 45), (43, 107), (5, 13), (181, 245), (216, 218), (40, 44), (34, 98), (192, 193), (32, 33), (0, 32), (193, 197), (32, 36), (154, 218), (44, 172), (32, 48), (31, 159), (9, 13), (49, 177), (194, 226), (134, 166), (32, 160), (180, 181), (194, 198), (98, 99), (33, 49), (15, 31), (107, 111), (99, 107), (194, 210), (98, 114), (107, 123), (218, 222), (134, 150), (210, 218), (132, 134), (13, 15), (31, 63), (17, 49)}
Obj: 29926

