Log for instance aco_tuning_out/inst03.txt.

Used ({'tau_0': 4.498936448740942e-06, 'xi': 0.13853729626942535, 'q0': 0.527822666374638, 'alpha': 1.6196713237028468, 'beta': 0.6656100225587412, 'rho': 0.18622598889901743, 'ants': 24}) and found best instance after 28.234375 seconds.
E1: {(76, 92), (47, 175), (211, 219), (68, 100), (20, 148), (8, 9), (210, 211), (202, 234), (8, 12), (49, 53), (100, 101), (147, 179), (8, 24), (179, 187), (83, 211), (76, 204), (65, 97), (83, 115), (220, 221), (202, 203), (147, 151), (12, 76), (208, 210), (49, 113), (97, 101), (39, 47), (115, 119), (97, 113), (149, 151), (36, 100), (148, 149), (232, 234), (100, 228), (208, 240), (203, 207), (147, 211), (203, 219), (38, 39), (113, 115), (38, 54), (49, 57), (135, 151), (36, 38), (92, 220), (195, 211), (68, 76)}
E2: {(177, 181), (32, 34), (32, 40), (41, 43), (193, 201), (44, 45), (107, 235), (162, 226), (154, 158), (43, 107), (181, 245), (216, 218), (40, 44), (210, 211), (40, 41), (196, 197), (114, 115), (115, 123), (158, 222), (192, 193), (0, 32), (9, 41), (193, 197), (32, 36), (83, 115), (33, 41), (4, 5), (44, 172), (32, 48), (49, 113), (49, 177), (0, 4), (31, 159), (132, 196), (31, 63), (32, 160), (162, 166), (180, 181), (33, 49), (107, 111), (15, 31), (99, 107), (4, 132), (113, 115), (150, 158), (218, 222), (210, 218), (196, 198), (83, 211), (158, 159), (160, 162), (17, 49)}
Obj: 29599

