Log for instance aco_tuning_out/inst12.txt.

Used ({'tau0': 7.151935564269642e-06, 'xi': 0.10184361707760894, 'q0': 0.5077701235510973, 'alpha': 0.5847895154504361, 'beta': 0.6413829753178264, 'rho': 0.2990121644546394, 'ants': 8}) and found best instance after 10.03125 seconds.
E1: {(162, 165), (162, 171), (162, 168), (29, 32), (84, 102), (171, 198), (36, 37), (83, 164), (162, 164), (82, 83), (28, 109), (165, 166), (211, 212), (120, 201), (36, 198), (168, 195), (84, 165), (164, 182), (134, 215), (50, 212), (28, 29), (36, 45), (82, 91), (0, 162), (32, 50), (83, 89), (28, 37), (212, 215), (37, 43), (198, 201)}
E2: {(72, 73), (58, 59), (55, 136), (166, 193), (118, 119), (119, 200), (171, 177), (125, 134), (73, 154), (75, 78), (125, 152), (58, 220), (193, 194), (72, 75), (136, 145), (154, 157), (83, 164), (171, 173), (136, 154), (164, 173), (118, 124), (43, 124), (118, 145), (32, 194), (86, 113), (109, 118), (25, 79), (55, 58), (72, 74), (119, 125), (21, 75), (64, 73), (220, 223), (73, 79), (74, 236), (45, 72), (193, 211), (135, 136), (193, 220), (21, 102), (83, 89), (83, 86), (113, 194)}
Obj: 31119

