Log for instance aco_tuning_out/inst24.txt.

Used ({'tau0': 1.909159906569024e-06, 'xi': 0.11956886836355252, 'q0': 0.3752425237189395, 'alpha': 1.7473087080286895, 'beta': 0.3768151318487377, 'rho': 0.3399270042677068, 'ants': 31}) and found best instance after 19.046875 seconds.
E1: {(128, 130), (76, 92), (58, 59), (15, 143), (243, 251), (4, 12), (128, 160), (112, 240), (40, 56), (2, 130), (186, 250), (157, 159), (252, 253), (56, 58), (102, 110), (88, 90), (58, 186), (128, 144), (12, 76), (221, 253), (88, 120), (15, 47), (112, 120), (0, 4), (106, 110), (143, 159), (102, 103), (235, 251), (56, 57), (88, 92), (108, 110), (139, 143), (2, 34), (76, 108), (43, 47), (141, 143), (71, 103), (43, 59), (0, 128), (154, 186), (186, 190), (45, 47), (157, 221), (250, 251), (56, 120)}
E2: {(183, 191), (90, 91), (165, 167), (164, 165), (206, 238), (52, 180), (164, 180), (237, 253), (178, 179), (187, 191), (147, 179), (34, 98), (91, 95), (253, 255), (230, 238), (14, 46), (88, 90), (206, 222), (148, 180), (164, 228), (21, 85), (98, 106), (221, 253), (52, 60), (191, 255), (89, 91), (88, 120), (31, 95), (5, 21), (179, 183), (106, 110), (10, 14), (230, 231), (63, 191), (110, 238), (226, 230), (175, 191), (147, 211), (228, 230), (52, 53), (46, 110), (98, 114), (144, 148), (167, 183), (166, 230), (21, 53), (195, 211), (31, 63)}
Obj: 28102

