Log for instance aco_tuning_out/inst27.txt.

Used ({'tau_0': 7.151935564269642e-06, 'xi': 0.10184361707760894, 'q0': 0.5077701235510973, 'alpha': 0.5847895154504361, 'beta': 0.6413829753178264, 'rho': 0.2990121644546394, 'ants': 8}) and found best instance after 10.859375 seconds.
E1: {(204, 220), (250, 254), (25, 29), (105, 107), (146, 154), (43, 107), (60, 62), (22, 23), (44, 60), (186, 250), (121, 249), (209, 213), (62, 190), (238, 254), (220, 221), (116, 124), (105, 121), (144, 146), (36, 44), (14, 30), (10, 11), (39, 47), (10, 14), (236, 238), (132, 196), (2, 10), (213, 215), (213, 221), (47, 111), (25, 27), (47, 63), (2, 34), (204, 236), (60, 124), (3, 11), (107, 111), (228, 236), (22, 30), (14, 142), (186, 187), (154, 186), (186, 190), (113, 121), (196, 204), (62, 63), (22, 54), (11, 27), (54, 62)}
E2: {(119, 127), (15, 143), (150, 151), (101, 109), (176, 240), (144, 208), (123, 127), (48, 176), (122, 250), (253, 255), (109, 125), (6, 14), (202, 206), (58, 122), (125, 127), (147, 151), (180, 182), (221, 253), (14, 15), (15, 47), (127, 255), (208, 216), (14, 30), (143, 159), (10, 14), (240, 241), (144, 176), (226, 227), (241, 243), (111, 127), (166, 182), (141, 143), (14, 78), (78, 206), (48, 49), (176, 180), (49, 57), (122, 123), (150, 182), (227, 243), (151, 159), (47, 111)}
Obj: 27482

