Log for instance aco_tuning_out/inst30.txt.

Used ({'tau_0': 1.944733890460195e-06, 'xi': 0.10406489729971813, 'q0': 0.5015133780289627, 'alpha': 0.48372224880231074, 'beta': 1.7691019222478264, 'rho': 0.4010581607160818, 'ants': 21}) and found best instance after 108.34375 seconds.
E1: {(145, 146), (162, 171), (119, 200), (171, 177), (118, 119), (199, 202), (64, 145), (40, 41), (171, 198), (117, 120), (189, 191), (218, 236), (40, 202), (100, 103), (118, 145), (100, 106), (102, 103), (191, 218), (91, 100), (109, 118), (128, 134), (117, 198), (119, 128), (91, 118), (146, 152), (0, 162), (32, 41), (25, 106), (202, 211), (118, 199), (117, 118), (189, 195), (14, 41), (189, 198)}
E2: {(163, 164), (55, 136), (171, 177), (118, 119), (119, 200), (125, 134), (64, 145), (234, 236), (46, 127), (125, 152), (45, 46), (136, 145), (171, 225), (163, 166), (7, 25), (58, 76), (118, 127), (216, 217), (0, 1), (31, 34), (164, 182), (55, 217), (135, 216), (118, 145), (31, 58), (109, 118), (55, 58), (163, 217), (76, 157), (119, 125), (33, 34), (91, 118), (1, 163), (225, 228), (1, 7), (225, 234), (33, 195), (216, 234)}
Obj: 30958

