Log for instance aco_tuning_out/inst06.txt.

Used ({'tau0': 4.324890613407541e-06, 'xi': 0.12290267674013398, 'q0': 0.47304418264323866, 'alpha': 0.9643516325370455, 'beta': 0.8937714391186662, 'rho': 0.17837160642396882, 'ants': 18}) and found best instance after 291.03125 seconds.
E1: {(128, 130), (47, 175), (232, 236), (7, 23), (220, 222), (206, 238), (0, 2), (233, 237), (82, 114), (0, 8), (83, 91), (233, 249), (212, 220), (8, 24), (172, 236), (206, 207), (128, 129), (7, 135), (82, 83), (206, 222), (220, 221), (148, 180), (192, 208), (180, 182), (21, 85), (46, 47), (208, 210), (89, 91), (39, 47), (236, 238), (208, 240), (6, 7), (128, 192), (105, 233), (166, 182), (82, 210), (21, 23), (182, 190), (208, 212), (7, 39), (78, 206), (0, 128), (2, 3), (2, 6), (45, 47), (148, 212), (21, 53), (232, 233)}
E2: {(90, 91), (193, 195), (32, 34), (32, 40), (193, 201), (162, 226), (229, 231), (101, 103), (197, 229), (0, 2), (103, 231), (2, 66), (1, 3), (187, 191), (189, 191), (132, 148), (128, 129), (148, 156), (64, 68), (128, 132), (193, 197), (32, 36), (148, 180), (73, 89), (180, 182), (162, 170), (89, 91), (229, 245), (225, 229), (1, 5), (1, 17), (32, 96), (162, 166), (166, 182), (73, 201), (2, 34), (162, 163), (175, 191), (182, 190), (190, 191), (0, 64), (0, 128), (129, 193), (103, 119), (2, 3), (2, 18), (148, 212), (159, 191)}
Obj: 27920

