Log for instance aco_tuning_out/inst03.txt.

Used ({'tau0': 6.013615341921658e-06, 'xi': 0.14211938125893342, 'q0': 0.3248975661404837, 'alpha': 1.1289454136305503, 'beta': 1.4285276537384943, 'rho': 0.3107997616316016, 'ants': 20}) and found best instance after 167.75 seconds.
E1: {(55, 63), (16, 20), (47, 175), (196, 228), (211, 219), (84, 212), (20, 84), (210, 211), (36, 37), (206, 207), (54, 55), (149, 213), (68, 84), (9, 41), (202, 206), (59, 63), (65, 97), (20, 22), (41, 57), (84, 92), (208, 210), (57, 59), (39, 47), (97, 101), (204, 206), (212, 213), (132, 196), (97, 113), (68, 196), (213, 221), (53, 55), (208, 240), (200, 202), (37, 53), (55, 119), (16, 24), (47, 63), (147, 211), (59, 187), (134, 135), (200, 232), (208, 212), (132, 134), (196, 204), (37, 101), (195, 211), (22, 54)}
E2: {(210, 242), (41, 43), (132, 164), (193, 201), (15, 143), (98, 226), (107, 235), (43, 107), (197, 229), (216, 218), (40, 41), (48, 176), (34, 98), (148, 150), (132, 148), (192, 193), (160, 164), (128, 132), (9, 41), (193, 197), (1, 33), (160, 176), (148, 180), (33, 41), (154, 218), (198, 230), (15, 47), (229, 245), (0, 1), (143, 159), (114, 242), (1, 5), (1, 17), (36, 164), (128, 192), (226, 230), (98, 99), (47, 63), (107, 111), (99, 107), (164, 172), (107, 123), (176, 177), (98, 114), (218, 222), (0, 128), (210, 218), (45, 47), (166, 230), (47, 111)}
Obj: 29912

