Log for instance aco_tuning_out/inst03.txt.

Used ({'tau_0': 1.3763468429827451e-06, 'xi': 0.13059886401904963, 'q0': 0.7970081104032578, 'alpha': 0.9961946895439933, 'beta': 0.8455334921092874, 'rho': 0.2687684260652423, 'ants': 32}) and found best instance after 38.34375 seconds.
E1: {(76, 92), (177, 181), (200, 201), (193, 195), (193, 201), (232, 236), (136, 137), (47, 175), (211, 219), (228, 244), (210, 211), (8, 24), (53, 181), (76, 204), (249, 251), (36, 52), (143, 175), (83, 115), (65, 97), (52, 54), (147, 151), (221, 253), (135, 143), (49, 113), (49, 177), (97, 101), (39, 47), (8, 136), (187, 251), (20, 52), (149, 151), (97, 113), (115, 119), (200, 202), (249, 253), (240, 244), (137, 201), (147, 211), (204, 236), (52, 53), (228, 236), (200, 232), (113, 115), (143, 207), (9, 137), (219, 251), (65, 193), (135, 151), (49, 57), (83, 211), (68, 76)}
E2: {(177, 181), (132, 164), (44, 45), (98, 226), (107, 235), (43, 107), (181, 245), (150, 151), (216, 218), (0, 2), (40, 44), (210, 211), (114, 115), (196, 197), (1, 9), (34, 98), (123, 127), (160, 164), (62, 126), (128, 132), (1, 33), (83, 115), (154, 218), (44, 172), (147, 151), (14, 15), (49, 113), (49, 177), (1, 5), (10, 14), (2, 10), (132, 196), (1, 17), (36, 164), (128, 192), (137, 201), (111, 127), (98, 99), (2, 34), (180, 181), (33, 49), (107, 111), (62, 63), (147, 211), (99, 107), (164, 166), (164, 172), (126, 127), (113, 115), (48, 49), (98, 114), (218, 222), (9, 137), (0, 128), (210, 218), (196, 198), (83, 211), (151, 159)}
Obj: 31445

