Log for instance aco_tuning_out/inst27.txt.

Used ({'tau_0': 5.726334506587264e-06, 'xi': 0.09378720394945064, 'q0': 0.4650245999867171, 'alpha': 1.6109205787989367, 'beta': 0.9785683305047798, 'rho': 0.3960780669283891, 'ants': 24}) and found best instance after 10.71875 seconds.
E1: {(196, 228), (27, 59), (3, 7), (4, 6), (20, 148), (52, 116), (60, 62), (22, 23), (10, 138), (4, 36), (115, 123), (132, 148), (110, 111), (249, 251), (62, 190), (6, 14), (59, 63), (154, 218), (52, 54), (20, 22), (221, 253), (20, 28), (14, 30), (39, 47), (10, 14), (187, 251), (2, 10), (20, 52), (123, 251), (132, 196), (213, 221), (213, 215), (6, 7), (47, 111), (28, 29), (249, 253), (110, 238), (138, 154), (218, 250), (2, 34), (6, 22), (59, 187), (43, 47), (30, 62), (113, 115), (14, 142), (144, 148), (7, 39), (196, 204), (62, 63), (209, 213)}
E2: {(90, 91), (200, 201), (16, 20), (105, 107), (200, 216), (91, 123), (20, 148), (216, 218), (248, 250), (87, 95), (97, 105), (28, 30), (211, 243), (186, 250), (91, 95), (132, 148), (205, 221), (87, 119), (240, 248), (6, 14), (216, 248), (16, 144), (201, 205), (105, 109), (137, 141), (109, 125), (58, 186), (147, 151), (90, 218), (20, 28), (191, 255), (14, 15), (31, 95), (49, 113), (31, 159), (97, 101), (10, 14), (97, 113), (134, 166), (200, 202), (226, 230), (137, 201), (147, 211), (15, 31), (107, 111), (107, 123), (16, 48), (49, 57), (132, 134), (166, 230), (30, 31), (159, 191), (151, 159)}
Obj: 31346

