Log for instance aco_tuning_out/inst09.txt.

Used ({'tau0': 7.812894719628246e-06, 'xi': 0.0766649900567211, 'q0': 0.3937027431240757, 'alpha': 1.3517471324904988, 'beta': 1.9563494025351882, 'rho': 0.17338412974172868, 'ants': 20}) and found best instance after 34.296875 seconds.
E1: {(93, 102), (13, 94), (6, 15), (93, 120), (87, 89), (234, 236), (222, 240), (135, 153), (13, 14), (168, 177), (6, 87), (16, 43), (94, 148), (13, 16), (93, 94), (153, 234), (4, 166), (168, 222), (15, 16), (78, 240), (222, 223), (4, 13), (6, 168), (0, 6), (234, 240), (148, 157)}
E2: {(4, 58), (39, 201), (58, 59), (151, 232), (107, 134), (195, 204), (89, 107), (201, 202), (223, 232), (160, 161), (30, 39), (107, 161), (16, 25), (40, 202), (120, 201), (58, 67), (177, 204), (27, 30), (30, 32), (13, 16), (4, 166), (201, 204), (27, 45), (151, 160), (202, 211), (13, 40), (4, 13), (67, 148), (152, 161), (148, 151), (148, 157), (0, 27)}
Obj: 25136

