Log for instance aco_tuning_out/inst09.txt.

Used ({'tau0': 6.233831045293282e-06, 'xi': 0.10451661342493951, 'q0': 0.8893124268375978, 'alpha': 1.349306787935924, 'beta': 0.6109712049564031, 'rho': 0.46309129670203547, 'ants': 8}) and found best instance after 2.53125 seconds.
E1: {(166, 175), (81, 82), (43, 205), (3, 4), (226, 229), (4, 58), (99, 100), (55, 136), (175, 202), (20, 23), (84, 87), (171, 198), (100, 101), (54, 55), (117, 123), (223, 232), (6, 8), (72, 75), (136, 145), (81, 84), (82, 83), (209, 215), (83, 164), (171, 173), (6, 87), (99, 102), (51, 52), (164, 173), (81, 99), (58, 76), (209, 236), (20, 101), (135, 216), (205, 214), (175, 176), (153, 234), (76, 157), (21, 75), (117, 198), (14, 176), (54, 72), (202, 205), (205, 232), (21, 23), (145, 226), (72, 153), (120, 123), (202, 229), (3, 84), (0, 6), (51, 78), (8, 89), (214, 215), (216, 234), (175, 178), (177, 178), (52, 214)}
E2: {(166, 175), (81, 82), (123, 204), (33, 42), (3, 4), (4, 58), (175, 202), (84, 87), (147, 149), (20, 23), (87, 89), (23, 77), (29, 32), (171, 198), (20, 47), (45, 46), (121, 148), (97, 178), (223, 232), (6, 8), (96, 97), (83, 164), (171, 173), (82, 83), (148, 229), (204, 231), (81, 84), (164, 173), (58, 67), (3, 6), (42, 123), (36, 198), (77, 80), (58, 76), (46, 47), (66, 68), (19, 20), (8, 26), (205, 214), (36, 42), (177, 231), (27, 36), (66, 147), (26, 80), (76, 157), (128, 134), (120, 121), (146, 149), (146, 155), (202, 205), (205, 232), (59, 68), (146, 152), (211, 214), (128, 155), (96, 123), (202, 229), (3, 84), (66, 67), (0, 6), (19, 25), (33, 195), (27, 29), (175, 178)}
Obj: 41627

