Log for instance aco_tuning_out/inst12.txt.

Used ({'tau_0': 5.341643627837584e-06, 'xi': 0.12828902895224037, 'q0': 0.5825040751853071, 'alpha': 1.680352012001748, 'beta': 1.7927432976473112, 'rho': 0.24781837895583786, 'ants': 32}) and found best instance after 31.046875 seconds.
E1: {(83, 110), (166, 175), (175, 202), (118, 119), (93, 120), (43, 52), (29, 32), (84, 93), (199, 205), (84, 102), (101, 182), (109, 110), (0, 81), (81, 84), (51, 52), (29, 110), (196, 205), (45, 51), (110, 119), (53, 134), (81, 83), (91, 118), (202, 205), (202, 211), (52, 53), (83, 89), (195, 196), (118, 199), (43, 205), (83, 101)}
E2: {(108, 109), (162, 168), (29, 32), (29, 38), (179, 233), (184, 211), (38, 44), (187, 188), (75, 78), (152, 233), (189, 191), (63, 64), (26, 188), (162, 216), (218, 236), (83, 164), (162, 164), (72, 75), (168, 177), (191, 200), (54, 216), (75, 77), (26, 53), (135, 216), (164, 191), (169, 187), (157, 158), (54, 63), (164, 218), (21, 75), (53, 134), (43, 44), (54, 72), (45, 72), (169, 223), (108, 189), (59, 77), (21, 102), (77, 158), (179, 188), (83, 89), (166, 169), (29, 191), (168, 169), (25, 26), (184, 187)}
Obj: 31449

