Log for instance aco_tuning_out/inst15.txt.

Used ({'tau_0': 6.651155935593466e-06, 'xi': 0.0698190378741818, 'q0': 0.8638669115585977, 'alpha': 1.1622049190539232, 'beta': 1.595958584283492, 'rho': 0.31540247478897615, 'ants': 9}) and found best instance after 4.15625 seconds.
E1: {(81, 82), (226, 232), (33, 42), (3, 4), (4, 58), (162, 171), (39, 201), (109, 190), (162, 168), (118, 119), (42, 51), (66, 228), (190, 199), (208, 214), (171, 198), (190, 208), (198, 200), (39, 66), (83, 164), (171, 173), (82, 83), (81, 84), (168, 177), (164, 173), (36, 198), (58, 76), (173, 182), (64, 226), (38, 119), (205, 214), (36, 42), (76, 157), (91, 118), (205, 232), (3, 84), (51, 78), (118, 199), (33, 195), (36, 38), (43, 205), (198, 201)}
E2: {(43, 205), (81, 82), (166, 175), (226, 232), (33, 42), (3, 4), (226, 229), (162, 171), (4, 58), (39, 201), (175, 202), (128, 209), (66, 228), (29, 32), (179, 233), (176, 179), (176, 185), (171, 198), (20, 47), (174, 176), (45, 46), (39, 66), (200, 206), (83, 164), (81, 84), (82, 83), (171, 173), (209, 215), (28, 109), (214, 241), (51, 52), (182, 185), (164, 173), (46, 47), (173, 179), (36, 198), (86, 89), (25, 52), (135, 137), (209, 236), (20, 101), (31, 34), (66, 68), (64, 226), (28, 29), (238, 241), (205, 214), (175, 176), (31, 58), (36, 42), (174, 177), (128, 134), (14, 176), (146, 155), (137, 146), (205, 232), (0, 162), (59, 68), (206, 233), (174, 201), (128, 155), (202, 229), (3, 84), (211, 238), (51, 78), (83, 86), (214, 215), (33, 195), (28, 34), (83, 101), (52, 214)}
Obj: 36857

