Log for instance aco_tuning_out/inst24.txt.

Used ({'tau0': 5.7232384546733595e-06, 'xi': 0.1429672685027304, 'q0': 0.57445047410033, 'alpha': 1.4195433954167913, 'beta': 1.4047255855017542, 'rho': 0.4106053256096564, 'ants': 31}) and found best instance after 24.296875 seconds.
E1: {(76, 92), (42, 106), (15, 143), (243, 251), (146, 154), (12, 13), (13, 45), (206, 238), (0, 2), (176, 240), (57, 121), (252, 253), (2, 130), (121, 249), (122, 250), (120, 122), (249, 251), (88, 90), (174, 190), (10, 42), (160, 176), (12, 76), (221, 253), (78, 79), (88, 120), (144, 146), (143, 159), (2, 10), (106, 122), (76, 78), (235, 251), (144, 176), (174, 238), (120, 121), (249, 253), (88, 92), (13, 141), (42, 43), (71, 79), (139, 143), (2, 34), (76, 108), (141, 143), (42, 58), (40, 42), (78, 206), (130, 146)}
E2: {(55, 63), (88, 216), (81, 85), (98, 226), (220, 222), (164, 165), (206, 238), (144, 208), (178, 179), (1, 3), (147, 179), (34, 98), (179, 187), (53, 181), (120, 122), (166, 174), (174, 175), (231, 239), (88, 90), (206, 222), (220, 221), (180, 188), (164, 228), (216, 220), (88, 120), (165, 181), (208, 216), (179, 183), (1, 5), (239, 255), (2, 10), (106, 122), (53, 55), (174, 238), (88, 89), (55, 183), (147, 211), (180, 181), (164, 166), (81, 89), (237, 239), (2, 34), (60, 188), (98, 114), (2, 3), (114, 122), (195, 211), (175, 239)}
Obj: 27834

