Log for instance aco_tuning_out/inst06.txt.

Used ({'tau0': 8.908613414444593e-06, 'xi': 0.1316659796537964, 'q0': 0.44184378094598165, 'alpha': 1.5856828467501214, 'beta': 0.9751219636880748, 'rho': 0.2735558699054583, 'ants': 18}) and found best instance after 26.296875 seconds.
E1: {(128, 130), (210, 242), (81, 85), (132, 164), (220, 222), (180, 244), (164, 180), (210, 211), (233, 237), (210, 214), (83, 91), (2, 130), (212, 214), (233, 249), (37, 39), (37, 45), (166, 174), (174, 175), (128, 129), (24, 26), (128, 132), (143, 175), (174, 190), (6, 14), (220, 221), (212, 244), (173, 237), (89, 91), (135, 143), (114, 242), (10, 14), (172, 174), (2, 10), (214, 222), (45, 173), (10, 26), (174, 238), (240, 244), (37, 53), (128, 192), (105, 233), (81, 83), (164, 166), (173, 175), (46, 174), (14, 78), (143, 207), (23, 151), (2, 3), (135, 151), (83, 211), (232, 233)}
E2: {(90, 91), (193, 195), (193, 201), (132, 164), (32, 34), (32, 40), (101, 103), (164, 180), (193, 225), (103, 231), (225, 227), (87, 95), (2, 66), (1, 3), (187, 191), (91, 95), (189, 191), (132, 148), (174, 175), (166, 174), (128, 129), (148, 156), (128, 132), (87, 119), (174, 190), (193, 197), (32, 36), (163, 227), (245, 247), (89, 91), (170, 174), (1, 5), (1, 17), (36, 164), (226, 227), (32, 96), (119, 247), (175, 191), (2, 34), (164, 166), (129, 193), (66, 70), (103, 119), (2, 3), (68, 70), (227, 231), (2, 18), (148, 212), (159, 191)}
Obj: 29439

