Log for instance aco_tuning_out/inst06.txt.

Used ({'tau0': 2.2570844960363238e-06, 'xi': 0.1499824051273781, 'q0': 0.6397024715024884, 'alpha': 1.3177960201993473, 'beta': 1.7274258641979925, 'rho': 0.06839890232135862, 'ants': 10}) and found best instance after 25.640625 seconds.
E1: {(192, 194), (47, 175), (210, 242), (156, 158), (237, 253), (3, 19), (233, 237), (210, 214), (130, 194), (156, 188), (83, 91), (212, 214), (91, 95), (158, 222), (53, 181), (85, 213), (174, 175), (240, 242), (14, 46), (143, 175), (145, 209), (6, 14), (166, 174), (180, 188), (221, 253), (89, 91), (135, 143), (31, 95), (31, 159), (39, 47), (143, 159), (212, 213), (19, 23), (172, 174), (129, 145), (114, 242), (213, 221), (214, 222), (174, 238), (249, 253), (24, 28), (105, 233), (180, 181), (158, 190), (194, 210), (46, 174), (14, 78), (143, 207), (19, 83), (45, 47), (28, 156), (158, 159), (232, 233), (209, 213)}
E2: {(90, 91), (193, 195), (32, 34), (32, 40), (193, 201), (162, 226), (101, 103), (156, 158), (193, 225), (103, 231), (196, 197), (2, 66), (1, 3), (156, 188), (34, 162), (91, 95), (197, 213), (143, 175), (193, 197), (32, 36), (162, 170), (188, 189), (180, 188), (89, 91), (31, 95), (31, 159), (143, 159), (212, 213), (1, 5), (132, 196), (170, 186), (68, 196), (1, 17), (199, 231), (32, 96), (162, 166), (162, 163), (2, 34), (213, 245), (158, 190), (186, 187), (129, 193), (103, 119), (2, 3), (1, 129), (195, 199), (186, 190), (2, 18), (158, 159)}
Obj: 29484

