Log for instance aco_tuning_out/inst21.txt.

Used ({'tau0': 5.341643627837584e-06, 'xi': 0.12828902895224037, 'q0': 0.5825040751853071, 'alpha': 1.680352012001748, 'beta': 1.7927432976473112, 'rho': 0.24781837895583786, 'ants': 32}) and found best instance after 27.53125 seconds.
E1: {(39, 201), (55, 136), (147, 149), (199, 202), (190, 199), (147, 228), (217, 223), (149, 152), (190, 217), (39, 66), (201, 202), (12, 174), (30, 39), (163, 166), (191, 200), (191, 209), (55, 217), (182, 209), (30, 32), (66, 147), (174, 177), (163, 217), (55, 64), (12, 14), (174, 201), (190, 191), (135, 136), (47, 209), (45, 47)}
E2: {(136, 137), (38, 200), (58, 59), (55, 136), (118, 119), (0, 54), (31, 32), (38, 47), (217, 223), (83, 137), (149, 152), (34, 43), (117, 120), (54, 55), (209, 212), (83, 164), (72, 78), (211, 212), (7, 25), (27, 189), (7, 34), (58, 76), (209, 236), (31, 34), (164, 182), (55, 217), (38, 119), (31, 58), (109, 118), (55, 58), (76, 157), (146, 149), (137, 146), (27, 54), (54, 72), (55, 64), (91, 118), (119, 146), (135, 136), (47, 209), (83, 89), (45, 47), (117, 118), (189, 195)}
Obj: 28920

