Log for instance aco_tuning_out/inst27.txt.

Used ({'tau_0': 9.387858024888234e-06, 'xi': 0.14290215705758647, 'q0': 0.4917258290014144, 'alpha': 1.0227666505205433, 'beta': 1.168523363313268, 'rho': 0.2926263236671505, 'ants': 22}) and found best instance after 97.8125 seconds.
E1: {(204, 220), (119, 127), (154, 158), (27, 59), (156, 158), (52, 116), (22, 23), (0, 2), (28, 30), (249, 251), (209, 213), (128, 132), (36, 52), (59, 63), (220, 221), (52, 54), (128, 144), (52, 60), (142, 158), (39, 47), (14, 30), (10, 14), (236, 238), (187, 251), (28, 29), (2, 10), (213, 221), (213, 215), (115, 119), (47, 63), (111, 127), (2, 34), (54, 62), (158, 190), (62, 63), (59, 187), (156, 220), (204, 236), (228, 236), (30, 62), (43, 59), (22, 30), (113, 115), (0, 128), (2, 3), (28, 156), (250, 251), (47, 111)}
E2: {(119, 127), (128, 136), (136, 137), (200, 216), (58, 62), (0, 2), (242, 243), (123, 127), (221, 223), (122, 250), (240, 242), (6, 14), (16, 144), (137, 141), (136, 200), (58, 122), (125, 127), (128, 144), (147, 151), (159, 223), (14, 15), (101, 117), (127, 255), (14, 30), (10, 14), (2, 10), (9, 25), (134, 166), (117, 125), (200, 202), (111, 127), (226, 242), (30, 62), (223, 255), (16, 48), (25, 57), (0, 128), (9, 137), (122, 123), (242, 250), (151, 159), (6, 134)}
Obj: 26113

