Log for instance aco_tuning_out/inst18.txt.

Used ({'tau_0': 9.546586330686151e-06, 'xi': 0.07432857356120594, 'q0': 0.39855006298732903, 'alpha': 1.1362553523500754, 'beta': 1.13375631131127, 'rho': 0.39805176799684205, 'ants': 18}) and found best instance after 12.953125 seconds.
E1: {(197, 205), (99, 103), (82, 90), (58, 62), (150, 151), (0, 2), (39, 103), (128, 160), (87, 95), (2, 66), (1, 3), (1, 9), (110, 111), (62, 126), (45, 61), (209, 213), (85, 213), (238, 254), (82, 83), (197, 213), (201, 205), (61, 63), (147, 151), (3, 67), (80, 82), (31, 95), (31, 159), (46, 62), (83, 87), (1, 5), (29, 61), (213, 215), (110, 238), (151, 215), (213, 245), (46, 110), (57, 61), (0, 128), (66, 67), (67, 99), (2, 6), (252, 254), (66, 82), (62, 63), (31, 63), (151, 159), (54, 62)}
E2: {(136, 137), (128, 136), (232, 236), (24, 152), (136, 152), (228, 229), (60, 62), (5, 13), (86, 87), (152, 154), (0, 2), (128, 160), (40, 44), (44, 60), (228, 244), (125, 253), (2, 66), (252, 253), (163, 179), (244, 252), (62, 126), (152, 184), (50, 51), (82, 83), (44, 108), (108, 236), (44, 172), (150, 214), (221, 253), (86, 214), (80, 82), (9, 13), (8, 72), (8, 136), (83, 87), (236, 238), (244, 245), (76, 78), (240, 244), (89, 121), (82, 210), (50, 114), (76, 108), (51, 179), (101, 229), (142, 206), (30, 62), (78, 206), (9, 137), (0, 128), (121, 125), (113, 121), (122, 126), (114, 122), (122, 123), (66, 82), (236, 252), (54, 62), (8, 40)}
Obj: 30921

