Log for instance aco_tuning_out/inst15.txt.

Used ({'tau_0': 9.387858024888234e-06, 'xi': 0.14290215705758647, 'q0': 0.4917258290014144, 'alpha': 1.0227666505205433, 'beta': 1.168523363313268, 'rho': 0.2926263236671505, 'ants': 22}) and found best instance after 22.203125 seconds.
E1: {(162, 171), (171, 177), (171, 180), (64, 145), (162, 189), (72, 234), (72, 75), (171, 173), (171, 225), (72, 78), (156, 157), (180, 182), (118, 124), (43, 124), (225, 226), (118, 145), (173, 200), (109, 118), (75, 156), (91, 118), (145, 226), (225, 228), (225, 234), (189, 195)}
E2: {(166, 184), (20, 23), (118, 119), (0, 54), (119, 200), (6, 33), (23, 77), (64, 145), (184, 211), (34, 43), (6, 8), (22, 184), (72, 78), (168, 177), (219, 228), (20, 101), (54, 216), (135, 216), (118, 145), (19, 20), (109, 118), (72, 74), (128, 134), (33, 34), (119, 128), (54, 72), (74, 236), (45, 72), (32, 59), (14, 23), (216, 219), (59, 77), (74, 77), (0, 6), (6, 168), (19, 25), (19, 22), (101, 128), (33, 195), (8, 89), (20, 182)}
Obj: 26809

