Log for instance aco_tuning_out/inst09.txt.

Used ({'tau_0': 4.879942623985006e-06, 'xi': 0.08399557345205959, 'q0': 0.8878104132072444, 'alpha': 1.876793500103366, 'beta': 1.500849913875006, 'rho': 0.45614013825443306, 'ants': 13}) and found best instance after 3.84375 seconds.
E1: {(166, 175), (81, 82), (226, 232), (3, 4), (226, 229), (4, 58), (55, 136), (175, 202), (118, 119), (190, 199), (208, 214), (83, 137), (171, 198), (190, 208), (102, 104), (218, 236), (223, 232), (83, 164), (136, 145), (171, 173), (82, 83), (81, 84), (51, 52), (120, 201), (164, 173), (36, 198), (86, 89), (58, 76), (135, 137), (55, 217), (86, 104), (118, 145), (38, 119), (205, 214), (175, 176), (174, 177), (76, 157), (14, 176), (205, 232), (174, 201), (217, 218), (0, 3), (202, 229), (3, 84), (51, 78), (118, 199), (83, 86), (36, 38), (43, 205), (198, 201), (52, 214)}
E2: {(166, 175), (136, 137), (81, 82), (226, 232), (6, 15), (3, 4), (226, 229), (4, 58), (33, 42), (55, 136), (175, 202), (84, 87), (58, 59), (15, 42), (190, 199), (179, 233), (29, 32), (208, 214), (171, 198), (178, 179), (20, 47), (190, 208), (100, 101), (29, 56), (152, 233), (45, 46), (55, 56), (97, 178), (223, 232), (96, 97), (83, 164), (136, 145), (171, 173), (82, 83), (81, 84), (157, 238), (214, 241), (6, 87), (173, 176), (164, 173), (46, 47), (86, 89), (20, 101), (118, 145), (19, 20), (238, 241), (205, 214), (175, 176), (174, 177), (128, 134), (146, 155), (137, 146), (205, 232), (128, 155), (174, 201), (82, 100), (96, 123), (0, 3), (202, 229), (3, 84), (211, 238), (19, 25), (118, 199), (83, 86), (33, 195), (175, 178), (198, 201), (120, 123)}
Obj: 39028

