Log for instance aco_tuning_out/inst03.txt.

Used ({'tau0': 6.2578016549988135e-06, 'xi': 0.07695855038194482, 'q0': 0.6338595363337294, 'alpha': 1.3781099098119947, 'beta': 1.0918136498914073, 'rho': 0.20985761634934252, 'ants': 15}) and found best instance after 16.875 seconds.
E1: {(204, 220), (196, 228), (211, 219), (210, 211), (17, 21), (187, 191), (36, 37), (37, 39), (224, 228), (143, 175), (83, 115), (224, 240), (220, 221), (194, 202), (147, 151), (92, 220), (21, 149), (20, 28), (224, 232), (135, 143), (97, 101), (17, 81), (143, 159), (115, 119), (97, 113), (9, 25), (68, 196), (65, 81), (63, 191), (24, 28), (37, 53), (194, 195), (81, 83), (147, 211), (175, 191), (20, 21), (62, 63), (113, 115), (143, 207), (25, 57), (196, 204), (28, 92), (17, 25), (83, 211), (21, 53), (195, 211), (151, 159), (54, 62)}
E2: {(192, 194), (137, 139), (32, 34), (15, 143), (98, 226), (44, 45), (43, 107), (180, 244), (150, 151), (216, 218), (40, 44), (210, 211), (196, 197), (34, 98), (148, 150), (132, 148), (166, 174), (32, 33), (32, 36), (154, 218), (4, 5), (148, 180), (99, 227), (44, 172), (32, 48), (36, 44), (194, 226), (17, 81), (0, 4), (143, 159), (17, 145), (46, 62), (172, 174), (132, 196), (244, 245), (227, 235), (226, 227), (32, 160), (81, 83), (194, 198), (139, 143), (137, 201), (107, 111), (62, 63), (44, 46), (99, 107), (194, 210), (4, 132), (98, 114), (107, 123), (218, 222), (145, 177), (9, 137), (210, 218), (196, 198), (83, 211), (151, 159)}
Obj: 31221

