Log for instance aco_tuning_out/inst03.txt.

Used ({'tau0': 5.998921288673613e-06, 'xi': 0.12799050366072715, 'q0': 0.730921478054052, 'alpha': 1.5055228070199218, 'beta': 0.3739261379740735, 'rho': 0.1599798192967875, 'ants': 28}) and found best instance after 33.140625 seconds.
E1: {(192, 194), (177, 181), (210, 242), (128, 136), (136, 137), (204, 220), (196, 228), (155, 187), (147, 155), (118, 119), (36, 37), (114, 118), (8, 24), (37, 39), (53, 181), (240, 242), (143, 175), (192, 196), (65, 97), (194, 202), (220, 221), (52, 54), (147, 151), (135, 143), (49, 113), (49, 177), (97, 101), (114, 242), (155, 219), (8, 136), (20, 52), (149, 151), (68, 196), (54, 118), (200, 202), (37, 53), (128, 192), (194, 195), (149, 181), (52, 53), (194, 210), (200, 232), (143, 207), (9, 137), (49, 57), (135, 151), (196, 204), (37, 101), (92, 220)}
E2: {(192, 194), (136, 137), (128, 136), (210, 242), (32, 34), (154, 158), (15, 143), (32, 40), (107, 235), (177, 181), (43, 107), (13, 45), (5, 13), (181, 245), (216, 218), (128, 160), (196, 197), (158, 222), (174, 175), (166, 174), (45, 61), (143, 175), (192, 196), (32, 33), (32, 36), (59, 63), (61, 63), (32, 48), (194, 226), (9, 13), (143, 159), (114, 242), (49, 177), (172, 174), (132, 196), (128, 192), (32, 160), (137, 201), (180, 181), (59, 123), (33, 49), (107, 111), (158, 159), (99, 107), (194, 210), (43, 59), (150, 158), (218, 222), (9, 137), (0, 128), (196, 198), (13, 15), (17, 49)}
Obj: 29203

