Log for instance aco_tuning_out/inst21.txt.

Used ({'tau0': 5.888779735025123e-06, 'xi': 0.14210673593322504, 'q0': 0.5532221197439141, 'alpha': 1.4492226579119356, 'beta': 1.732090480737235, 'rho': 0.42744550361996797, 'ants': 10}) and found best instance after 4.796875 seconds.
E1: {(179, 206), (226, 235), (2, 164), (66, 228), (171, 198), (178, 179), (122, 125), (125, 152), (172, 181), (39, 66), (200, 206), (171, 173), (30, 39), (223, 241), (122, 149), (181, 235), (164, 173), (17, 179), (36, 198), (173, 179), (135, 137), (164, 182), (125, 206), (1, 2), (64, 226), (27, 30), (30, 32), (4, 166), (27, 36), (36, 45), (146, 149), (137, 146), (14, 17), (1, 4), (172, 173), (235, 241), (177, 178)}
E2: {(72, 73), (33, 42), (58, 59), (48, 210), (55, 136), (0, 54), (29, 35), (29, 32), (179, 233), (39, 42), (210, 211), (19, 73), (178, 179), (16, 178), (39, 48), (172, 178), (152, 233), (58, 220), (227, 236), (54, 55), (35, 197), (200, 206), (33, 35), (96, 97), (83, 164), (136, 145), (82, 83), (72, 78), (164, 173), (86, 89), (16, 43), (58, 76), (164, 182), (118, 145), (19, 20), (197, 206), (45, 48), (76, 157), (73, 76), (55, 64), (91, 118), (54, 72), (220, 223), (173, 227), (206, 233), (16, 97), (135, 136), (96, 123), (82, 109), (172, 173), (19, 25), (83, 86), (33, 195), (20, 182), (120, 123)}
Obj: 35341

