Log for instance aco_tuning_out/inst03.txt.

Used ({'tau0': 5.726334506587264e-06, 'xi': 0.09378720394945064, 'q0': 0.4650245999867171, 'alpha': 1.6109205787989367, 'beta': 0.9785683305047798, 'rho': 0.3960780669283891, 'ants': 24}) and found best instance after 16.375 seconds.
E1: {(136, 137), (47, 175), (193, 195), (193, 201), (132, 164), (200, 201), (211, 219), (133, 135), (133, 141), (210, 211), (57, 121), (187, 191), (4, 36), (121, 249), (68, 69), (69, 101), (8, 24), (53, 181), (143, 175), (220, 221), (201, 217), (164, 228), (20, 22), (208, 210), (4, 20), (133, 149), (39, 47), (65, 69), (8, 136), (132, 196), (115, 119), (68, 196), (208, 240), (217, 249), (200, 202), (175, 191), (147, 211), (149, 181), (141, 143), (4, 132), (200, 232), (113, 115), (217, 221), (143, 207), (9, 137), (65, 193), (113, 121), (196, 204), (140, 141), (92, 220), (195, 211), (132, 140), (22, 54), (136, 140)}
E2: {(192, 194), (177, 181), (200, 201), (193, 201), (132, 164), (200, 216), (107, 235), (98, 226), (43, 107), (181, 245), (216, 218), (0, 2), (135, 199), (196, 197), (36, 37), (4, 36), (148, 150), (34, 98), (1, 9), (53, 181), (37, 45), (132, 148), (160, 164), (192, 196), (193, 197), (1, 33), (10, 42), (59, 63), (4, 5), (154, 218), (14, 15), (0, 4), (1, 5), (10, 14), (198, 199), (132, 196), (2, 10), (1, 17), (37, 53), (42, 43), (180, 181), (2, 34), (59, 123), (164, 166), (107, 111), (52, 53), (99, 107), (194, 210), (164, 172), (4, 132), (98, 114), (43, 59), (40, 42), (218, 222), (48, 52), (196, 198), (135, 151), (151, 159)}
Obj: 33311

