Log for instance aco_tuning_out/inst21.txt.

Used ({'tau0': 6.937615535889433e-06, 'xi': 0.07000322226687372, 'q0': 0.8259328344322499, 'alpha': 1.4144702071977722, 'beta': 1.897582215362626, 'rho': 0.08176475094706645, 'ants': 18}) and found best instance after 79.6875 seconds.
E1: {(166, 175), (81, 82), (115, 142), (171, 174), (37, 64), (11, 173), (88, 115), (29, 32), (179, 233), (171, 198), (11, 14), (36, 37), (142, 223), (152, 233), (198, 200), (174, 175), (83, 164), (171, 173), (82, 83), (164, 173), (173, 179), (36, 198), (164, 182), (27, 36), (174, 177), (81, 135), (27, 45), (82, 88), (174, 228), (27, 29)}
E2: {(81, 82), (4, 58), (3, 4), (58, 59), (64, 145), (29, 32), (171, 198), (75, 78), (125, 152), (34, 43), (198, 200), (45, 46), (34, 61), (81, 84), (83, 164), (82, 83), (171, 173), (58, 61), (49, 211), (120, 201), (164, 173), (21, 24), (191, 197), (86, 89), (58, 76), (209, 236), (164, 182), (125, 206), (191, 209), (195, 197), (118, 145), (198, 199), (164, 191), (197, 206), (109, 118), (24, 25), (49, 76), (81, 135), (76, 157), (21, 75), (91, 118), (46, 49), (0, 3), (3, 84), (75, 76), (118, 199), (83, 86), (198, 201), (29, 191), (61, 223)}
Obj: 30276

