Log for instance aco_tuning_out/inst12.txt.

Used ({'tau0': 5.726334506587264e-06, 'xi': 0.09378720394945064, 'q0': 0.4650245999867171, 'alpha': 1.6109205787989367, 'beta': 0.9785683305047798, 'rho': 0.3960780669283891, 'ants': 24}) and found best instance after 10.125 seconds.
E1: {(33, 42), (162, 165), (162, 171), (29, 35), (29, 32), (116, 134), (199, 205), (39, 42), (84, 102), (171, 198), (35, 197), (33, 35), (165, 166), (182, 185), (36, 198), (84, 165), (116, 197), (198, 199), (39, 120), (36, 42), (205, 214), (89, 170), (109, 118), (36, 45), (42, 43), (91, 118), (211, 214), (0, 162), (165, 183), (118, 199), (33, 195), (183, 185), (170, 197)}
E2: {(166, 184), (109, 190), (99, 100), (105, 186), (208, 211), (207, 209), (124, 205), (123, 124), (75, 78), (190, 208), (183, 184), (21, 183), (223, 232), (72, 75), (200, 209), (82, 83), (73, 74), (99, 105), (177, 186), (209, 215), (99, 102), (207, 208), (86, 89), (3, 21), (43, 124), (209, 236), (45, 207), (75, 77), (3, 30), (134, 215), (30, 32), (25, 79), (183, 186), (72, 74), (76, 157), (123, 150), (96, 105), (21, 75), (73, 76), (64, 73), (205, 232), (73, 79), (150, 152), (45, 72), (135, 136), (82, 100), (96, 123), (59, 77), (83, 86), (82, 136)}
Obj: 33986

