Log for instance aco_tuning_out/inst21.txt.

Used ({'tau0': 9.84719681858141e-06, 'xi': 0.07010842379960239, 'q0': 0.6134461647846249, 'alpha': 1.8618032848172066, 'beta': 0.8495777604552623, 'rho': 0.35523900559656113, 'ants': 21}) and found best instance after 8.96875 seconds.
E1: {(72, 73), (38, 200), (4, 58), (39, 201), (31, 32), (179, 233), (176, 179), (176, 185), (66, 75), (135, 153), (149, 152), (38, 65), (39, 66), (72, 75), (30, 39), (176, 230), (182, 185), (17, 179), (31, 58), (4, 166), (174, 177), (72, 74), (224, 233), (64, 73), (149, 230), (45, 72), (72, 153), (174, 201), (14, 17), (174, 228), (65, 74), (174, 176), (30, 31), (223, 224)}
E2: {(68, 149), (38, 200), (4, 58), (39, 201), (3, 4), (156, 158), (31, 32), (176, 185), (153, 156), (43, 70), (75, 78), (66, 75), (135, 153), (149, 152), (39, 66), (201, 202), (72, 75), (82, 83), (67, 70), (16, 25), (182, 185), (120, 201), (58, 67), (84, 86), (86, 89), (153, 155), (66, 68), (94, 148), (91, 94), (31, 58), (196, 205), (157, 158), (36, 45), (16, 70), (196, 223), (21, 75), (18, 21), (64, 67), (202, 205), (202, 211), (59, 68), (45, 72), (72, 153), (174, 201), (67, 148), (82, 109), (3, 84), (66, 67), (195, 196), (83, 86), (36, 38), (0, 18), (174, 176), (155, 236)}
Obj: 32288

