Log for instance aco_tuning_out/inst15.txt.

Used ({'tau_0': 5.886189817315941e-06, 'xi': 0.08222368157872886, 'q0': 0.5177131034654385, 'alpha': 1.8715621976373542, 'beta': 1.496250370264296, 'rho': 0.33920762188241993, 'ants': 22}) and found best instance after 9.40625 seconds.
E1: {(33, 42), (28, 55), (99, 100), (180, 186), (66, 228), (61, 70), (171, 180), (171, 198), (43, 70), (66, 69), (198, 200), (34, 61), (28, 109), (177, 186), (180, 182), (69, 70), (103, 157), (36, 198), (100, 103), (36, 42), (91, 100), (55, 61), (64, 70), (33, 34), (69, 78), (99, 180), (33, 195)}
E2: {(166, 175), (81, 82), (18, 72), (3, 4), (4, 58), (162, 171), (84, 87), (171, 177), (6, 33), (194, 212), (18, 99), (43, 52), (116, 134), (59, 140), (49, 50), (75, 78), (72, 234), (162, 216), (89, 116), (140, 158), (81, 84), (72, 75), (209, 212), (131, 158), (171, 173), (0, 18), (6, 87), (49, 211), (173, 176), (58, 67), (81, 99), (77, 80), (209, 236), (113, 116), (75, 77), (49, 52), (135, 216), (50, 212), (182, 209), (173, 200), (175, 176), (174, 177), (26, 80), (131, 212), (14, 176), (64, 67), (45, 72), (32, 59), (82, 109), (3, 84), (77, 158), (174, 228), (33, 195), (216, 234), (113, 194), (25, 26)}
Obj: 31567

