Log for instance aco_tuning_out/inst12.txt.

Used ({'tau0': 6.233831045293282e-06, 'xi': 0.10451661342493951, 'q0': 0.8893124268375978, 'alpha': 1.349306787935924, 'beta': 0.6109712049564031, 'rho': 0.46309129670203547, 'ants': 8}) and found best instance after 2.546875 seconds.
E1: {(166, 175), (81, 82), (185, 188), (43, 205), (6, 15), (33, 42), (109, 190), (55, 136), (20, 23), (84, 87), (0, 54), (15, 42), (190, 199), (50, 131), (208, 214), (176, 185), (171, 198), (190, 208), (100, 101), (131, 134), (54, 55), (97, 178), (96, 97), (72, 75), (136, 145), (82, 83), (81, 84), (83, 164), (171, 173), (6, 87), (164, 173), (36, 198), (182, 188), (86, 89), (20, 101), (50, 212), (118, 145), (100, 103), (205, 214), (175, 176), (91, 97), (102, 103), (175, 178), (36, 45), (130, 211), (21, 75), (54, 72), (205, 232), (21, 23), (32, 50), (178, 232), (82, 100), (96, 123), (130, 131), (118, 199), (83, 86), (214, 215), (212, 215), (33, 195), (120, 123)}
E2: {(166, 175), (81, 82), (3, 4), (4, 58), (20, 23), (118, 119), (23, 77), (208, 211), (190, 199), (179, 233), (208, 214), (50, 131), (83, 137), (59, 140), (171, 198), (84, 102), (234, 236), (153, 159), (20, 47), (190, 208), (131, 134), (75, 78), (34, 43), (152, 233), (45, 46), (186, 213), (223, 232), (83, 164), (171, 173), (82, 83), (81, 84), (72, 75), (213, 240), (177, 186), (28, 109), (164, 173), (46, 47), (36, 198), (173, 179), (77, 80), (58, 76), (86, 89), (135, 137), (31, 34), (173, 200), (38, 119), (50, 212), (31, 58), (205, 214), (153, 234), (175, 178), (26, 80), (76, 157), (21, 75), (73, 76), (137, 140), (64, 73), (205, 232), (21, 23), (32, 50), (72, 153), (178, 232), (3, 84), (159, 240), (118, 199), (83, 86), (36, 38), (214, 215), (212, 215), (28, 34), (46, 73), (25, 26)}
Obj: 45358

