Log for instance aco_tuning_out/inst18.txt.

Used ({'tau_0': 4.4510989038433445e-06, 'xi': 0.08945606202546638, 'q0': 0.47345622448593194, 'alpha': 1.2900775735272525, 'beta': 0.7464788134566036, 'rho': 0.4234734074527042, 'ants': 18}) and found best instance after 11.40625 seconds.
E1: {(136, 137), (25, 29), (128, 136), (193, 201), (99, 103), (70, 198), (0, 2), (128, 160), (39, 103), (252, 253), (221, 223), (56, 58), (102, 110), (62, 126), (215, 223), (14, 46), (6, 14), (110, 126), (193, 197), (81, 209), (147, 151), (21, 85), (193, 209), (29, 31), (159, 223), (221, 253), (245, 253), (150, 214), (31, 95), (5, 21), (31, 159), (39, 47), (103, 111), (46, 62), (9, 25), (102, 103), (56, 57), (110, 238), (198, 214), (137, 201), (47, 63), (21, 29), (25, 57), (80, 81), (9, 137), (0, 128), (66, 70), (2, 3), (122, 126), (90, 122), (214, 215), (45, 47), (31, 63), (151, 159), (54, 62)}
E2: {(128, 136), (136, 137), (24, 88), (24, 152), (108, 109), (156, 158), (60, 62), (72, 88), (152, 154), (0, 2), (176, 240), (40, 44), (44, 60), (3, 19), (210, 211), (101, 109), (2, 66), (1, 3), (114, 118), (252, 253), (78, 110), (102, 110), (62, 126), (136, 200), (19, 51), (160, 176), (220, 221), (44, 108), (128, 144), (52, 54), (44, 172), (221, 253), (70, 78), (52, 60), (144, 152), (49, 113), (142, 158), (152, 156), (176, 184), (121, 123), (80, 88), (1, 5), (244, 245), (54, 118), (144, 176), (88, 89), (240, 244), (110, 238), (102, 118), (162, 163), (147, 211), (156, 220), (30, 62), (200, 232), (150, 158), (0, 128), (66, 70), (9, 137), (2, 3), (49, 51), (113, 121), (19, 147), (86, 118), (160, 162)}
Obj: 34541

