Log for instance aco_tuning_out/inst30.txt.

Used ({'tau_0': 7.405500650510694e-06, 'xi': 0.0538011928337849, 'q0': 0.7808066118135257, 'alpha': 1.9053416179409846, 'beta': 1.1675645378953803, 'rho': 0.23263286946707473, 'ants': 25}) and found best instance after 10.765625 seconds.
E1: {(39, 201), (162, 171), (109, 190), (226, 229), (162, 168), (175, 202), (171, 177), (31, 32), (190, 199), (179, 233), (92, 146), (171, 198), (16, 178), (152, 233), (198, 200), (39, 66), (102, 104), (92, 173), (171, 173), (16, 25), (120, 201), (58, 67), (173, 179), (168, 195), (64, 226), (155, 158), (198, 199), (31, 58), (175, 176), (128, 134), (64, 67), (146, 155), (91, 118), (0, 162), (14, 176), (104, 158), (128, 155), (229, 238), (202, 229), (66, 67), (211, 238), (118, 199), (175, 178), (198, 201), (155, 236)}
E2: {(166, 175), (81, 82), (39, 201), (162, 171), (226, 229), (162, 168), (175, 202), (66, 228), (92, 146), (171, 198), (11, 17), (0, 81), (198, 200), (39, 66), (83, 164), (171, 173), (82, 83), (16, 25), (164, 173), (17, 179), (173, 179), (95, 98), (168, 195), (98, 179), (164, 182), (10, 11), (64, 226), (94, 148), (11, 92), (72, 74), (81, 135), (128, 134), (177, 179), (117, 198), (91, 118), (146, 155), (94, 175), (71, 152), (45, 72), (128, 155), (17, 71), (82, 109), (202, 229), (65, 71), (10, 16), (65, 74), (117, 118), (148, 157), (94, 95), (198, 201), (155, 236)}
Obj: 36310

