Log for instance aco_tuning_out/inst27.txt.

Used ({'tau_0': 6.916816029978271e-06, 'xi': 0.13109583259981678, 'q0': 0.7096508529113955, 'alpha': 0.8294099029859726, 'beta': 1.23731470593669, 'rho': 0.12314043168046776, 'ants': 23}) and found best instance after 45.625 seconds.
E1: {(146, 154), (155, 187), (147, 155), (52, 116), (0, 2), (23, 31), (155, 159), (140, 204), (249, 251), (209, 213), (128, 132), (62, 190), (36, 52), (146, 147), (128, 144), (52, 54), (29, 31), (221, 253), (52, 60), (144, 146), (31, 159), (132, 140), (39, 47), (236, 238), (27, 155), (187, 251), (140, 142), (213, 221), (47, 111), (213, 215), (249, 253), (47, 63), (2, 34), (250, 251), (43, 47), (204, 236), (228, 236), (112, 113), (0, 128), (112, 116), (2, 3), (62, 63), (30, 31), (31, 63), (54, 62)}
E2: {(119, 127), (243, 251), (155, 187), (147, 155), (216, 218), (38, 166), (97, 105), (155, 159), (57, 121), (121, 249), (253, 255), (56, 58), (249, 251), (240, 242), (6, 14), (146, 147), (125, 127), (202, 218), (105, 121), (221, 253), (14, 15), (6, 38), (144, 146), (121, 123), (31, 159), (14, 30), (143, 159), (48, 56), (10, 14), (97, 101), (187, 251), (249, 253), (56, 57), (111, 127), (218, 250), (141, 143), (226, 242), (121, 125), (242, 250), (30, 31), (250, 251)}
Obj: 24209

