Log for instance aco_tuning_out/inst15.txt.

Used ({'tau_0': 9.84719681858141e-06, 'xi': 0.07010842379960239, 'q0': 0.6134461647846249, 'alpha': 1.8618032848172066, 'beta': 0.8495777604552623, 'rho': 0.35523900559656113, 'ants': 21}) and found best instance after 6.671875 seconds.
E1: {(83, 110), (81, 82), (33, 42), (3, 4), (4, 58), (171, 174), (37, 64), (118, 119), (42, 51), (171, 180), (171, 198), (109, 110), (44, 206), (200, 206), (81, 84), (82, 83), (42, 44), (180, 182), (58, 76), (198, 199), (174, 177), (110, 119), (76, 157), (42, 43), (91, 118), (199, 200), (37, 199), (3, 84), (51, 78), (174, 228), (118, 199), (33, 195)}
E2: {(166, 175), (110, 191), (175, 202), (66, 228), (88, 115), (87, 89), (150, 151), (144, 150), (171, 198), (144, 153), (16, 178), (109, 110), (135, 153), (189, 191), (198, 200), (7, 16), (193, 194), (189, 195), (15, 96), (79, 160), (7, 25), (16, 43), (87, 88), (78, 79), (234, 235), (0, 1), (164, 182), (164, 191), (235, 236), (32, 194), (109, 115), (175, 176), (153, 234), (123, 132), (15, 16), (66, 147), (123, 150), (151, 160), (64, 67), (14, 176), (147, 150), (193, 202), (9, 171), (7, 88), (193, 211), (96, 123), (32, 59), (18, 45), (15, 177), (9, 15), (66, 67), (1, 7), (9, 18), (132, 134), (175, 178)}
Obj: 33675

