Log for instance aco_tuning_out/inst12.txt.

Used ({'tau_0': 6.233831045293282e-06, 'xi': 0.10451661342493951, 'q0': 0.8893124268375978, 'alpha': 1.349306787935924, 'beta': 0.6109712049564031, 'rho': 0.46309129670203547, 'ants': 8}) and found best instance after 3.46875 seconds.
E1: {(166, 175), (81, 82), (43, 205), (226, 232), (3, 4), (4, 58), (28, 55), (226, 229), (55, 136), (175, 202), (0, 54), (159, 160), (208, 211), (190, 199), (31, 32), (176, 185), (153, 159), (20, 47), (190, 208), (185, 239), (54, 55), (102, 104), (45, 46), (97, 178), (160, 161), (96, 97), (81, 84), (136, 145), (82, 83), (28, 109), (180, 182), (46, 47), (31, 34), (20, 101), (118, 145), (31, 58), (175, 176), (99, 153), (137, 143), (128, 134), (33, 34), (137, 146), (146, 155), (54, 72), (205, 232), (158, 239), (99, 101), (91, 118), (104, 158), (145, 226), (72, 153), (128, 155), (96, 123), (99, 180), (3, 84), (202, 229), (143, 161), (83, 89), (118, 199), (33, 195), (175, 178), (28, 34), (120, 123)}
E2: {(226, 232), (175, 202), (147, 149), (159, 160), (29, 32), (176, 185), (171, 198), (200, 206), (72, 75), (64, 226), (38, 119), (21, 75), (18, 21), (54, 72), (205, 232), (59, 68), (174, 201), (108, 189), (81, 82), (55, 136), (118, 119), (29, 38), (75, 78), (66, 75), (189, 191), (185, 239), (81, 84), (82, 83), (164, 173), (36, 198), (58, 76), (209, 236), (66, 68), (19, 20), (175, 176), (197, 206), (146, 152), (145, 226), (36, 38), (214, 215), (43, 205), (226, 229), (39, 201), (217, 223), (153, 159), (54, 55), (39, 66), (102, 104), (83, 164), (136, 145), (209, 215), (108, 117), (191, 197), (86, 89), (135, 137), (174, 177), (117, 198), (146, 149), (137, 146), (211, 214), (83, 86), (166, 175), (3, 4), (4, 58), (18, 20), (134, 161), (160, 161), (171, 173), (55, 217), (118, 145), (205, 214), (66, 147), (76, 157), (158, 239), (45, 72), (104, 158), (72, 153), (82, 109), (202, 229), (3, 84), (19, 25)}
Obj: 48512

