Log for instance aco_tuning_out/inst06.txt.

Used ({'tau_0': 1.34326092400037e-06, 'xi': 0.13441645763893803, 'q0': 0.4083523399061119, 'alpha': 0.5070175800996563, 'beta': 0.9994669821848109, 'rho': 0.2873914507152631, 'ants': 17}) and found best instance after 292.921875 seconds.
E1: {(81, 85), (6, 134), (206, 238), (164, 180), (39, 167), (17, 21), (233, 237), (82, 114), (1, 3), (121, 249), (233, 249), (37, 39), (37, 45), (206, 207), (174, 175), (174, 190), (82, 83), (206, 222), (192, 208), (21, 85), (105, 121), (208, 210), (167, 175), (172, 174), (166, 167), (134, 166), (1, 17), (217, 249), (208, 240), (135, 167), (174, 238), (37, 53), (89, 121), (16, 24), (81, 83), (82, 210), (81, 89), (21, 23), (164, 172), (46, 174), (217, 221), (208, 212), (78, 206), (130, 134), (1, 129), (21, 53), (232, 233), (16, 17)}
E2: {(193, 195), (32, 34), (163, 167), (162, 226), (32, 40), (18, 26), (132, 164), (193, 201), (68, 100), (167, 231), (193, 225), (2, 66), (1, 3), (100, 101), (187, 191), (34, 162), (189, 191), (117, 245), (132, 148), (148, 156), (193, 197), (32, 36), (26, 90), (148, 180), (162, 170), (73, 89), (101, 117), (167, 175), (1, 5), (117, 119), (166, 167), (36, 100), (1, 17), (32, 96), (162, 166), (175, 191), (2, 34), (164, 166), (73, 201), (190, 191), (129, 193), (2, 3), (1, 129), (2, 18), (148, 212), (159, 191)}
Obj: 28458

