Log for instance aco_tuning_out/inst30.txt.

Used ({'tau_0': 7.151935564269642e-06, 'xi': 0.10184361707760894, 'q0': 0.5077701235510973, 'alpha': 0.5847895154504361, 'beta': 0.6413829753178264, 'rho': 0.2990121644546394, 'ants': 8}) and found best instance after 9.34375 seconds.
E1: {(175, 202), (118, 119), (29, 32), (199, 205), (176, 185), (70, 79), (236, 239), (149, 152), (195, 204), (205, 206), (117, 120), (185, 239), (200, 206), (177, 204), (134, 215), (29, 110), (175, 176), (109, 118), (25, 79), (110, 119), (206, 215), (64, 70), (23, 185), (91, 118), (18, 21), (202, 205), (202, 211), (205, 232), (21, 23), (14, 176), (149, 230), (21, 102), (204, 205), (118, 199), (117, 118), (0, 18), (230, 239), (70, 232)}
E2: {(66, 228), (135, 144), (167, 185), (236, 239), (66, 75), (76, 79), (149, 152), (205, 206), (57, 75), (161, 242), (185, 239), (48, 75), (115, 196), (97, 178), (160, 161), (200, 206), (79, 160), (133, 134), (182, 185), (67, 76), (144, 146), (196, 205), (109, 115), (91, 97), (166, 167), (45, 48), (25, 79), (76, 157), (178, 205), (3, 57), (64, 67), (146, 149), (239, 242), (152, 161), (0, 3), (66, 67), (133, 160), (195, 196), (177, 178), (115, 133)}
Obj: 33147

