Log for instance aco_tuning_out/inst21.txt.

Used ({'tau_0': 1.8744203829802787e-06, 'xi': 0.06974601013646063, 'q0': 0.6646227429685135, 'alpha': 0.837812461347453, 'beta': 0.9110718814664547, 'rho': 0.3627109167529502, 'ants': 14}) and found best instance after 9.8125 seconds.
E1: {(101, 155), (39, 201), (226, 229), (162, 171), (162, 168), (207, 209), (171, 198), (11, 14), (20, 47), (11, 20), (201, 202), (30, 39), (200, 209), (168, 177), (20, 101), (64, 226), (30, 32), (81, 135), (201, 210), (146, 155), (146, 152), (81, 162), (201, 228), (169, 223), (207, 210), (202, 229), (47, 209), (45, 47), (166, 169), (198, 201), (20, 182), (168, 169)}
E2: {(33, 42), (55, 136), (84, 87), (69, 71), (87, 89), (64, 145), (208, 211), (39, 42), (33, 60), (217, 223), (46, 127), (30, 39), (136, 145), (200, 209), (180, 234), (42, 44), (6, 87), (180, 182), (7, 25), (46, 47), (58, 76), (118, 127), (216, 217), (209, 236), (3, 30), (55, 217), (135, 216), (118, 145), (68, 71), (31, 58), (30, 32), (39, 120), (6, 7), (55, 58), (76, 157), (91, 118), (43, 44), (109, 136), (59, 68), (71, 152), (208, 209), (60, 69), (60, 78), (3, 84), (0, 6), (47, 209), (33, 195), (45, 47), (216, 234), (30, 31)}
Obj: 31799

