Log for instance aco_tuning_out/inst18.txt.

Used ({'tau_0': 3.462877209278076e-06, 'xi': 0.0658154748162855, 'q0': 0.6970370798529836, 'alpha': 1.3037173239481683, 'beta': 0.3291761938293081, 'rho': 0.413035014315252, 'ants': 16}) and found best instance after 9.640625 seconds.
E1: {(55, 63), (197, 205), (105, 107), (99, 103), (58, 59), (13, 45), (86, 87), (150, 151), (5, 13), (39, 103), (87, 95), (97, 105), (1, 3), (1, 9), (121, 249), (252, 253), (54, 55), (62, 126), (197, 213), (6, 14), (201, 205), (96, 97), (13, 29), (10, 42), (26, 90), (147, 151), (29, 31), (105, 121), (245, 253), (31, 95), (57, 59), (31, 159), (46, 62), (10, 14), (19, 23), (1, 5), (29, 61), (85, 87), (213, 215), (10, 26), (110, 238), (32, 96), (249, 253), (32, 160), (81, 83), (42, 46), (107, 111), (99, 107), (46, 110), (23, 87), (87, 215), (80, 81), (66, 70), (57, 61), (70, 86), (19, 83), (62, 63), (39, 55), (31, 63), (151, 159), (209, 213)}
E2: {(177, 181), (148, 150), (105, 109), (147, 151), (28, 60), (88, 120), (31, 95), (31, 159), (80, 88), (123, 251), (1, 17), (24, 28), (32, 160), (151, 159), (55, 63), (136, 137), (243, 251), (108, 109), (91, 123), (70, 198), (121, 249), (132, 148), (62, 126), (249, 251), (82, 83), (44, 108), (29, 31), (165, 181), (97, 101), (1, 5), (132, 196), (249, 253), (76, 108), (112, 113), (66, 70), (9, 137), (70, 86), (30, 31), (146, 154), (168, 184), (165, 167), (86, 87), (40, 44), (87, 95), (97, 105), (1, 9), (54, 55), (136, 200), (146, 147), (245, 253), (221, 253), (49, 113), (49, 177), (172, 174), (28, 29), (76, 78), (110, 238), (120, 121), (82, 210), (46, 110), (23, 87), (200, 232), (196, 198), (115, 243), (19, 83), (62, 63), (17, 49), (168, 172), (163, 167), (32, 40), (72, 76), (112, 240), (82, 114), (252, 253), (142, 174), (83, 115), (51, 55), (70, 78), (89, 91), (46, 62), (19, 23), (174, 238), (113, 115), (49, 51)}
Obj: 39075

