Log for instance aco_tuning_out/inst12.txt.

Used ({'tau0': 9.767241690470751e-06, 'xi': 0.11665997591227979, 'q0': 0.8943962543294219, 'alpha': 1.1523918797969719, 'beta': 1.0104719425759585, 'rho': 0.28187790444783706, 'ants': 10}) and found best instance after 10.46875 seconds.
E1: {(166, 175), (81, 82), (33, 42), (18, 20), (99, 100), (175, 202), (29, 35), (150, 151), (159, 160), (29, 32), (199, 205), (199, 208), (100, 101), (134, 161), (89, 107), (45, 46), (160, 161), (72, 75), (81, 84), (107, 161), (145, 151), (42, 44), (35, 44), (180, 182), (42, 123), (20, 101), (118, 145), (153, 234), (91, 100), (151, 160), (123, 150), (21, 75), (18, 21), (46, 208), (202, 205), (202, 211), (72, 153), (82, 100), (99, 180), (0, 3), (82, 109), (234, 240), (3, 84), (21, 102), (159, 240), (118, 199), (33, 195), (43, 205), (120, 123)}
E2: {(166, 175), (175, 202), (21, 22), (159, 160), (216, 218), (179, 233), (59, 140), (176, 185), (40, 41), (19, 73), (171, 198), (153, 159), (100, 101), (135, 153), (142, 223), (152, 233), (67, 229), (185, 239), (198, 200), (218, 236), (157, 160), (186, 213), (140, 158), (83, 164), (171, 173), (18, 19), (72, 75), (213, 240), (177, 186), (28, 109), (173, 176), (164, 173), (58, 67), (173, 179), (22, 25), (58, 76), (31, 34), (31, 40), (20, 101), (100, 103), (19, 20), (31, 58), (175, 176), (153, 234), (102, 103), (128, 134), (21, 75), (73, 76), (18, 21), (64, 73), (202, 205), (158, 239), (32, 41), (78, 240), (72, 153), (229, 238), (18, 45), (142, 160), (202, 229), (211, 238), (159, 240), (83, 89), (101, 128), (216, 234), (43, 205), (28, 34)}
Obj: 41809

