Log for instance aco_tuning_out/inst09.txt.

Used ({'tau_0': 1.944733890460195e-06, 'xi': 0.10406489729971813, 'q0': 0.5015133780289627, 'alpha': 0.48372224880231074, 'beta': 1.7691019222478264, 'rho': 0.4010581607160818, 'ants': 21}) and found best instance after 110.25 seconds.
E1: {(93, 102), (3, 4), (93, 120), (4, 85), (142, 223), (88, 142), (85, 88), (157, 160), (223, 232), (136, 142), (79, 160), (3, 12), (78, 79), (235, 236), (73, 235), (88, 89), (85, 166), (205, 232), (73, 79), (12, 14), (135, 136), (178, 232), (0, 3), (142, 160), (12, 93), (43, 205), (177, 178)}
E2: {(162, 165), (162, 168), (32, 113), (76, 238), (116, 143), (131, 134), (142, 223), (76, 79), (45, 46), (131, 158), (168, 177), (165, 166), (142, 143), (89, 143), (168, 195), (113, 116), (114, 123), (113, 131), (25, 79), (76, 157), (73, 79), (0, 162), (59, 77), (143, 152), (211, 238), (77, 158), (114, 116), (76, 77), (46, 73), (114, 195), (120, 123)}
Obj: 26284

