Log for instance aco_tuning_out/inst15.txt.

Used ({'tau_0': 2.2570844960363238e-06, 'xi': 0.1499824051273781, 'q0': 0.6397024715024884, 'alpha': 1.3177960201993473, 'beta': 1.7274258641979925, 'rho': 0.06839890232135862, 'ants': 10}) and found best instance after 41.484375 seconds.
E1: {(55, 136), (171, 177), (66, 228), (171, 198), (75, 78), (66, 75), (34, 43), (198, 200), (171, 173), (136, 145), (58, 76), (173, 182), (31, 34), (31, 58), (55, 58), (76, 157), (55, 64), (109, 136), (201, 228), (75, 76), (91, 145), (189, 195), (198, 201), (189, 198)}
E2: {(43, 205), (81, 82), (166, 175), (19, 46), (5, 59), (175, 202), (21, 22), (75, 78), (5, 86), (13, 14), (189, 191), (198, 200), (45, 46), (0, 81), (174, 175), (218, 236), (83, 164), (82, 83), (189, 195), (164, 173), (86, 89), (13, 175), (173, 182), (134, 215), (164, 191), (205, 214), (174, 177), (13, 22), (81, 135), (164, 218), (21, 75), (64, 73), (202, 205), (211, 214), (174, 201), (201, 228), (82, 109), (19, 25), (5, 32), (19, 22), (214, 215), (46, 73), (83, 86), (198, 201), (189, 198)}
Obj: 26995

