Log for instance aco_tuning_out/inst21.txt.

Used ({'tau_0': 2.924453704862743e-06, 'xi': 0.10102715591656777, 'q0': 0.8483785554218048, 'alpha': 1.0515532863745962, 'beta': 0.39867352753450425, 'rho': 0.28727195311451986, 'ants': 26}) and found best instance after 15.71875 seconds.
E1: {(166, 175), (38, 200), (226, 229), (175, 202), (147, 149), (171, 180), (29, 32), (179, 233), (29, 38), (176, 179), (147, 228), (171, 198), (152, 233), (174, 175), (180, 182), (36, 198), (135, 137), (64, 226), (175, 176), (36, 45), (174, 177), (224, 233), (14, 176), (146, 149), (137, 146), (174, 201), (202, 229), (174, 228), (36, 38), (198, 201), (223, 224)}
E2: {(226, 232), (58, 59), (109, 190), (162, 171), (99, 100), (55, 136), (162, 180), (69, 71), (208, 211), (190, 199), (97, 151), (29, 32), (29, 47), (20, 47), (100, 101), (190, 208), (205, 206), (45, 46), (200, 206), (223, 232), (96, 97), (83, 164), (136, 145), (171, 173), (145, 151), (20, 74), (180, 182), (164, 173), (46, 47), (58, 76), (20, 101), (64, 226), (195, 197), (118, 145), (19, 20), (197, 206), (55, 58), (76, 157), (46, 208), (91, 118), (205, 232), (0, 162), (71, 152), (74, 236), (145, 226), (135, 136), (96, 123), (69, 78), (99, 180), (65, 71), (19, 25), (118, 199), (83, 89), (65, 74), (43, 205), (120, 123)}
Obj: 33059

