Log for instance aco_tuning_out/inst06.txt.

Used ({'tau0': 2.693231228771534e-06, 'xi': 0.06741045013783678, 'q0': 0.34341334065428447, 'alpha': 1.6251653731737596, 'beta': 0.8948148014172467, 'rho': 0.1267448319977672, 'ants': 32}) and found best instance after 232.3125 seconds.
E1: {(232, 236), (7, 23), (3, 7), (206, 238), (23, 31), (89, 217), (82, 114), (1, 3), (83, 91), (28, 30), (172, 236), (91, 95), (206, 207), (53, 181), (174, 175), (85, 213), (174, 190), (82, 83), (105, 109), (206, 222), (180, 182), (192, 208), (89, 91), (208, 210), (31, 95), (212, 213), (172, 174), (236, 238), (134, 166), (45, 109), (6, 7), (109, 237), (217, 249), (208, 240), (24, 28), (166, 182), (180, 181), (82, 210), (134, 135), (182, 190), (46, 174), (78, 206), (7, 39), (217, 221), (208, 212), (130, 134), (236, 237), (1, 129), (30, 31), (6, 134)}
E2: {(90, 91), (193, 195), (193, 201), (162, 226), (101, 103), (68, 100), (181, 245), (103, 231), (193, 225), (196, 197), (2, 66), (1, 3), (100, 101), (187, 191), (91, 95), (189, 191), (132, 148), (148, 156), (174, 175), (174, 190), (193, 197), (96, 100), (148, 180), (180, 182), (162, 170), (89, 91), (31, 95), (31, 159), (1, 5), (34, 42), (132, 196), (68, 196), (36, 100), (1, 17), (162, 166), (166, 182), (180, 181), (175, 191), (162, 163), (2, 34), (182, 190), (40, 42), (129, 193), (103, 119), (1, 129), (2, 3), (2, 18), (148, 212), (159, 191)}
Obj: 28628

