Log for instance aco_tuning_out/inst21.txt.

Used ({'tau0': 5.886189817315941e-06, 'xi': 0.08222368157872886, 'q0': 0.5177131034654385, 'alpha': 1.8715621976373542, 'beta': 1.496250370264296, 'rho': 0.33920762188241993, 'ants': 22}) and found best instance after 9.53125 seconds.
E1: {(4, 58), (54, 135), (11, 173), (66, 228), (31, 32), (179, 233), (9, 11), (11, 14), (9, 36), (152, 233), (67, 229), (54, 55), (200, 206), (58, 67), (173, 179), (173, 182), (31, 58), (4, 166), (36, 45), (55, 58), (55, 61), (177, 179), (64, 67), (229, 232), (206, 233), (66, 67), (232, 233), (61, 223)}
E2: {(109, 190), (54, 135), (20, 23), (0, 54), (69, 71), (171, 180), (190, 193), (190, 199), (207, 209), (23, 77), (199, 205), (42, 69), (39, 42), (171, 198), (180, 207), (58, 220), (63, 64), (44, 206), (39, 66), (200, 206), (223, 232), (89, 116), (30, 39), (189, 195), (42, 44), (35, 44), (180, 182), (27, 189), (58, 76), (209, 236), (27, 30), (19, 20), (39, 120), (63, 66), (76, 157), (32, 35), (27, 45), (27, 54), (43, 44), (91, 118), (205, 232), (71, 152), (193, 220), (69, 78), (220, 238), (35, 116), (59, 77), (211, 238), (204, 205), (118, 199), (42, 204), (76, 77), (19, 25), (198, 204)}
Obj: 31467

