Log for instance aco_tuning_out/inst12.txt.

Used ({'tau0': 6.1953877645287985e-06, 'xi': 0.12592428493863295, 'q0': 0.5371346552036473, 'alpha': 0.6164150020009103, 'beta': 1.0047990339648631, 'rho': 0.10018538445968772, 'ants': 21}) and found best instance after 138.71875 seconds.
E1: {(83, 110), (201, 203), (116, 134), (38, 119), (110, 116), (18, 21), (83, 89), (195, 196), (81, 82), (38, 41), (81, 84), (82, 83), (202, 203), (3, 21), (202, 205), (32, 41), (21, 102), (43, 205), (120, 201), (41, 203), (196, 205), (110, 119), (82, 91), (202, 211), (18, 45), (18, 20), (166, 193), (193, 196), (82, 109), (0, 3), (3, 84), (20, 182)}
E2: {(175, 184), (116, 134), (116, 143), (89, 116), (136, 142), (21, 75), (18, 21), (171, 177), (79, 160), (142, 143), (77, 80), (78, 79), (79, 80), (25, 79), (65, 227), (32, 50), (21, 102), (65, 74), (56, 59), (21, 22), (184, 211), (70, 79), (43, 70), (142, 223), (227, 236), (64, 65), (135, 137), (75, 77), (9, 171), (18, 45), (143, 152), (9, 18), (56, 65), (166, 175), (22, 184), (171, 173), (173, 200), (137, 143), (109, 136), (50, 77), (142, 160), (74, 80), (157, 160)}
Obj: 31231

