Log for instance aco_tuning_out/inst03.txt.

Used ({'tau_0': 9.546586330686151e-06, 'xi': 0.07432857356120594, 'q0': 0.39855006298732903, 'alpha': 1.1362553523500754, 'beta': 1.13375631131127, 'rho': 0.39805176799684205, 'ants': 18}) and found best instance after 13.53125 seconds.
E1: {(136, 137), (210, 242), (145, 149), (219, 223), (155, 187), (211, 219), (68, 100), (52, 116), (147, 155), (118, 119), (210, 211), (225, 233), (49, 53), (100, 101), (36, 37), (1, 9), (140, 204), (221, 223), (37, 39), (240, 242), (143, 175), (202, 203), (25, 153), (52, 54), (116, 124), (92, 124), (153, 155), (135, 143), (49, 113), (97, 101), (17, 81), (207, 223), (17, 145), (20, 52), (97, 113), (54, 118), (1, 17), (100, 228), (24, 25), (37, 53), (81, 83), (203, 207), (145, 147), (52, 53), (143, 207), (1, 65), (9, 137), (49, 57), (97, 225), (83, 211), (195, 211), (232, 233), (136, 140), (17, 49)}
E2: {(128, 136), (136, 137), (177, 181), (41, 43), (132, 164), (107, 235), (43, 107), (181, 245), (164, 180), (0, 2), (128, 160), (216, 218), (40, 41), (17, 21), (196, 197), (49, 53), (82, 114), (148, 150), (53, 181), (132, 148), (160, 164), (45, 61), (192, 196), (9, 41), (82, 83), (33, 41), (154, 218), (61, 63), (198, 230), (5, 21), (31, 159), (17, 81), (132, 196), (36, 164), (53, 61), (226, 230), (137, 201), (81, 83), (82, 210), (2, 34), (164, 166), (33, 49), (15, 31), (107, 111), (99, 107), (164, 172), (107, 123), (48, 49), (218, 222), (0, 128), (9, 137), (210, 218), (196, 198), (31, 63), (17, 49)}
Obj: 32758

