Log for instance aco_tuning_out/inst27.txt.

Used ({'tau_0': 6.651155935593466e-06, 'xi': 0.0698190378741818, 'q0': 0.8638669115585977, 'alpha': 1.1622049190539232, 'beta': 1.595958584283492, 'rho': 0.31540247478897615, 'ants': 9}) and found best instance after 4.875 seconds.
E1: {(105, 107), (99, 103), (196, 228), (146, 154), (108, 109), (147, 155), (5, 7), (43, 171), (108, 124), (87, 95), (97, 105), (114, 115), (1, 3), (114, 118), (34, 98), (187, 191), (198, 206), (158, 222), (76, 204), (7, 71), (110, 111), (249, 251), (96, 97), (209, 213), (146, 147), (105, 109), (206, 222), (147, 151), (142, 143), (29, 31), (96, 98), (221, 253), (144, 146), (31, 95), (142, 158), (31, 159), (112, 114), (143, 159), (114, 242), (1, 5), (39, 47), (27, 155), (132, 196), (76, 78), (187, 251), (54, 118), (213, 221), (213, 215), (63, 191), (110, 238), (249, 253), (107, 111), (76, 108), (60, 124), (99, 107), (71, 103), (158, 190), (23, 87), (98, 114), (78, 206), (171, 187), (113, 115), (38, 54), (112, 116), (196, 198), (242, 250), (36, 38), (30, 31), (159, 191), (151, 159), (47, 111)}
E2: {(119, 127), (105, 107), (243, 251), (108, 109), (156, 158), (12, 13), (216, 218), (97, 105), (244, 246), (252, 253), (156, 188), (148, 150), (253, 255), (198, 206), (158, 222), (244, 252), (132, 148), (56, 58), (249, 251), (6, 14), (202, 206), (105, 109), (206, 222), (160, 176), (26, 90), (125, 127), (142, 143), (12, 76), (147, 151), (90, 218), (221, 253), (96, 98), (14, 15), (127, 255), (142, 158), (97, 101), (31, 159), (143, 159), (114, 242), (48, 56), (10, 14), (132, 196), (76, 78), (144, 176), (249, 253), (13, 141), (32, 96), (56, 57), (32, 160), (226, 230), (230, 246), (218, 250), (166, 182), (240, 244), (76, 108), (107, 111), (188, 252), (14, 78), (107, 123), (78, 206), (98, 114), (218, 222), (26, 58), (196, 198), (242, 250), (30, 31), (150, 182), (151, 159)}
Obj: 37006

