Log for instance aco_tuning_out/inst03.txt.

Used ({'tau_0': 2.693231228771534e-06, 'xi': 0.06741045013783678, 'q0': 0.34341334065428447, 'alpha': 1.6251653731737596, 'beta': 0.8948148014172467, 'rho': 0.1267448319977672, 'ants': 32}) and found best instance after 66.453125 seconds.
E1: {(76, 92), (137, 139), (16, 20), (139, 203), (211, 219), (113, 117), (210, 211), (36, 37), (68, 69), (69, 101), (53, 117), (37, 39), (205, 221), (76, 204), (224, 228), (224, 240), (202, 203), (52, 54), (147, 151), (49, 113), (139, 171), (65, 69), (117, 119), (20, 52), (149, 151), (200, 202), (37, 53), (16, 24), (147, 211), (203, 207), (171, 175), (52, 53), (203, 219), (200, 232), (171, 187), (9, 137), (49, 57), (205, 207), (204, 205), (37, 101), (135, 151), (195, 211), (68, 76), (224, 232)}
E2: {(192, 194), (241, 245), (32, 34), (132, 164), (32, 40), (15, 143), (98, 226), (107, 235), (43, 107), (5, 13), (216, 218), (196, 197), (36, 37), (34, 98), (148, 150), (5, 37), (37, 45), (132, 148), (160, 164), (45, 61), (32, 33), (0, 32), (177, 241), (32, 36), (148, 180), (154, 218), (61, 63), (32, 48), (49, 177), (9, 13), (143, 159), (132, 196), (32, 160), (137, 201), (98, 99), (194, 198), (164, 166), (33, 49), (107, 111), (99, 107), (194, 210), (164, 172), (98, 114), (107, 123), (218, 222), (9, 137), (210, 218), (196, 198), (13, 15), (17, 49)}
Obj: 28970

