Log for instance aco_tuning_out/inst24.txt.

Used ({'tau0': 7.405500650510694e-06, 'xi': 0.0538011928337849, 'q0': 0.7808066118135257, 'alpha': 1.9053416179409846, 'beta': 1.1675645378953803, 'rho': 0.23263286946707473, 'ants': 25}) and found best instance after 19.484375 seconds.
E1: {(76, 92), (90, 91), (99, 103), (243, 251), (146, 154), (155, 187), (156, 158), (147, 155), (12, 13), (44, 45), (107, 235), (43, 171), (228, 244), (0, 2), (40, 44), (252, 253), (156, 188), (91, 95), (244, 252), (158, 222), (224, 228), (146, 147), (10, 42), (206, 222), (25, 153), (147, 151), (12, 76), (221, 253), (14, 15), (144, 146), (153, 155), (31, 95), (31, 159), (139, 171), (10, 14), (187, 251), (2, 10), (76, 78), (106, 122), (235, 251), (240, 244), (160, 224), (13, 141), (2, 34), (250, 251), (12, 14), (158, 190), (188, 252), (76, 108), (99, 107), (71, 103), (42, 58), (171, 187), (78, 206), (25, 57), (90, 122), (130, 146), (12, 44), (158, 159), (151, 159)}
E2: {(183, 191), (55, 63), (90, 91), (132, 164), (155, 187), (156, 158), (147, 155), (4, 6), (164, 165), (60, 62), (228, 244), (146, 178), (252, 253), (187, 191), (156, 188), (91, 95), (253, 255), (244, 252), (158, 222), (198, 206), (85, 213), (62, 126), (6, 14), (146, 147), (206, 222), (4, 5), (180, 188), (164, 228), (221, 253), (144, 146), (89, 91), (95, 223), (194, 226), (10, 14), (239, 255), (198, 199), (2, 10), (106, 122), (213, 215), (134, 166), (53, 55), (199, 231), (55, 183), (120, 121), (194, 195), (89, 121), (175, 191), (194, 198), (2, 34), (237, 239), (188, 252), (4, 132), (90, 122), (122, 126), (132, 134), (114, 122), (62, 63), (215, 223), (175, 239)}
Obj: 32513

