Log for instance aco_tuning_out/inst09.txt.

Used ({'tau0': 6.651390889237055e-06, 'xi': 0.11158156951036152, 'q0': 0.3891327832249725, 'alpha': 0.5704086329673803, 'beta': 0.45022269695520334, 'rho': 0.05657845121910911, 'ants': 23}) and found best instance after 142.1875 seconds.
E1: {(84, 87), (93, 120), (12, 13), (96, 177), (87, 89), (139, 157), (135, 138), (84, 93), (217, 223), (217, 220), (84, 102), (166, 220), (6, 60), (218, 236), (84, 138), (6, 87), (139, 220), (40, 43), (138, 139), (13, 40), (12, 14), (217, 218), (87, 96), (60, 78), (12, 93), (0, 6)}
E2: {(96, 177), (87, 89), (166, 220), (31, 193), (27, 45), (123, 150), (150, 152), (123, 125), (125, 134), (58, 220), (193, 211), (193, 220), (0, 27), (31, 32), (139, 157), (195, 204), (7, 25), (58, 139), (96, 123), (0, 6), (120, 123), (123, 204), (4, 58), (58, 59), (6, 87), (6, 7), (220, 223), (4, 7), (87, 96)}
Obj: 24091

