Log for instance aco_tuning_out/inst21.txt.

Used ({'tau_0': 3.5413625395276035e-06, 'xi': 0.13677021617214064, 'q0': 0.40454797157881806, 'alpha': 1.9054287973649844, 'beta': 1.2761266989533575, 'rho': 0.43117638553854254, 'ants': 24}) and found best instance after 9.71875 seconds.
E1: {(166, 175), (38, 200), (175, 202), (38, 47), (9, 63), (92, 146), (9, 11), (101, 182), (11, 14), (11, 17), (152, 233), (63, 64), (223, 232), (15, 17), (30, 39), (232, 233), (135, 137), (36, 39), (30, 32), (11, 92), (137, 146), (202, 205), (146, 152), (205, 232), (228, 230), (15, 177), (36, 38), (45, 47), (230, 233), (92, 101), (9, 36)}
E2: {(38, 200), (39, 201), (162, 171), (42, 51), (105, 186), (150, 151), (39, 42), (42, 69), (10, 64), (69, 150), (171, 198), (112, 115), (234, 236), (89, 98), (195, 213), (186, 213), (96, 97), (154, 157), (30, 39), (171, 173), (11, 38), (154, 160), (211, 212), (79, 160), (120, 201), (30, 57), (36, 198), (78, 79), (173, 182), (97, 98), (57, 59), (10, 11), (135, 216), (45, 51), (30, 32), (213, 215), (91, 97), (109, 112), (25, 79), (151, 160), (96, 105), (42, 43), (0, 162), (150, 152), (222, 223), (234, 240), (216, 222), (159, 240), (124, 151), (115, 124), (36, 38), (216, 234), (212, 215), (198, 201), (97, 124), (105, 159)}
Obj: 33361

