Log for instance aco_tuning_out/inst18.txt.

Used ({'tau_0': 2.924453704862743e-06, 'xi': 0.10102715591656777, 'q0': 0.8483785554218048, 'alpha': 1.0515532863745962, 'beta': 0.39867352753450425, 'rho': 0.28727195311451986, 'ants': 26}) and found best instance after 49.234375 seconds.
E1: {(136, 137), (128, 136), (55, 63), (193, 201), (90, 94), (156, 158), (206, 238), (0, 2), (1, 3), (156, 188), (148, 150), (158, 222), (54, 55), (85, 213), (94, 222), (215, 223), (148, 156), (62, 126), (45, 61), (0, 32), (193, 197), (206, 222), (61, 63), (147, 151), (64, 80), (193, 209), (159, 223), (96, 98), (95, 223), (46, 62), (1, 5), (29, 61), (213, 215), (32, 96), (137, 201), (32, 160), (98, 99), (42, 46), (66, 98), (188, 252), (213, 245), (107, 111), (99, 107), (42, 58), (94, 126), (0, 64), (9, 137), (0, 128), (57, 61), (2, 3), (2, 6), (39, 55), (62, 63), (158, 159), (151, 159), (209, 213)}
E2: {(168, 172), (128, 136), (136, 137), (72, 76), (32, 40), (154, 158), (156, 158), (168, 184), (163, 179), (206, 238), (51, 59), (0, 2), (40, 44), (210, 211), (28, 30), (1, 3), (121, 249), (148, 150), (252, 253), (83, 211), (158, 222), (168, 232), (148, 156), (96, 97), (0, 32), (206, 222), (44, 108), (28, 60), (245, 253), (221, 253), (22, 86), (142, 158), (97, 101), (40, 168), (121, 123), (1, 5), (244, 245), (76, 78), (97, 113), (249, 253), (24, 28), (32, 96), (240, 244), (32, 160), (89, 121), (81, 83), (81, 89), (66, 98), (59, 123), (76, 108), (51, 179), (98, 114), (78, 206), (22, 30), (80, 81), (0, 128), (9, 137), (81, 113), (122, 126), (2, 3), (114, 122), (28, 156), (22, 54), (96, 98)}
Obj: 33085

