Log for instance aco_tuning_out/inst21.txt.

Used ({'tau_0': 4.854876741746394e-06, 'xi': 0.1452545140568255, 'q0': 0.42195591018398276, 'alpha': 0.3555439034289861, 'beta': 0.8668501148752592, 'rho': 0.11887721475075397, 'ants': 32}) and found best instance after 267.234375 seconds.
E1: {(92, 119), (119, 200), (175, 202), (40, 41), (92, 146), (171, 198), (142, 223), (40, 202), (135, 137), (9, 10), (164, 182), (137, 146), (9, 171), (14, 41), (198, 201), (177, 178), (166, 175), (10, 64), (201, 202), (92, 173), (171, 173), (142, 143), (164, 173), (36, 198), (36, 45), (137, 143), (146, 152), (32, 41), (201, 228), (175, 178)}
E2: {(18, 72), (162, 168), (171, 198), (100, 101), (57, 75), (72, 75), (107, 161), (30, 57), (22, 76), (136, 217), (0, 9), (75, 76), (216, 218), (82, 83), (22, 25), (20, 101), (72, 74), (65, 74), (56, 59), (162, 171), (43, 70), (198, 200), (64, 65), (83, 164), (162, 164), (136, 145), (168, 195), (86, 89), (117, 198), (74, 236), (222, 223), (217, 218), (101, 107), (91, 145), (65, 71), (9, 18), (83, 86), (56, 65), (18, 20), (117, 120), (72, 78), (49, 211), (135, 216), (30, 32), (168, 222), (49, 76), (76, 157), (45, 72), (70, 71), (82, 100), (82, 109), (152, 161), (56, 218), (20, 182)}
Obj: 32563

