Log for instance aco_tuning_out/inst03.txt.

Used ({'tau_0': 7.814861621349648e-06, 'xi': 0.138307434456488, 'q0': 0.43841983460807055, 'alpha': 1.339632899369741, 'beta': 1.2581696145841696, 'rho': 0.4518495513690369, 'ants': 15}) and found best instance after 10.5 seconds.
E1: {(210, 242), (128, 136), (136, 137), (47, 175), (196, 228), (99, 103), (101, 103), (211, 219), (232, 248), (99, 115), (150, 151), (20, 84), (125, 253), (39, 103), (210, 211), (65, 67), (210, 214), (57, 121), (252, 253), (100, 101), (36, 37), (148, 150), (115, 123), (206, 207), (132, 148), (68, 84), (240, 242), (128, 132), (202, 206), (206, 222), (147, 151), (20, 22), (20, 28), (84, 92), (221, 253), (67, 195), (248, 252), (121, 123), (22, 150), (39, 47), (132, 196), (115, 119), (187, 251), (148, 149), (36, 100), (123, 251), (214, 222), (100, 228), (24, 28), (37, 53), (147, 211), (113, 115), (9, 137), (121, 125), (67, 99), (135, 151), (196, 204), (22, 54)}
E2: {(177, 181), (32, 34), (132, 164), (193, 201), (15, 143), (146, 154), (41, 43), (107, 235), (43, 107), (99, 115), (181, 245), (52, 180), (152, 154), (8, 9), (40, 41), (196, 197), (210, 214), (114, 115), (0, 8), (115, 123), (53, 181), (160, 164), (110, 111), (192, 196), (32, 33), (9, 41), (193, 197), (32, 36), (41, 45), (1, 33), (33, 41), (142, 143), (32, 48), (150, 214), (134, 142), (143, 159), (46, 62), (1, 5), (132, 196), (214, 222), (1, 17), (198, 214), (32, 160), (146, 210), (226, 230), (164, 166), (107, 111), (62, 63), (52, 53), (99, 107), (46, 110), (164, 172), (152, 216), (48, 52), (196, 198), (132, 134), (166, 230)}
Obj: 34818

