Log for instance aco_tuning_out/inst15.txt.

Used ({'tau_0': 7.35696843598511e-06, 'xi': 0.13099405837312028, 'q0': 0.39430175087041053, 'alpha': 1.838983583452214, 'beta': 0.7213281426644318, 'rho': 0.11968092308615733, 'ants': 31}) and found best instance after 34.0625 seconds.
E1: {(37, 64), (75, 237), (176, 185), (75, 78), (174, 176), (168, 177), (182, 185), (228, 237), (168, 195), (94, 148), (91, 94), (175, 176), (109, 118), (174, 177), (91, 118), (94, 175), (199, 200), (37, 199), (174, 228), (118, 199), (37, 43), (148, 157)}
E2: {(5, 59), (166, 193), (20, 23), (32, 113), (20, 26), (78, 80), (43, 70), (5, 86), (131, 134), (198, 200), (0, 81), (192, 193), (71, 80), (81, 84), (84, 86), (86, 89), (45, 207), (20, 182), (112, 193), (86, 113), (113, 131), (109, 112), (192, 195), (174, 177), (81, 135), (26, 80), (64, 70), (192, 201), (182, 236), (193, 211), (70, 71), (174, 201), (14, 23), (112, 113), (5, 23), (174, 228), (198, 201), (198, 207), (25, 26)}
Obj: 26843

