Log for instance aco_tuning_out/inst24.txt.

Used ({'tau0': 2.2570844960363238e-06, 'xi': 0.1499824051273781, 'q0': 0.6397024715024884, 'alpha': 1.3177960201993473, 'beta': 1.7274258641979925, 'rho': 0.06839890232135862, 'ants': 10}) and found best instance after 104.75 seconds.
E1: {(76, 92), (42, 106), (15, 143), (99, 103), (243, 251), (107, 235), (58, 62), (146, 154), (12, 13), (13, 45), (43, 107), (0, 2), (176, 240), (40, 41), (252, 253), (2, 130), (249, 251), (62, 190), (41, 45), (160, 176), (154, 218), (90, 218), (12, 76), (41, 57), (221, 253), (144, 146), (143, 159), (106, 107), (34, 42), (144, 176), (249, 253), (13, 141), (139, 143), (2, 34), (218, 250), (76, 108), (141, 143), (99, 107), (71, 103), (42, 58), (40, 42), (130, 146), (250, 251)}
E2: {(183, 191), (90, 91), (193, 195), (162, 226), (164, 165), (146, 178), (187, 191), (221, 223), (34, 162), (53, 181), (120, 122), (85, 213), (197, 213), (231, 239), (193, 197), (146, 147), (164, 228), (21, 85), (181, 183), (90, 218), (191, 255), (165, 181), (144, 146), (89, 91), (5, 21), (2, 10), (106, 122), (63, 191), (120, 124), (162, 166), (175, 191), (180, 181), (2, 34), (237, 239), (164, 166), (60, 124), (162, 178), (222, 223), (223, 255), (218, 222), (90, 122), (114, 122), (21, 53), (175, 239)}
Obj: 26379

