Log for instance aco_tuning_out/inst15.txt.

Used ({'tau0': 8.839185575249679e-06, 'xi': 0.14550623661925266, 'q0': 0.34798186644897255, 'alpha': 1.259708246474134, 'beta': 0.9832315705511097, 'rho': 0.4534262478421148, 'ants': 24}) and found best instance after 13.265625 seconds.
E1: {(145, 146), (39, 201), (171, 174), (147, 149), (43, 52), (171, 180), (33, 51), (146, 227), (64, 145), (30, 33), (39, 66), (149, 158), (30, 39), (136, 145), (180, 182), (51, 52), (200, 227), (157, 158), (66, 147), (174, 177), (146, 149), (109, 136), (174, 201), (91, 145), (51, 78), (174, 228), (33, 195)}
E2: {(101, 155), (118, 119), (43, 52), (199, 202), (33, 51), (83, 137), (40, 41), (51, 132), (101, 182), (166, 220), (0, 81), (65, 146), (201, 202), (64, 65), (220, 221), (40, 202), (51, 52), (25, 52), (135, 137), (40, 43), (45, 51), (59, 221), (109, 118), (174, 177), (81, 83), (146, 155), (137, 146), (193, 202), (32, 41), (193, 211), (119, 146), (174, 201), (199, 200), (193, 220), (132, 134), (174, 228), (118, 199), (33, 195), (51, 78), (83, 89), (14, 41), (155, 236)}
Obj: 27511

