Log for instance aco_tuning_out/inst24.txt.

Used ({'tau0': 8.93751488559124e-06, 'xi': 0.07498280708831719, 'q0': 0.7003533283222684, 'alpha': 1.84655149702223, 'beta': 0.36999618301213544, 'rho': 0.353807119950786, 'ants': 24}) and found best instance after 12.609375 seconds.
E1: {(76, 92), (105, 107), (99, 103), (171, 235), (188, 190), (108, 109), (146, 154), (32, 34), (243, 251), (43, 107), (12, 13), (32, 40), (43, 171), (0, 2), (252, 253), (187, 191), (56, 58), (174, 175), (224, 228), (249, 251), (45, 61), (16, 144), (174, 190), (146, 147), (105, 109), (10, 42), (224, 240), (61, 63), (147, 151), (12, 76), (108, 236), (221, 253), (139, 171), (48, 56), (143, 159), (106, 107), (2, 10), (74, 90), (63, 191), (249, 253), (13, 141), (160, 224), (42, 43), (175, 191), (139, 143), (2, 34), (250, 251), (76, 108), (188, 252), (99, 107), (71, 103), (42, 58), (228, 236), (171, 187), (16, 48), (57, 61), (10, 74), (130, 146), (13, 15), (151, 159)}
E2: {(183, 191), (105, 107), (132, 164), (108, 109), (98, 226), (164, 165), (12, 13), (5, 13), (237, 253), (0, 2), (187, 191), (121, 249), (148, 150), (178, 182), (2, 130), (253, 255), (198, 206), (143, 175), (16, 144), (105, 109), (206, 222), (148, 180), (52, 54), (147, 151), (12, 76), (90, 218), (105, 121), (221, 253), (164, 228), (52, 60), (191, 255), (182, 246), (139, 171), (143, 159), (106, 107), (0, 16), (198, 199), (132, 196), (2, 10), (76, 78), (63, 191), (199, 231), (249, 253), (120, 121), (85, 93), (226, 230), (89, 121), (166, 182), (139, 143), (230, 246), (2, 34), (76, 108), (52, 53), (171, 187), (78, 206), (98, 114), (218, 222), (130, 134), (134, 150), (195, 199), (89, 93), (196, 198), (132, 134), (62, 63), (150, 182), (151, 159), (54, 62)}
Obj: 34805

