Log for instance aco_tuning_out/inst15.txt.

Used ({'tau0': 4.879942623985006e-06, 'xi': 0.08399557345205959, 'q0': 0.8878104132072444, 'alpha': 1.876793500103366, 'beta': 1.500849913875006, 'rho': 0.45614013825443306, 'ants': 13}) and found best instance after 4.5 seconds.
E1: {(226, 232), (33, 42), (39, 201), (18, 20), (99, 100), (110, 191), (118, 119), (66, 228), (190, 199), (208, 214), (38, 44), (171, 198), (75, 78), (100, 101), (190, 208), (39, 66), (83, 164), (171, 173), (82, 83), (157, 238), (42, 44), (214, 241), (180, 182), (164, 173), (36, 198), (20, 101), (64, 226), (164, 191), (173, 200), (238, 241), (205, 214), (109, 118), (174, 177), (110, 119), (21, 75), (18, 21), (91, 118), (205, 232), (174, 201), (82, 100), (99, 180), (118, 199), (33, 195), (36, 38), (43, 205), (198, 201)}
E2: {(226, 232), (99, 100), (175, 202), (171, 198), (20, 47), (100, 101), (200, 206), (72, 75), (64, 226), (38, 119), (27, 36), (205, 232), (59, 68), (174, 201), (5, 32), (198, 201), (81, 82), (33, 42), (118, 119), (190, 199), (208, 214), (75, 78), (66, 75), (81, 84), (82, 83), (180, 182), (164, 173), (36, 198), (209, 236), (20, 101), (66, 68), (191, 209), (19, 20), (175, 176), (197, 206), (0, 162), (128, 155), (208, 209), (118, 199), (33, 195), (36, 38), (43, 205), (6, 15), (39, 201), (226, 229), (162, 171), (66, 228), (190, 208), (27, 28), (135, 153), (39, 66), (83, 164), (28, 109), (191, 197), (86, 89), (174, 177), (110, 119), (128, 134), (14, 176), (137, 146), (211, 214), (83, 86), (45, 47), (166, 175), (84, 87), (15, 42), (5, 86), (171, 173), (6, 87), (205, 214), (146, 155), (72, 153), (110, 137), (82, 100), (99, 180), (202, 229), (19, 25)}
Obj: 38959

