Log for instance aco_tuning_out/inst27.txt.

Used ({'tau_0': 4.324890613407541e-06, 'xi': 0.12290267674013398, 'q0': 0.47304418264323866, 'alpha': 0.9643516325370455, 'beta': 0.8937714391186662, 'rho': 0.17837160642396882, 'ants': 18}) and found best instance after 220.71875 seconds.
E1: {(154, 155), (154, 158), (155, 187), (22, 23), (0, 2), (28, 30), (121, 249), (30, 158), (249, 251), (100, 116), (128, 132), (209, 213), (128, 144), (28, 60), (221, 253), (142, 158), (39, 47), (236, 238), (27, 155), (28, 29), (187, 251), (213, 221), (36, 100), (213, 215), (100, 228), (249, 253), (47, 63), (2, 34), (158, 190), (43, 47), (204, 236), (228, 236), (38, 39), (22, 30), (38, 54), (0, 128), (2, 3), (34, 38), (113, 121), (36, 38), (22, 54), (250, 251), (47, 111)}
E2: {(119, 127), (15, 79), (243, 251), (101, 103), (133, 141), (176, 240), (202, 234), (57, 121), (251, 255), (147, 179), (121, 249), (186, 250), (48, 176), (128, 129), (249, 251), (240, 248), (216, 248), (6, 14), (220, 221), (58, 186), (125, 127), (226, 234), (128, 144), (248, 249), (216, 220), (79, 111), (14, 15), (129, 133), (121, 123), (14, 30), (10, 14), (234, 250), (134, 166), (144, 176), (111, 127), (121, 125), (103, 119), (179, 243), (250, 251), (6, 134)}
Obj: 25092

