Log for instance aco_tuning_out/inst12.txt.

Used ({'tau_0': 9.342356314703797e-06, 'xi': 0.11093798894348852, 'q0': 0.3936504222796646, 'alpha': 1.8613339066625738, 'beta': 0.5900213499937936, 'rho': 0.2538267278899345, 'ants': 22}) and found best instance after 12.59375 seconds.
E1: {(111, 120), (81, 82), (39, 201), (84, 87), (165, 167), (87, 89), (167, 176), (176, 185), (210, 211), (84, 102), (84, 111), (0, 81), (81, 84), (165, 166), (111, 192), (182, 185), (84, 165), (40, 43), (36, 39), (36, 45), (192, 195), (5, 167), (201, 210), (82, 91), (192, 210), (105, 132), (39, 40), (82, 109), (5, 32), (132, 134), (87, 105)}
E2: {(81, 82), (84, 102), (107, 134), (187, 188), (234, 236), (25, 187), (66, 69), (57, 66), (72, 234), (43, 70), (135, 153), (89, 107), (223, 232), (160, 161), (81, 84), (200, 209), (107, 161), (154, 160), (72, 78), (165, 166), (69, 70), (30, 57), (177, 204), (107, 188), (209, 236), (84, 165), (57, 59), (205, 214), (30, 32), (153, 234), (81, 135), (187, 214), (64, 70), (211, 214), (205, 232), (45, 72), (152, 161), (153, 154), (82, 109), (204, 205), (157, 160), (70, 232)}
Obj: 30918

