Log for instance aco_tuning_out/inst12.txt.

Used ({'tau_0': 5.998921288673613e-06, 'xi': 0.12799050366072715, 'q0': 0.730921478054052, 'alpha': 1.5055228070199218, 'beta': 0.3739261379740735, 'rho': 0.1599798192967875, 'ants': 28}) and found best instance after 20.828125 seconds.
E1: {(81, 82), (34, 196), (84, 102), (27, 28), (34, 43), (0, 81), (28, 109), (83, 164), (82, 83), (81, 84), (120, 201), (164, 167), (36, 198), (164, 182), (134, 215), (27, 30), (30, 32), (166, 167), (27, 36), (196, 214), (27, 45), (82, 91), (211, 214), (82, 109), (83, 89), (195, 196), (214, 215), (28, 34), (198, 201)}
E2: {(4, 58), (166, 184), (58, 59), (21, 22), (61, 70), (31, 32), (179, 233), (43, 70), (135, 153), (5, 86), (236, 242), (184, 238), (152, 233), (61, 223), (83, 164), (22, 184), (28, 109), (157, 238), (72, 78), (58, 61), (4, 5), (164, 173), (173, 179), (22, 25), (153, 155), (233, 242), (173, 200), (31, 58), (128, 134), (64, 70), (177, 179), (45, 72), (72, 153), (128, 155), (4, 22), (211, 238), (21, 102), (83, 89), (83, 86), (28, 31), (155, 236)}
Obj: 30339

