Log for instance aco_tuning_out/inst15.txt.

Used ({'tau0': 1.34326092400037e-06, 'xi': 0.13441645763893803, 'q0': 0.4083523399061119, 'alpha': 0.5070175800996563, 'beta': 0.9994669821848109, 'rho': 0.2873914507152631, 'ants': 17}) and found best instance after 33.921875 seconds.
E1: {(198, 225), (99, 100), (37, 64), (171, 177), (171, 180), (18, 99), (171, 198), (75, 78), (36, 37), (198, 200), (180, 182), (103, 157), (36, 198), (100, 103), (91, 100), (21, 75), (18, 21), (82, 100), (99, 180), (225, 228), (82, 109), (189, 195), (37, 43), (189, 198)}
E2: {(43, 205), (226, 232), (198, 225), (162, 171), (51, 53), (171, 177), (5, 59), (82, 163), (53, 215), (171, 198), (198, 200), (162, 216), (171, 173), (163, 166), (173, 182), (225, 226), (64, 226), (26, 53), (135, 216), (8, 26), (205, 214), (45, 51), (53, 134), (162, 163), (211, 214), (0, 162), (182, 236), (205, 232), (5, 8), (5, 14), (225, 228), (82, 109), (51, 78), (5, 32), (8, 89), (214, 215), (189, 195), (189, 198), (25, 26)}
Obj: 25584

