Log for instance aco_tuning_out/inst27.txt.

Used ({'tau0': 7.905277958202082e-06, 'xi': 0.07780203477312476, 'q0': 0.5400401332579152, 'alpha': 1.238650111364569, 'beta': 1.1701509091931812, 'rho': 0.3657463607855648, 'ants': 16}) and found best instance after 8.78125 seconds.
E1: {(55, 63), (132, 164), (146, 154), (220, 222), (43, 107), (60, 62), (86, 87), (49, 53), (186, 250), (36, 37), (27, 31), (37, 39), (54, 55), (83, 211), (110, 111), (62, 126), (249, 251), (23, 55), (62, 190), (110, 126), (82, 83), (220, 221), (82, 86), (164, 228), (29, 31), (86, 214), (144, 146), (49, 113), (14, 30), (10, 14), (2, 10), (132, 196), (187, 251), (53, 55), (36, 164), (214, 222), (209, 211), (110, 238), (37, 53), (2, 34), (107, 111), (23, 87), (14, 142), (112, 113), (154, 186), (112, 116), (2, 3), (186, 190), (196, 204), (214, 215), (62, 63), (30, 31), (31, 63), (250, 251)}
E2: {(99, 103), (58, 59), (200, 216), (91, 123), (101, 103), (50, 58), (125, 253), (0, 2), (244, 246), (252, 253), (186, 250), (91, 95), (253, 255), (244, 252), (6, 14), (194, 202), (58, 186), (128, 144), (99, 227), (147, 151), (221, 253), (14, 15), (31, 95), (48, 50), (57, 59), (31, 159), (14, 30), (194, 226), (10, 14), (2, 10), (13, 15), (200, 202), (226, 227), (13, 141), (240, 244), (226, 230), (230, 246), (59, 123), (107, 111), (99, 107), (107, 123), (0, 128), (103, 119), (166, 230), (30, 31), (227, 243), (151, 159)}
Obj: 30048

