Log for instance aco_tuning_out/inst06.txt.

Used ({'tau0': 2.3890526897386258e-06, 'xi': 0.09728269253474063, 'q0': 0.5264084644635578, 'alpha': 0.34480659763074994, 'beta': 1.2781748892293714, 'rho': 0.12380145068388254, 'ants': 25}) and found best instance after 233.046875 seconds.
E1: {(128, 130), (47, 175), (232, 236), (7, 23), (81, 85), (3, 7), (180, 244), (206, 238), (210, 214), (82, 114), (1, 3), (121, 249), (212, 214), (172, 236), (212, 220), (206, 207), (128, 129), (174, 175), (23, 55), (166, 174), (7, 135), (174, 190), (82, 83), (25, 89), (206, 222), (220, 221), (212, 244), (105, 121), (39, 47), (172, 174), (236, 238), (6, 7), (214, 222), (53, 55), (240, 244), (24, 25), (128, 192), (89, 121), (81, 83), (82, 210), (81, 89), (46, 174), (78, 206), (7, 39), (236, 237), (1, 129), (45, 47)}
E2: {(193, 195), (193, 201), (81, 85), (32, 40), (188, 190), (98, 226), (180, 244), (193, 225), (1, 3), (156, 188), (34, 98), (117, 245), (196, 212), (166, 174), (174, 175), (143, 175), (174, 190), (193, 197), (32, 36), (212, 244), (188, 189), (180, 188), (101, 117), (170, 171), (170, 174), (17, 81), (143, 159), (1, 5), (117, 119), (66, 74), (132, 196), (230, 231), (68, 196), (1, 17), (74, 90), (32, 96), (226, 230), (163, 171), (2, 34), (85, 117), (66, 98), (81, 89), (171, 187), (129, 193), (2, 3), (1, 129), (2, 18), (166, 230), (96, 98)}
Obj: 28031

