Log for instance aco_tuning_out/inst15.txt.

Used ({'tau_0': 4.879942623985006e-06, 'xi': 0.08399557345205959, 'q0': 0.8878104132072444, 'alpha': 1.876793500103366, 'beta': 1.500849913875006, 'rho': 0.45614013825443306, 'ants': 13}) and found best instance after 3.21875 seconds.
E1: {(81, 82), (226, 232), (33, 42), (39, 201), (18, 20), (99, 100), (108, 109), (66, 228), (190, 199), (208, 214), (38, 44), (171, 198), (75, 78), (100, 101), (190, 208), (205, 206), (39, 66), (200, 206), (83, 164), (171, 173), (82, 83), (157, 238), (42, 44), (214, 241), (180, 182), (164, 173), (36, 198), (191, 197), (81, 108), (20, 101), (64, 226), (164, 191), (238, 241), (205, 214), (197, 206), (174, 177), (21, 75), (18, 21), (91, 118), (205, 232), (174, 201), (82, 100), (99, 180), (118, 199), (33, 195), (36, 38), (43, 205), (198, 201)}
E2: {(226, 232), (99, 100), (175, 202), (171, 198), (20, 47), (100, 101), (72, 75), (214, 241), (64, 226), (38, 119), (27, 36), (119, 128), (205, 232), (59, 68), (174, 201), (211, 238), (5, 32), (198, 201), (81, 82), (33, 42), (118, 119), (190, 199), (208, 214), (75, 78), (66, 75), (45, 46), (81, 84), (82, 83), (180, 182), (164, 173), (46, 47), (36, 198), (209, 236), (20, 101), (66, 68), (19, 20), (175, 176), (0, 162), (118, 199), (33, 195), (36, 38), (214, 215), (43, 205), (6, 15), (39, 201), (162, 171), (226, 229), (66, 228), (190, 208), (27, 28), (135, 153), (39, 66), (83, 164), (28, 109), (209, 215), (86, 89), (238, 241), (174, 177), (128, 134), (14, 176), (83, 86), (166, 175), (84, 87), (15, 42), (5, 86), (171, 173), (6, 87), (173, 200), (205, 214), (72, 153), (82, 100), (99, 180), (202, 229), (19, 25)}
Obj: 39078

