Log for instance aco_tuning_out/inst27.txt.

Used ({'tau0': 5.27015365896669e-06, 'xi': 0.12993599333145528, 'q0': 0.31614692226037566, 'alpha': 1.9457803192705339, 'beta': 1.0826765605366773, 'rho': 0.462237565316319, 'ants': 26}) and found best instance after 12.71875 seconds.
E1: {(204, 220), (196, 228), (243, 251), (27, 59), (215, 247), (29, 93), (0, 2), (113, 117), (23, 31), (121, 249), (186, 250), (14, 46), (249, 251), (128, 132), (59, 63), (243, 247), (220, 221), (116, 118), (60, 61), (61, 63), (128, 144), (93, 125), (46, 47), (14, 30), (39, 47), (187, 251), (29, 61), (132, 196), (54, 118), (217, 249), (117, 125), (110, 238), (47, 63), (209, 217), (116, 117), (2, 34), (43, 47), (44, 46), (46, 110), (14, 142), (121, 125), (0, 128), (154, 186), (2, 3), (186, 190), (196, 204), (36, 44), (93, 221), (31, 63), (250, 251), (47, 111)}
E2: {(250, 254), (26, 30), (243, 251), (26, 27), (229, 231), (164, 165), (133, 141), (181, 245), (216, 218), (0, 2), (176, 240), (103, 231), (242, 243), (57, 121), (48, 176), (121, 249), (251, 255), (220, 252), (133, 165), (19, 27), (160, 164), (249, 251), (240, 242), (160, 176), (220, 221), (128, 144), (202, 218), (165, 181), (229, 245), (121, 123), (103, 111), (11, 27), (2, 10), (10, 26), (144, 176), (218, 250), (164, 166), (226, 242), (101, 229), (121, 125), (0, 128), (26, 58), (103, 119), (2, 6), (252, 254), (11, 15), (19, 147), (250, 251)}
Obj: 29155

