Log for instance aco_tuning_out/inst12.txt.

Used ({'tau_0': 5.449825531692064e-06, 'xi': 0.10463551100918586, 'q0': 0.3791032022582517, 'alpha': 1.5968901194470106, 'beta': 0.6682022659911173, 'rho': 0.3643260630360847, 'ants': 18}) and found best instance after 8.078125 seconds.
E1: {(189, 207), (166, 184), (180, 183), (110, 191), (118, 119), (32, 113), (43, 52), (184, 211), (162, 189), (180, 207), (109, 110), (189, 191), (183, 184), (136, 145), (82, 83), (102, 183), (180, 182), (118, 121), (45, 207), (118, 145), (110, 113), (110, 119), (120, 121), (128, 134), (91, 118), (119, 128), (211, 214), (0, 162), (83, 89), (189, 195), (82, 136), (52, 214)}
E2: {(81, 82), (3, 4), (110, 191), (162, 168), (50, 131), (83, 137), (109, 110), (131, 134), (125, 152), (54, 55), (130, 157), (82, 83), (72, 78), (168, 177), (165, 166), (99, 102), (30, 57), (81, 99), (22, 25), (191, 200), (3, 30), (57, 59), (108, 135), (27, 30), (155, 236), (168, 222), (128, 131), (110, 119), (130, 211), (27, 45), (119, 125), (27, 54), (108, 110), (54, 72), (43, 44), (55, 64), (137, 155), (110, 128), (222, 223), (81, 162), (110, 137), (165, 168), (32, 50), (130, 131), (4, 22), (44, 125), (83, 89), (27, 108)}
Obj: 32681

