Log for instance aco_tuning_out/inst24.txt.

Used ({'tau0': 9.767241690470751e-06, 'xi': 0.11665997591227979, 'q0': 0.8943962543294219, 'alpha': 1.1523918797969719, 'beta': 1.0104719425759585, 'rho': 0.28187790444783706, 'ants': 10}) and found best instance after 14.03125 seconds.
E1: {(32, 34), (171, 235), (15, 143), (243, 251), (188, 190), (155, 187), (156, 158), (147, 155), (12, 13), (90, 94), (146, 154), (43, 171), (99, 115), (0, 2), (112, 240), (252, 253), (156, 188), (92, 94), (2, 130), (40, 56), (158, 222), (56, 58), (249, 251), (45, 61), (146, 147), (10, 42), (206, 222), (13, 29), (147, 151), (142, 143), (12, 76), (221, 253), (49, 113), (142, 158), (49, 177), (78, 94), (143, 159), (112, 114), (114, 242), (106, 107), (2, 10), (29, 61), (76, 78), (144, 176), (249, 253), (13, 141), (56, 57), (32, 160), (139, 143), (2, 34), (188, 252), (76, 108), (99, 103), (71, 103), (99, 107), (42, 58), (171, 187), (113, 115), (78, 206), (176, 177), (112, 113), (115, 243), (242, 250), (130, 146), (151, 159)}
E2: {(177, 181), (55, 63), (90, 94), (99, 103), (243, 251), (155, 187), (156, 158), (147, 155), (99, 115), (70, 198), (5, 7), (237, 253), (0, 2), (151, 183), (114, 115), (146, 178), (252, 253), (121, 249), (156, 188), (253, 255), (198, 206), (30, 94), (53, 181), (30, 158), (7, 71), (249, 251), (85, 213), (143, 175), (64, 68), (146, 147), (206, 222), (180, 182), (142, 143), (147, 151), (221, 253), (165, 181), (49, 113), (142, 158), (49, 177), (179, 183), (106, 107), (198, 199), (2, 10), (213, 215), (230, 231), (199, 231), (144, 176), (249, 253), (120, 121), (55, 183), (226, 230), (89, 121), (166, 182), (180, 181), (2, 34), (228, 230), (188, 252), (99, 107), (71, 103), (60, 188), (142, 206), (113, 115), (176, 177), (0, 64), (179, 243), (195, 199), (68, 70), (115, 243), (199, 215)}
Obj: 34831

