Log for instance aco_tuning_out/inst27.txt.

Used ({'tau_0': 7.814861621349648e-06, 'xi': 0.138307434456488, 'q0': 0.43841983460807055, 'alpha': 1.339632899369741, 'beta': 1.2581696145841696, 'rho': 0.4518495513690369, 'ants': 15}) and found best instance after 7.328125 seconds.
E1: {(55, 63), (250, 254), (154, 158), (52, 116), (144, 208), (252, 253), (187, 191), (140, 204), (54, 55), (19, 27), (30, 158), (23, 55), (36, 52), (209, 213), (238, 254), (13, 29), (19, 51), (52, 54), (221, 253), (52, 60), (134, 142), (14, 15), (49, 113), (14, 30), (10, 11), (39, 47), (19, 23), (10, 14), (236, 238), (2, 10), (140, 142), (213, 221), (213, 215), (63, 191), (249, 253), (2, 34), (3, 11), (43, 47), (158, 190), (204, 236), (228, 236), (208, 209), (14, 142), (49, 51), (132, 134), (252, 254), (39, 55), (13, 15), (11, 27), (47, 111)}
E2: {(119, 127), (105, 107), (211, 219), (50, 58), (125, 253), (216, 218), (202, 234), (97, 105), (34, 50), (57, 121), (211, 243), (142, 174), (56, 58), (30, 158), (166, 174), (240, 248), (6, 14), (216, 248), (25, 153), (125, 127), (226, 234), (202, 218), (105, 121), (221, 253), (14, 15), (153, 155), (127, 255), (14, 30), (142, 158), (48, 56), (97, 101), (155, 219), (2, 10), (234, 250), (56, 57), (13, 141), (145, 153), (2, 34), (147, 211), (107, 111), (144, 145), (107, 123), (25, 57), (121, 125), (218, 219), (2, 6), (13, 15)}
Obj: 28788

