Log for instance aco_tuning_out/inst30.txt.

Used ({'tau_0': 9.493726088905091e-06, 'xi': 0.11484843759454823, 'q0': 0.6111218433796399, 'alpha': 1.5748339874818995, 'beta': 1.6004495863491173, 'rho': 0.40117280761880736, 'ants': 26}) and found best instance after 13.015625 seconds.
E1: {(162, 171), (19, 46), (118, 119), (29, 191), (29, 32), (208, 211), (222, 231), (84, 102), (171, 198), (27, 28), (190, 208), (122, 131), (131, 134), (152, 233), (189, 191), (198, 200), (14, 95), (117, 120), (231, 233), (81, 84), (204, 231), (195, 222), (69, 70), (209, 236), (191, 209), (28, 29), (95, 122), (177, 231), (109, 118), (119, 122), (69, 231), (46, 208), (64, 70), (117, 198), (91, 118), (81, 162), (28, 190), (19, 25), (117, 118), (198, 204), (189, 198), (0, 27)}
E2: {(166, 175), (162, 171), (171, 177), (162, 168), (118, 119), (170, 224), (171, 198), (162, 189), (101, 182), (131, 134), (122, 131), (152, 233), (189, 191), (199, 226), (227, 236), (162, 216), (171, 173), (131, 158), (173, 176), (219, 228), (81, 99), (191, 200), (20, 101), (64, 226), (135, 216), (198, 199), (19, 20), (175, 176), (157, 158), (109, 118), (119, 122), (226, 227), (27, 45), (168, 170), (224, 233), (99, 101), (91, 118), (81, 162), (216, 219), (108, 189), (19, 25), (118, 199), (189, 195), (0, 27), (27, 108)}
Obj: 34712

