Log for instance aco_tuning_out/inst12.txt.

Used ({'tau0': 5.888779735025123e-06, 'xi': 0.14210673593322504, 'q0': 0.5532221197439141, 'alpha': 1.4492226579119356, 'beta': 1.732090480737235, 'rho': 0.42744550361996797, 'ants': 10}) and found best instance after 5.328125 seconds.
E1: {(111, 120), (92, 119), (128, 209), (29, 32), (127, 128), (112, 115), (83, 137), (217, 220), (43, 70), (29, 56), (91, 92), (122, 131), (166, 220), (112, 130), (102, 104), (55, 56), (67, 70), (56, 137), (58, 67), (86, 89), (127, 130), (31, 34), (55, 217), (182, 209), (31, 58), (111, 112), (34, 115), (27, 36), (36, 45), (130, 211), (104, 131), (119, 122), (109, 127), (128, 134), (33, 34), (137, 155), (128, 155), (130, 131), (83, 86), (27, 29), (33, 195), (0, 27)}
E2: {(68, 149), (39, 201), (128, 209), (162, 168), (118, 119), (42, 51), (190, 199), (127, 128), (184, 211), (84, 102), (162, 189), (234, 236), (100, 101), (149, 152), (199, 226), (39, 66), (81, 84), (162, 164), (130, 157), (209, 215), (164, 170), (36, 198), (166, 169), (127, 130), (20, 101), (66, 68), (54, 216), (64, 226), (100, 103), (189, 190), (19, 20), (103, 184), (36, 42), (50, 212), (89, 170), (27, 36), (174, 177), (81, 135), (27, 45), (128, 134), (109, 127), (42, 43), (119, 128), (27, 54), (59, 68), (81, 162), (174, 201), (169, 223), (32, 50), (199, 200), (19, 25), (51, 78), (118, 199), (101, 128), (216, 234), (212, 215), (198, 201), (189, 198), (168, 169)}
Obj: 38528

