Log for instance aco_tuning_out/inst06.txt.

Used ({'tau0': 7.814861621349648e-06, 'xi': 0.138307434456488, 'q0': 0.43841983460807055, 'alpha': 1.339632899369741, 'beta': 1.2581696145841696, 'rho': 0.4518495513690369, 'ants': 15}) and found best instance after 10.359375 seconds.
E1: {(232, 236), (47, 175), (24, 152), (220, 222), (134, 198), (206, 238), (86, 87), (237, 253), (87, 95), (82, 114), (1, 3), (172, 236), (212, 220), (91, 95), (198, 206), (53, 181), (206, 207), (132, 148), (192, 196), (145, 209), (82, 83), (105, 109), (206, 222), (220, 221), (148, 180), (82, 86), (46, 47), (221, 253), (89, 91), (152, 153), (39, 47), (236, 238), (129, 145), (132, 196), (85, 87), (134, 166), (45, 109), (240, 241), (209, 211), (110, 238), (249, 253), (241, 249), (175, 191), (180, 181), (82, 210), (145, 153), (134, 135), (46, 110), (190, 191), (23, 87), (78, 206), (130, 134), (209, 241), (1, 129), (196, 198), (45, 47), (83, 211), (6, 134)}
E2: {(90, 91), (193, 195), (193, 201), (132, 164), (101, 103), (70, 198), (181, 245), (40, 44), (129, 131), (193, 225), (1, 3), (83, 91), (187, 191), (91, 95), (189, 191), (132, 148), (148, 156), (166, 230), (96, 97), (174, 190), (193, 197), (18, 19), (148, 180), (89, 91), (36, 44), (181, 189), (31, 95), (97, 101), (31, 159), (170, 174), (1, 5), (198, 199), (132, 196), (68, 196), (1, 17), (36, 164), (199, 231), (226, 230), (175, 191), (180, 181), (2, 34), (164, 166), (131, 163), (190, 191), (17, 19), (66, 70), (129, 193), (103, 119), (195, 199), (1, 129), (196, 198), (97, 225), (19, 83), (2, 3), (148, 212)}
Obj: 32786

