Log for instance aco_tuning_out/inst18.txt.

Used ({'tau0': 8.839185575249679e-06, 'xi': 0.14550623661925266, 'q0': 0.34798186644897255, 'alpha': 1.259708246474134, 'beta': 0.9832315705511097, 'rho': 0.4534262478421148, 'ants': 24}) and found best instance after 42.65625 seconds.
E1: {(136, 137), (128, 136), (99, 103), (82, 90), (58, 62), (220, 222), (13, 45), (5, 13), (86, 87), (39, 103), (128, 160), (87, 95), (1, 3), (220, 252), (85, 213), (62, 126), (197, 213), (209, 213), (6, 70), (9, 41), (13, 29), (147, 151), (41, 57), (150, 214), (86, 214), (80, 82), (39, 47), (9, 13), (46, 62), (1, 5), (213, 215), (54, 118), (214, 222), (110, 238), (151, 215), (137, 201), (47, 63), (213, 245), (46, 110), (118, 126), (9, 137), (66, 70), (70, 86), (45, 47), (62, 63), (214, 215), (66, 82), (86, 118), (151, 159), (47, 111)}
E2: {(168, 172), (160, 168), (72, 76), (24, 152), (91, 123), (220, 222), (168, 184), (86, 87), (206, 238), (152, 154), (5, 13), (113, 117), (40, 44), (210, 211), (87, 95), (44, 60), (114, 115), (40, 41), (114, 118), (220, 252), (131, 195), (91, 95), (117, 245), (168, 232), (152, 184), (9, 41), (206, 222), (220, 221), (82, 86), (44, 108), (44, 172), (150, 214), (86, 214), (208, 210), (80, 82), (31, 95), (89, 91), (101, 117), (9, 13), (76, 78), (54, 118), (214, 222), (208, 240), (82, 210), (76, 108), (51, 115), (131, 163), (118, 126), (142, 206), (113, 115), (78, 206), (66, 82), (195, 211), (30, 31), (86, 118)}
Obj: 29472

