Log for instance aco_tuning_out/inst30.txt.

Used ({'tau0': 7.405500650510694e-06, 'xi': 0.0538011928337849, 'q0': 0.7808066118135257, 'alpha': 1.9053416179409846, 'beta': 1.1675645378953803, 'rho': 0.23263286946707473, 'ants': 25}) and found best instance after 15.71875 seconds.
E1: {(179, 206), (39, 201), (162, 171), (226, 229), (109, 190), (162, 168), (171, 177), (190, 199), (179, 233), (176, 185), (171, 198), (236, 239), (152, 233), (185, 239), (39, 66), (201, 202), (102, 104), (200, 206), (171, 173), (16, 25), (173, 176), (17, 179), (120, 201), (173, 179), (168, 195), (66, 68), (64, 226), (155, 158), (198, 199), (128, 134), (14, 176), (91, 118), (158, 239), (0, 162), (32, 41), (104, 158), (229, 238), (128, 155), (41, 68), (202, 229), (211, 238), (118, 199), (198, 201), (16, 17)}
E2: {(166, 175), (39, 201), (162, 171), (226, 229), (162, 168), (175, 202), (66, 228), (11, 173), (135, 138), (179, 233), (116, 134), (176, 179), (176, 185), (171, 198), (66, 75), (152, 233), (39, 66), (121, 148), (200, 206), (72, 75), (171, 173), (209, 215), (16, 25), (182, 185), (173, 179), (168, 195), (118, 121), (209, 236), (10, 11), (116, 197), (64, 226), (94, 148), (175, 176), (197, 206), (109, 118), (66, 147), (197, 215), (177, 179), (91, 118), (94, 175), (0, 162), (206, 233), (45, 72), (202, 229), (10, 16), (138, 147), (198, 201), (148, 157)}
Obj: 35143

