Log for instance aco_tuning_out/inst03.txt.

Used ({'tau_0': 2.2570844960363238e-06, 'xi': 0.1499824051273781, 'q0': 0.6397024715024884, 'alpha': 1.3177960201993473, 'beta': 1.7274258641979925, 'rho': 0.06839890232135862, 'ants': 10}) and found best instance after 82.453125 seconds.
E1: {(76, 92), (136, 137), (128, 136), (232, 236), (155, 187), (101, 103), (211, 219), (147, 155), (228, 244), (113, 117), (39, 103), (210, 211), (53, 117), (64, 65), (76, 204), (36, 52), (143, 175), (136, 200), (64, 68), (0, 32), (32, 36), (202, 203), (52, 54), (147, 151), (217, 219), (101, 117), (155, 219), (20, 52), (149, 151), (9, 25), (24, 25), (200, 202), (240, 244), (203, 207), (204, 236), (52, 53), (203, 219), (228, 236), (200, 232), (143, 207), (0, 64), (25, 57), (217, 221), (9, 137), (0, 128), (103, 119), (135, 151), (195, 211)}
E2: {(128, 136), (136, 137), (154, 155), (32, 34), (32, 40), (171, 235), (55, 63), (98, 226), (155, 187), (220, 222), (147, 155), (13, 45), (5, 13), (150, 151), (43, 171), (151, 183), (181, 245), (210, 214), (196, 197), (123, 127), (34, 98), (174, 175), (166, 174), (128, 132), (0, 32), (32, 33), (32, 36), (147, 151), (181, 183), (150, 214), (216, 220), (9, 13), (0, 16), (177, 181), (172, 174), (132, 196), (63, 127), (214, 222), (55, 183), (198, 214), (32, 160), (128, 192), (137, 201), (98, 99), (180, 181), (111, 127), (171, 175), (98, 114), (171, 187), (16, 48), (0, 128), (9, 137), (196, 198), (13, 15), (151, 159), (16, 17)}
Obj: 30442

