Log for instance aco_tuning_out/inst15.txt.

Used ({'tau0': 7.0057149642065636e-06, 'xi': 0.149252803480768, 'q0': 0.4567360890655719, 'alpha': 0.7950975145067807, 'beta': 0.7667552217352966, 'rho': 0.11974195928540937, 'ants': 28}) and found best instance after 154.03125 seconds.
E1: {(231, 240), (64, 145), (199, 205), (195, 204), (145, 148), (172, 199), (204, 231), (228, 231), (177, 204), (173, 182), (118, 145), (173, 200), (109, 118), (78, 240), (91, 118), (172, 173), (204, 205), (118, 199), (43, 205), (148, 157)}
E2: {(199, 205), (20, 47), (47, 128), (18, 21), (174, 201), (199, 200), (5, 23), (5, 32), (198, 201), (24, 78), (209, 236), (24, 25), (208, 209), (37, 199), (14, 23), (204, 205), (0, 18), (43, 205), (5, 59), (20, 23), (208, 211), (195, 204), (174, 175), (136, 145), (21, 24), (86, 89), (128, 134), (47, 209), (45, 47), (166, 175), (18, 20), (64, 145), (199, 208), (5, 86), (37, 118), (177, 204), (118, 145), (198, 199), (109, 118), (201, 228), (135, 136), (20, 182)}
Obj: 24361

