Log for instance aco_tuning_out/inst03.txt.

Used ({'tau0': 2.2570844960363238e-06, 'xi': 0.1499824051273781, 'q0': 0.6397024715024884, 'alpha': 1.3177960201993473, 'beta': 1.7274258641979925, 'rho': 0.06839890232135862, 'ants': 10}) and found best instance after 23.796875 seconds.
E1: {(183, 191), (132, 164), (219, 223), (211, 219), (20, 148), (151, 183), (228, 244), (113, 117), (210, 211), (65, 67), (187, 191), (221, 223), (53, 117), (54, 55), (132, 148), (164, 228), (147, 151), (20, 28), (67, 195), (101, 117), (207, 223), (117, 119), (132, 196), (149, 151), (68, 196), (148, 149), (9, 25), (24, 25), (36, 164), (200, 202), (240, 244), (24, 28), (55, 183), (55, 119), (175, 191), (147, 211), (200, 232), (25, 57), (135, 151), (196, 204), (28, 92), (39, 55), (195, 211), (200, 204)}
E2: {(177, 181), (128, 136), (136, 137), (32, 34), (132, 164), (32, 40), (98, 226), (107, 235), (43, 107), (150, 151), (181, 245), (216, 218), (164, 180), (210, 211), (196, 197), (34, 98), (132, 133), (128, 132), (32, 33), (32, 36), (154, 218), (147, 151), (32, 48), (15, 47), (17, 145), (132, 196), (36, 164), (32, 160), (128, 192), (145, 147), (180, 181), (147, 211), (164, 166), (98, 99), (107, 111), (47, 63), (137, 201), (99, 107), (164, 172), (98, 114), (5, 133), (107, 123), (218, 222), (145, 177), (0, 128), (210, 218), (9, 137), (196, 198), (45, 47), (151, 159), (47, 111)}
Obj: 28386

