Log for instance aco_tuning_out/inst24.txt.

Used ({'tau_0': 6.937615535889433e-06, 'xi': 0.07000322226687372, 'q0': 0.8259328344322499, 'alpha': 1.4144702071977722, 'beta': 1.897582215362626, 'rho': 0.08176475094706645, 'ants': 18}) and found best instance after 27.421875 seconds.
E1: {(76, 92), (42, 106), (171, 235), (99, 103), (243, 251), (146, 154), (155, 187), (15, 143), (147, 155), (43, 107), (44, 45), (90, 94), (43, 171), (0, 2), (40, 44), (128, 160), (252, 253), (2, 130), (187, 191), (40, 56), (92, 94), (244, 252), (56, 58), (249, 251), (146, 147), (44, 108), (12, 76), (221, 253), (144, 146), (143, 159), (106, 107), (187, 251), (249, 253), (56, 57), (240, 244), (139, 143), (2, 34), (76, 108), (141, 143), (99, 107), (71, 103), (139, 155), (42, 58), (190, 191), (171, 187), (0, 128), (130, 146), (250, 251)}
E2: {(90, 91), (243, 251), (98, 226), (155, 187), (147, 155), (237, 253), (146, 178), (252, 253), (187, 191), (34, 98), (221, 223), (91, 95), (253, 255), (53, 181), (85, 213), (249, 251), (146, 147), (98, 106), (181, 183), (221, 253), (89, 91), (165, 181), (144, 146), (69, 85), (179, 183), (95, 223), (187, 251), (2, 10), (213, 215), (230, 231), (63, 191), (120, 124), (249, 253), (226, 227), (226, 230), (175, 191), (180, 181), (2, 34), (228, 230), (195, 227), (60, 124), (222, 223), (124, 252), (5, 69), (98, 114), (179, 243), (166, 230), (227, 243), (215, 223)}
Obj: 27389

