Log for instance aco_tuning_out/inst18.txt.

Used ({'tau0': 1.7311092028219667e-06, 'xi': 0.08252852050291277, 'q0': 0.30102382451999166, 'alpha': 1.4307200972470873, 'beta': 1.366990204180299, 'rho': 0.3910589486840866, 'ants': 12}) and found best instance after 6.9375 seconds.
E1: {(193, 201), (58, 59), (82, 90), (35, 39), (150, 151), (128, 160), (2, 66), (1, 3), (220, 252), (1, 9), (157, 159), (62, 126), (14, 46), (197, 213), (6, 14), (193, 197), (59, 63), (220, 221), (35, 99), (64, 80), (147, 151), (211, 215), (193, 209), (29, 31), (46, 47), (31, 95), (0, 1), (69, 85), (31, 159), (46, 62), (34, 42), (1, 5), (65, 69), (213, 221), (47, 111), (9, 25), (209, 211), (110, 238), (42, 46), (2, 34), (213, 245), (46, 110), (42, 58), (0, 64), (25, 57), (1, 65), (0, 128), (34, 35), (2, 3), (45, 47), (157, 221), (66, 82), (31, 63), (151, 159), (54, 62)}
E2: {(241, 245), (72, 73), (210, 242), (163, 167), (154, 158), (146, 154), (84, 212), (38, 102), (228, 244), (152, 154), (40, 44), (8, 9), (44, 60), (146, 178), (252, 253), (1, 9), (148, 150), (115, 123), (8, 24), (149, 213), (117, 245), (68, 84), (224, 228), (30, 158), (102, 110), (62, 126), (240, 242), (152, 184), (177, 241), (212, 244), (44, 108), (44, 172), (245, 253), (70, 78), (101, 117), (49, 113), (142, 158), (49, 177), (179, 183), (212, 213), (46, 62), (1, 5), (244, 245), (80, 88), (213, 221), (148, 149), (240, 241), (88, 89), (160, 224), (110, 238), (177, 179), (108, 110), (50, 114), (188, 252), (50, 178), (60, 188), (46, 110), (113, 115), (150, 158), (80, 84), (9, 73), (38, 54), (66, 70), (49, 51), (70, 86), (167, 183), (68, 70), (224, 232), (8, 40)}
Obj: 37295

