Log for instance aco_tuning_out/inst03.txt.

Used ({'tau_0': 8.908613414444593e-06, 'xi': 0.1316659796537964, 'q0': 0.44184378094598165, 'alpha': 1.5856828467501214, 'beta': 0.9751219636880748, 'rho': 0.2735558699054583, 'ants': 18}) and found best instance after 14.890625 seconds.
E1: {(201, 203), (232, 236), (193, 195), (193, 201), (155, 187), (147, 155), (133, 135), (176, 240), (92, 94), (57, 185), (83, 91), (187, 191), (36, 37), (91, 95), (37, 39), (205, 221), (64, 65), (36, 52), (64, 68), (193, 197), (82, 83), (83, 115), (202, 203), (52, 54), (4, 20), (133, 149), (155, 219), (91, 219), (20, 52), (115, 119), (9, 25), (24, 25), (177, 185), (137, 201), (37, 53), (175, 191), (203, 207), (82, 210), (204, 236), (133, 197), (4, 68), (203, 219), (228, 236), (113, 115), (176, 177), (25, 57), (9, 137), (65, 193), (204, 205), (37, 101), (94, 95), (197, 205)}
E2: {(177, 181), (193, 201), (132, 164), (154, 158), (107, 235), (43, 107), (181, 245), (152, 154), (0, 2), (137, 169), (164, 180), (169, 173), (210, 214), (34, 50), (1, 9), (158, 222), (160, 164), (192, 193), (192, 196), (193, 197), (1, 33), (99, 227), (15, 47), (48, 50), (40, 168), (1, 5), (132, 196), (214, 222), (36, 164), (45, 173), (1, 17), (226, 227), (198, 214), (128, 192), (137, 201), (47, 63), (180, 181), (2, 34), (164, 166), (50, 114), (107, 111), (99, 107), (164, 172), (107, 123), (150, 158), (152, 216), (0, 128), (9, 137), (196, 198), (45, 47), (158, 159), (168, 169), (47, 111)}
Obj: 31888

