Log for instance aco_tuning_out/inst12.txt.

Used ({'tau0': 5.072339472437726e-06, 'xi': 0.06750660483788565, 'q0': 0.39673942663117334, 'alpha': 1.3764884196051321, 'beta': 0.7955077619397278, 'rho': 0.4521931615046479, 'ants': 17}) and found best instance after 7.046875 seconds.
E1: {(201, 203), (166, 175), (185, 188), (39, 201), (165, 167), (194, 203), (105, 186), (32, 113), (190, 199), (184, 211), (208, 214), (176, 185), (107, 134), (167, 185), (190, 208), (3, 165), (195, 213), (45, 46), (176, 203), (186, 213), (182, 185), (86, 89), (16, 43), (107, 188), (13, 175), (210, 213), (102, 105), (39, 120), (86, 113), (175, 176), (13, 16), (109, 118), (184, 185), (46, 208), (201, 210), (91, 118), (0, 3), (213, 214), (118, 199), (113, 194)}
E2: {(81, 82), (98, 107), (5, 59), (75, 237), (125, 134), (97, 151), (208, 214), (210, 211), (123, 124), (25, 187), (5, 86), (125, 152), (89, 107), (97, 178), (154, 157), (200, 209), (82, 83), (154, 160), (214, 241), (237, 240), (207, 208), (86, 89), (43, 124), (209, 236), (97, 98), (45, 207), (70, 151), (178, 187), (205, 214), (196, 205), (240, 241), (81, 135), (151, 160), (178, 205), (196, 223), (169, 196), (64, 70), (21, 75), (78, 240), (208, 209), (207, 210), (82, 109), (21, 102), (124, 151), (123, 125), (83, 86), (5, 32), (166, 169), (177, 178)}
Obj: 36454

