Log for instance aco_tuning_out/inst09.txt.

Used ({'tau_0': 3.023061298280671e-06, 'xi': 0.05271286661722294, 'q0': 0.5077385132207571, 'alpha': 0.4440555976676415, 'beta': 1.176945645340894, 'rho': 0.3517258170055353, 'ants': 22}) and found best instance after 24.78125 seconds.
E1: {(3, 4), (4, 58), (87, 141), (84, 87), (87, 89), (159, 160), (135, 141), (84, 102), (43, 70), (66, 69), (166, 220), (58, 220), (39, 66), (160, 161), (69, 70), (3, 12), (141, 159), (39, 120), (155, 161), (177, 231), (69, 231), (12, 66), (220, 223), (12, 14), (69, 78), (0, 3), (3, 84), (157, 160), (155, 236)}
E2: {(166, 184), (6, 24), (87, 89), (131, 134), (184, 238), (183, 184), (98, 152), (6, 8), (157, 238), (195, 222), (177, 186), (211, 212), (6, 87), (168, 222), (24, 25), (183, 186), (131, 212), (18, 24), (59, 62), (222, 223), (8, 62), (87, 96), (96, 123), (32, 59), (18, 45), (6, 168), (0, 6), (24, 186), (211, 238), (96, 98), (120, 123)}
Obj: 26982

