Log for instance aco_tuning_out/inst21.txt.

Used ({'tau_0': 2.693231228771534e-06, 'xi': 0.06741045013783678, 'q0': 0.34341334065428447, 'alpha': 1.6251653731737596, 'beta': 0.8948148014172467, 'rho': 0.1267448319977672, 'ants': 32}) and found best instance after 42.96875 seconds.
E1: {(4, 58), (39, 201), (66, 228), (137, 218), (217, 223), (218, 227), (39, 48), (39, 66), (4, 5), (58, 67), (135, 137), (200, 227), (164, 182), (55, 217), (45, 48), (4, 166), (55, 58), (174, 177), (137, 143), (164, 218), (55, 64), (174, 201), (217, 218), (5, 14), (143, 152), (66, 67), (5, 32)}
E2: {(58, 59), (55, 136), (34, 196), (20, 23), (20, 26), (78, 80), (190, 199), (190, 196), (217, 223), (1, 55), (217, 235), (34, 43), (117, 120), (190, 217), (157, 238), (136, 142), (142, 143), (89, 143), (0, 1), (48, 50), (55, 217), (235, 236), (19, 20), (45, 48), (109, 118), (55, 58), (26, 80), (91, 118), (55, 64), (32, 50), (135, 136), (199, 200), (143, 152), (211, 238), (195, 196), (118, 199), (235, 238), (117, 118), (23, 50), (1, 19), (20, 182), (25, 26)}
Obj: 28001

