Log for instance aco_tuning_out/inst30.txt.

Used ({'tau_0': 8.839185575249679e-06, 'xi': 0.14550623661925266, 'q0': 0.34798186644897255, 'alpha': 1.259708246474134, 'beta': 0.9832315705511097, 'rho': 0.4534262478421148, 'ants': 24}) and found best instance after 11.828125 seconds.
E1: {(162, 171), (162, 168), (175, 202), (171, 177), (41, 122), (146, 227), (131, 134), (122, 131), (227, 236), (158, 161), (120, 122), (102, 104), (160, 161), (171, 173), (131, 158), (79, 160), (173, 176), (168, 195), (118, 121), (13, 175), (200, 227), (121, 202), (175, 176), (109, 118), (25, 79), (14, 176), (91, 118), (64, 67), (146, 152), (173, 227), (0, 162), (202, 211), (32, 41), (104, 158), (121, 122), (13, 67)}
E2: {(175, 184), (166, 175), (109, 190), (98, 107), (162, 171), (175, 202), (162, 168), (56, 74), (171, 177), (135, 138), (190, 199), (171, 198), (236, 239), (134, 161), (198, 200), (185, 239), (138, 219), (55, 56), (201, 202), (98, 152), (107, 161), (103, 157), (182, 185), (219, 228), (36, 198), (95, 98), (168, 195), (106, 107), (91, 94), (198, 199), (103, 184), (36, 45), (184, 185), (55, 64), (94, 175), (0, 162), (74, 236), (25, 106), (201, 228), (94, 95), (198, 201)}
Obj: 32849

