Log for instance aco_tuning_out/inst21.txt.

Used ({'tau0': 7.199516623553175e-06, 'xi': 0.11757684122784635, 'q0': 0.8950304976400971, 'alpha': 1.7862372914817117, 'beta': 1.3396042945590478, 'rho': 0.08070539620138223, 'ants': 25}) and found best instance after 63.53125 seconds.
E1: {(166, 175), (226, 229), (147, 149), (171, 177), (66, 228), (171, 198), (175, 229), (198, 200), (39, 66), (171, 173), (223, 241), (214, 241), (173, 176), (36, 198), (135, 137), (173, 182), (64, 226), (50, 212), (36, 39), (238, 241), (175, 176), (36, 45), (66, 147), (146, 149), (137, 146), (14, 176), (146, 152), (32, 50), (229, 238), (214, 215), (212, 215)}
E2: {(81, 82), (20, 23), (23, 77), (179, 233), (171, 198), (152, 233), (0, 81), (38, 65), (198, 200), (64, 65), (223, 232), (83, 164), (171, 173), (82, 83), (72, 78), (211, 212), (20, 74), (164, 173), (36, 198), (173, 179), (164, 182), (50, 212), (36, 39), (19, 20), (196, 205), (39, 120), (36, 45), (72, 74), (76, 157), (81, 135), (82, 91), (205, 232), (74, 236), (32, 50), (50, 77), (59, 77), (82, 109), (19, 25), (76, 77), (195, 196), (36, 38), (65, 74), (43, 205), (83, 89), (232, 233)}
Obj: 30013

