Log for instance aco_tuning_out/inst30.txt.

Used ({'tau_0': 2.693231228771534e-06, 'xi': 0.06741045013783678, 'q0': 0.34341334065428447, 'alpha': 1.6251653731737596, 'beta': 0.8948148014172467, 'rho': 0.1267448319977672, 'ants': 32}) and found best instance after 38.453125 seconds.
E1: {(111, 120), (13, 94), (162, 171), (171, 177), (21, 22), (32, 113), (184, 211), (116, 134), (227, 233), (13, 14), (152, 233), (227, 236), (111, 113), (85, 94), (22, 184), (85, 112), (22, 25), (200, 227), (113, 116), (172, 226), (116, 197), (195, 197), (64, 226), (91, 94), (109, 112), (13, 22), (226, 227), (91, 172), (171, 172), (0, 162), (112, 113), (21, 102)}
E2: {(175, 184), (166, 175), (226, 229), (228, 229), (21, 22), (135, 138), (227, 233), (195, 204), (175, 229), (152, 233), (227, 236), (22, 184), (0, 18), (156, 157), (182, 185), (22, 25), (177, 204), (200, 227), (64, 226), (204, 206), (134, 215), (118, 145), (109, 118), (75, 156), (226, 227), (184, 185), (206, 215), (21, 75), (18, 21), (91, 118), (206, 233), (145, 226), (18, 45), (138, 156)}
Obj: 29300

