Log for instance aco_tuning_out/inst18.txt.

Used ({'tau_0': 5.072339472437726e-06, 'xi': 0.06750660483788565, 'q0': 0.39673942663117334, 'alpha': 1.3764884196051321, 'beta': 0.7955077619397278, 'rho': 0.4521931615046479, 'ants': 17}) and found best instance after 9.46875 seconds.
E1: {(136, 137), (55, 63), (168, 172), (160, 168), (99, 103), (3, 7), (4, 6), (4, 12), (29, 93), (87, 95), (39, 167), (252, 253), (140, 204), (172, 236), (78, 110), (93, 95), (110, 111), (102, 110), (76, 204), (7, 71), (110, 126), (58, 122), (4, 5), (211, 215), (12, 76), (245, 253), (78, 79), (142, 158), (22, 150), (29, 61), (76, 78), (85, 87), (54, 118), (45, 173), (209, 211), (110, 238), (55, 183), (137, 201), (102, 118), (147, 211), (79, 95), (6, 22), (204, 236), (84, 85), (70, 71), (46, 110), (71, 103), (142, 206), (78, 206), (87, 215), (7, 39), (80, 84), (66, 70), (9, 137), (90, 122), (122, 126), (57, 61), (167, 183), (204, 205), (172, 173), (158, 159), (6, 70), (236, 252), (197, 205), (136, 140)}
E2: {(185, 249), (55, 63), (136, 137), (136, 152), (108, 109), (146, 154), (232, 248), (124, 126), (4, 12), (163, 179), (51, 59), (86, 87), (38, 102), (101, 109), (104, 108), (87, 95), (8, 12), (144, 208), (114, 115), (57, 121), (80, 208), (252, 253), (121, 249), (172, 236), (91, 95), (78, 110), (102, 110), (87, 119), (240, 248), (146, 150), (110, 126), (59, 63), (160, 176), (4, 5), (12, 76), (245, 253), (221, 253), (78, 79), (89, 91), (248, 252), (144, 152), (208, 210), (57, 59), (179, 183), (176, 184), (14, 30), (8, 136), (115, 119), (76, 78), (9, 25), (24, 25), (249, 253), (55, 183), (184, 185), (110, 238), (55, 119), (146, 210), (59, 123), (79, 95), (76, 108), (60, 124), (142, 206), (14, 78), (113, 115), (78, 206), (38, 54), (66, 70), (72, 104), (70, 86), (9, 137), (236, 252), (8, 40)}
Obj: 38170

