Log for instance aco_tuning_out/inst12.txt.

Used ({'tau0': 8.524438848395618e-06, 'xi': 0.08260719400248602, 'q0': 0.6770641636613806, 'alpha': 0.6089210219484695, 'beta': 0.5746980829231113, 'rho': 0.06462761009956378, 'ants': 17}) and found best instance after 283.953125 seconds.
E1: {(166, 175), (39, 201), (162, 171), (99, 100), (175, 202), (125, 134), (171, 198), (46, 127), (45, 46), (30, 33), (201, 202), (171, 173), (30, 39), (99, 102), (124, 125), (120, 201), (118, 124), (43, 124), (118, 127), (173, 182), (30, 32), (88, 89), (117, 198), (91, 118), (100, 127), (82, 88), (0, 162), (202, 211), (82, 100), (82, 109), (33, 195), (117, 118), (198, 201)}
E2: {(115, 142), (58, 59), (166, 184), (21, 22), (116, 125), (125, 134), (88, 115), (184, 211), (31, 32), (75, 78), (142, 223), (125, 152), (34, 43), (45, 46), (200, 206), (22, 184), (200, 209), (136, 142), (58, 67), (177, 204), (22, 25), (58, 76), (209, 236), (31, 34), (125, 206), (204, 206), (115, 116), (31, 49), (31, 58), (34, 115), (88, 89), (76, 157), (21, 75), (64, 67), (82, 88), (22, 76), (46, 49), (135, 136), (82, 109), (21, 102)}
Obj: 30867

