Log for instance aco_tuning_out/inst24.txt.

Used ({'tau_0': 5.998921288673613e-06, 'xi': 0.12799050366072715, 'q0': 0.730921478054052, 'alpha': 1.5055228070199218, 'beta': 0.3739261379740735, 'rho': 0.1599798192967875, 'ants': 28}) and found best instance after 26.875 seconds.
E1: {(76, 92), (105, 107), (99, 103), (15, 143), (243, 251), (108, 109), (107, 235), (146, 154), (43, 107), (0, 2), (176, 240), (252, 253), (186, 250), (2, 130), (40, 56), (56, 58), (249, 251), (105, 109), (160, 176), (58, 186), (90, 218), (12, 76), (221, 253), (14, 15), (144, 146), (143, 159), (106, 107), (45, 109), (235, 251), (144, 176), (249, 253), (56, 57), (218, 250), (139, 143), (2, 34), (12, 14), (76, 108), (141, 143), (99, 107), (71, 103), (154, 186), (186, 190), (130, 146), (250, 251)}
E2: {(243, 251), (237, 253), (108, 124), (146, 178), (147, 179), (121, 249), (187, 191), (253, 255), (53, 181), (120, 122), (249, 251), (146, 147), (206, 222), (21, 85), (181, 183), (221, 253), (165, 181), (144, 146), (5, 21), (179, 183), (10, 14), (187, 251), (2, 10), (106, 122), (230, 231), (76, 78), (63, 191), (120, 124), (226, 227), (249, 253), (120, 121), (226, 230), (89, 121), (175, 191), (180, 181), (2, 34), (228, 230), (195, 227), (60, 124), (76, 108), (14, 78), (78, 206), (90, 122), (179, 243), (114, 122), (166, 230), (21, 53), (227, 243)}
Obj: 26963

