Log for instance aco_tuning_out/inst27.txt.

Used ({'tau0': 8.990632486830376e-06, 'xi': 0.09595706500151588, 'q0': 0.4417965567940394, 'alpha': 1.6457162341639056, 'beta': 1.8792939670585154, 'rho': 0.14228615039412212, 'ants': 30}) and found best instance after 202.828125 seconds.
E1: {(58, 59), (146, 154), (27, 59), (52, 116), (0, 2), (23, 31), (121, 249), (122, 250), (36, 52), (128, 132), (62, 190), (174, 190), (59, 63), (58, 122), (128, 144), (52, 54), (29, 31), (52, 60), (144, 146), (14, 30), (39, 47), (10, 14), (236, 238), (2, 10), (217, 249), (174, 238), (47, 63), (209, 217), (2, 34), (54, 62), (59, 187), (204, 236), (228, 236), (23, 87), (43, 59), (14, 142), (87, 215), (112, 113), (0, 128), (112, 116), (217, 221), (2, 3), (113, 121), (62, 63), (30, 31), (31, 63), (47, 111)}
E2: {(119, 127), (128, 136), (58, 59), (162, 226), (216, 218), (0, 2), (242, 243), (123, 127), (122, 250), (34, 162), (253, 255), (56, 58), (240, 242), (6, 14), (146, 147), (125, 127), (128, 144), (202, 218), (221, 253), (14, 15), (101, 117), (127, 255), (144, 146), (14, 30), (48, 56), (10, 14), (2, 10), (117, 125), (56, 57), (162, 166), (111, 127), (218, 250), (59, 123), (2, 34), (226, 242), (0, 128), (122, 123), (242, 250), (140, 141), (136, 140)}
Obj: 24994

