Log for instance aco_tuning_out/inst15.txt.

Used ({'tau_0': 1.8744203829802787e-06, 'xi': 0.06974601013646063, 'q0': 0.6646227429685135, 'alpha': 0.837812461347453, 'beta': 0.9110718814664547, 'rho': 0.3627109167529502, 'ants': 14}) and found best instance after 8.515625 seconds.
E1: {(18, 72), (67, 68), (18, 20), (55, 136), (171, 177), (66, 228), (171, 180), (190, 199), (199, 205), (181, 208), (190, 208), (136, 145), (72, 78), (58, 67), (58, 76), (66, 68), (118, 145), (18, 180), (196, 205), (55, 58), (76, 157), (55, 64), (180, 181), (109, 136), (199, 200), (91, 145), (195, 196), (118, 199), (43, 205), (20, 182)}
E2: {(43, 205), (226, 232), (33, 42), (67, 68), (3, 4), (28, 55), (14, 68), (55, 136), (84, 87), (52, 214), (175, 202), (66, 228), (87, 89), (31, 32), (42, 69), (52, 79), (205, 206), (30, 33), (200, 206), (28, 109), (67, 70), (209, 215), (69, 70), (164, 173), (209, 236), (66, 68), (172, 226), (164, 182), (134, 215), (205, 214), (4, 166), (25, 79), (64, 70), (206, 215), (55, 64), (202, 205), (205, 232), (59, 68), (202, 211), (135, 136), (69, 78), (0, 3), (3, 84), (4, 31), (172, 173), (47, 209), (33, 195), (45, 47), (175, 178), (30, 31), (177, 178), (70, 232)}
Obj: 31136

