Log for instance aco_tuning_out/inst24.txt.

Used ({'tau0': 8.753936472387218e-06, 'xi': 0.09720016068128765, 'q0': 0.8231293796694477, 'alpha': 0.5431396504147108, 'beta': 1.6359800101718294, 'rho': 0.1536282766541045, 'ants': 15}) and found best instance after 48.265625 seconds.
E1: {(76, 92), (15, 143), (154, 158), (99, 103), (107, 235), (156, 158), (12, 13), (13, 45), (43, 107), (0, 2), (128, 160), (8, 12), (242, 243), (0, 8), (252, 253), (156, 188), (40, 56), (2, 130), (122, 250), (56, 58), (240, 242), (58, 122), (128, 144), (12, 76), (221, 253), (143, 159), (106, 107), (106, 122), (56, 57), (13, 141), (139, 143), (2, 34), (188, 252), (158, 190), (141, 143), (76, 108), (99, 107), (71, 103), (0, 128), (90, 122), (242, 250), (158, 159), (8, 40)}
E2: {(183, 191), (90, 91), (81, 85), (156, 158), (237, 253), (3, 19), (146, 178), (1, 3), (178, 182), (156, 188), (252, 253), (187, 191), (83, 91), (253, 255), (53, 181), (158, 222), (120, 122), (166, 230), (146, 147), (180, 182), (180, 188), (181, 183), (221, 253), (165, 181), (144, 146), (89, 91), (1, 5), (2, 10), (106, 122), (230, 231), (199, 231), (63, 191), (226, 230), (81, 83), (166, 182), (180, 181), (228, 230), (2, 34), (188, 252), (175, 191), (60, 188), (90, 122), (195, 199), (2, 3), (114, 122), (19, 83), (19, 147)}
Obj: 26171

