Log for instance aco_tuning_out/inst24.txt.

Used ({'tau0': 7.151935564269642e-06, 'xi': 0.10184361707760894, 'q0': 0.5077701235510973, 'alpha': 0.5847895154504361, 'beta': 0.6413829753178264, 'rho': 0.2990121644546394, 'ants': 8}) and found best instance after 21.25 seconds.
E1: {(76, 92), (99, 103), (15, 143), (154, 158), (107, 235), (220, 222), (43, 107), (99, 115), (0, 2), (176, 240), (40, 41), (2, 130), (34, 98), (220, 252), (158, 222), (10, 42), (41, 45), (160, 176), (220, 221), (128, 144), (98, 106), (12, 76), (90, 218), (41, 57), (14, 15), (143, 159), (106, 107), (10, 14), (2, 10), (144, 176), (139, 143), (2, 34), (218, 250), (158, 190), (76, 108), (141, 143), (99, 107), (71, 103), (42, 58), (40, 42), (218, 222), (0, 128), (115, 243), (92, 220), (158, 159)}
E2: {(183, 191), (98, 226), (220, 222), (237, 253), (0, 2), (178, 179), (187, 191), (147, 179), (34, 98), (253, 255), (53, 181), (120, 122), (220, 221), (90, 218), (21, 85), (181, 183), (98, 106), (221, 253), (128, 144), (191, 255), (165, 181), (5, 21), (179, 183), (2, 10), (106, 122), (230, 231), (63, 191), (120, 124), (199, 231), (85, 93), (226, 230), (175, 191), (180, 181), (2, 34), (228, 230), (60, 124), (98, 114), (218, 222), (90, 122), (0, 128), (89, 93), (195, 199), (166, 230), (21, 53)}
Obj: 25307

