Log for instance aco_tuning_out/inst09.txt.

Used ({'tau0': 9.24915798617957e-06, 'xi': 0.05399113180694906, 'q0': 0.5348646852525689, 'alpha': 0.8177192610685395, 'beta': 1.9504865720120417, 'rho': 0.35361961105123524, 'ants': 16}) and found best instance after 17.140625 seconds.
E1: {(166, 175), (84, 87), (87, 89), (97, 151), (84, 102), (236, 242), (142, 223), (161, 242), (97, 178), (157, 160), (160, 161), (96, 97), (72, 75), (72, 78), (15, 96), (43, 124), (3, 21), (54, 216), (135, 216), (151, 160), (21, 75), (54, 72), (3, 5), (142, 151), (96, 123), (87, 96), (0, 3), (5, 14), (15, 177), (3, 84), (124, 151), (175, 178), (120, 123)}
E2: {(123, 204), (59, 140), (124, 205), (142, 223), (140, 143), (195, 204), (88, 142), (85, 88), (160, 161), (204, 231), (133, 134), (7, 25), (27, 30), (205, 214), (36, 42), (30, 32), (27, 36), (177, 231), (88, 89), (36, 45), (151, 160), (211, 214), (85, 166), (7, 88), (142, 151), (152, 161), (143, 161), (124, 151), (133, 160), (204, 205), (42, 204), (157, 160), (0, 27), (120, 123)}
Obj: 27932

