Log for instance aco_tuning_out/inst06.txt.

Used ({'tau0': 3.870488509745335e-06, 'xi': 0.14375219093339509, 'q0': 0.31937330810318404, 'alpha': 1.2524356087799853, 'beta': 0.8404615317597104, 'rho': 0.2941319030093275, 'ants': 31}) and found best instance after 298.609375 seconds.
E1: {(128, 130), (7, 23), (81, 85), (3, 7), (220, 222), (206, 238), (237, 253), (164, 180), (233, 237), (212, 220), (37, 39), (37, 45), (206, 207), (166, 174), (174, 175), (128, 129), (240, 242), (174, 190), (206, 222), (220, 221), (192, 208), (221, 253), (208, 210), (114, 242), (83, 87), (172, 174), (134, 166), (6, 7), (208, 240), (249, 253), (24, 28), (37, 53), (128, 192), (105, 233), (81, 83), (81, 89), (164, 166), (134, 135), (23, 87), (46, 174), (208, 212), (7, 39), (78, 206), (130, 134), (28, 92), (92, 220), (232, 233), (6, 134)}
E2: {(193, 195), (193, 201), (32, 40), (132, 164), (82, 90), (164, 180), (193, 225), (2, 66), (1, 3), (157, 159), (212, 220), (117, 245), (196, 212), (166, 174), (174, 175), (96, 97), (174, 190), (193, 197), (32, 36), (156, 157), (157, 189), (101, 117), (97, 101), (17, 81), (170, 174), (1, 5), (117, 119), (132, 196), (68, 196), (1, 17), (36, 164), (226, 227), (32, 96), (81, 89), (2, 34), (164, 166), (163, 171), (195, 227), (171, 175), (156, 220), (171, 187), (129, 193), (1, 129), (2, 3), (97, 225), (227, 231), (2, 18), (66, 82)}
Obj: 28541

