Log for instance aco_tuning_out/inst15.txt.

Used ({'tau_0': 9.563421643378381e-06, 'xi': 0.09724359984230846, 'q0': 0.3832373282206037, 'alpha': 0.33412689971093434, 'beta': 0.5388896399688413, 'rho': 0.11521783790776492, 'ants': 25}) and found best instance after 241.59375 seconds.
E1: {(70, 79), (171, 198), (43, 70), (76, 79), (195, 204), (198, 200), (171, 173), (204, 231), (69, 70), (228, 231), (177, 204), (173, 182), (198, 199), (109, 118), (69, 231), (76, 157), (64, 70), (91, 118), (69, 78), (118, 199), (198, 204)}
E2: {(56, 74), (11, 14), (2, 11), (204, 231), (53, 80), (182, 209), (166, 167), (5, 167), (5, 32), (28, 55), (55, 56), (228, 231), (2, 56), (78, 79), (209, 236), (89, 170), (45, 48), (79, 80), (25, 79), (53, 134), (56, 59), (54, 135), (0, 54), (167, 170), (195, 204), (198, 200), (54, 55), (44, 206), (28, 109), (211, 212), (44, 53), (198, 204), (2, 5), (209, 212), (177, 204), (48, 50), (204, 206), (50, 212), (206, 215), (55, 64), (43, 44), (74, 80), (212, 215)}
Obj: 25374

