Log for instance aco_tuning_out/inst27.txt.

Used ({'tau0': 8.839185575249679e-06, 'xi': 0.14550623661925266, 'q0': 0.34798186644897255, 'alpha': 1.259708246474134, 'beta': 0.9832315705511097, 'rho': 0.4534262478421148, 'ants': 24}) and found best instance after 18.046875 seconds.
E1: {(55, 63), (196, 228), (154, 158), (4, 6), (52, 116), (43, 107), (52, 180), (123, 127), (4, 36), (27, 31), (30, 158), (23, 55), (110, 111), (36, 52), (6, 14), (249, 251), (52, 54), (29, 31), (52, 60), (14, 30), (142, 158), (132, 196), (187, 251), (123, 251), (63, 127), (144, 176), (217, 249), (110, 238), (111, 127), (209, 217), (2, 34), (107, 111), (158, 190), (23, 87), (4, 132), (112, 113), (217, 221), (87, 215), (112, 116), (176, 180), (2, 3), (196, 204), (2, 6), (39, 55), (30, 31), (31, 63), (250, 251)}
E2: {(119, 127), (58, 59), (162, 226), (243, 251), (101, 103), (4, 6), (248, 250), (123, 127), (4, 36), (253, 255), (36, 52), (6, 14), (240, 248), (216, 248), (146, 147), (10, 42), (125, 127), (221, 253), (14, 15), (144, 146), (127, 255), (14, 30), (57, 59), (103, 111), (10, 14), (130, 138), (123, 251), (130, 162), (13, 141), (162, 166), (111, 127), (59, 123), (42, 58), (138, 202), (48, 52), (130, 146), (10, 138), (13, 15), (250, 251)}
Obj: 25046

