Log for instance aco_tuning_out/inst27.txt.

Used ({'tau0': 4.879942623985006e-06, 'xi': 0.08399557345205959, 'q0': 0.8878104132072444, 'alpha': 1.876793500103366, 'beta': 1.500849913875006, 'rho': 0.45614013825443306, 'ants': 13}) and found best instance after 3.828125 seconds.
E1: {(105, 107), (114, 118), (96, 97), (105, 109), (160, 176), (147, 151), (20, 22), (31, 95), (112, 114), (31, 159), (179, 183), (32, 96), (32, 160), (2, 34), (213, 245), (112, 116), (151, 159), (209, 213), (55, 63), (243, 251), (108, 109), (147, 155), (12, 13), (3, 19), (132, 148), (249, 251), (142, 143), (29, 31), (213, 215), (249, 253), (76, 108), (98, 114), (14, 142), (30, 31), (96, 98), (47, 111), (146, 154), (155, 187), (86, 87), (43, 171), (228, 244), (87, 95), (97, 105), (174, 175), (76, 204), (146, 147), (32, 36), (12, 76), (221, 253), (143, 159), (114, 242), (10, 14), (244, 245), (2, 10), (144, 176), (55, 183), (110, 238), (46, 110), (23, 87), (115, 243), (19, 83), (242, 250), (62, 63), (20, 148), (108, 124), (143, 175), (174, 190), (83, 115), (22, 86), (39, 47), (46, 62), (19, 23), (27, 155), (54, 118), (151, 215), (13, 141), (107, 111), (60, 124), (141, 143), (113, 115), (171, 187), (179, 243)}
E2: {(128, 136), (55, 63), (119, 127), (105, 107), (58, 59), (15, 143), (243, 251), (108, 109), (98, 226), (12, 13), (216, 218), (0, 2), (97, 105), (252, 253), (253, 255), (244, 252), (56, 58), (62, 126), (249, 251), (6, 14), (16, 144), (96, 97), (10, 42), (105, 109), (26, 90), (125, 127), (90, 218), (12, 76), (202, 218), (147, 151), (96, 98), (221, 253), (48, 56), (31, 159), (143, 159), (97, 101), (10, 14), (114, 242), (179, 183), (2, 10), (166, 167), (10, 26), (135, 167), (56, 57), (13, 141), (55, 183), (249, 253), (240, 244), (111, 127), (59, 123), (76, 108), (107, 111), (141, 143), (42, 58), (126, 127), (98, 114), (16, 48), (0, 128), (179, 243), (135, 151), (140, 141), (242, 250), (62, 63), (30, 31), (151, 159), (136, 140)}
Obj: 38762

