Log for instance aco_tuning_out/inst09.txt.

Used ({'tau_0': 3.986574795084688e-06, 'xi': 0.12869898263116974, 'q0': 0.7324104580466773, 'alpha': 0.38736117587741714, 'beta': 0.6247624947394189, 'rho': 0.4525392981526261, 'ants': 9}) and found best instance after 5.234375 seconds.
E1: {(99, 100), (20, 23), (84, 87), (166, 193), (87, 89), (190, 193), (190, 199), (199, 205), (153, 159), (100, 101), (236, 242), (135, 153), (9, 90), (0, 81), (117, 123), (240, 242), (223, 232), (154, 157), (81, 84), (99, 102), (81, 90), (81, 99), (90, 117), (20, 101), (198, 199), (99, 153), (117, 198), (78, 240), (205, 232), (14, 23), (9, 15), (100, 154), (159, 240), (15, 177), (43, 205), (120, 123)}
E2: {(81, 82), (3, 4), (4, 58), (58, 59), (84, 87), (171, 177), (96, 177), (125, 134), (87, 89), (208, 211), (190, 199), (217, 223), (171, 198), (190, 208), (100, 101), (125, 152), (190, 217), (0, 81), (81, 84), (4, 5), (36, 198), (58, 76), (20, 101), (198, 199), (19, 20), (4, 166), (36, 45), (76, 157), (82, 100), (96, 123), (87, 96), (3, 84), (123, 125), (5, 32), (19, 25), (189, 195), (189, 198), (120, 123)}
Obj: 29957

