Log for instance aco_tuning_out/inst18.txt.

Used ({'tau0': 9.119507042405133e-06, 'xi': 0.08312134642286392, 'q0': 0.652583610347572, 'alpha': 1.9538629702340153, 'beta': 0.5827075905861862, 'rho': 0.2829709186785237, 'ants': 20}) and found best instance after 14.40625 seconds.
E1: {(128, 136), (136, 137), (55, 63), (193, 201), (18, 26), (35, 39), (70, 198), (126, 254), (0, 2), (128, 160), (87, 95), (196, 197), (1, 3), (252, 253), (148, 150), (54, 55), (132, 148), (85, 213), (110, 111), (197, 213), (209, 213), (45, 61), (238, 254), (193, 197), (10, 42), (26, 90), (35, 99), (61, 63), (147, 151), (245, 253), (31, 95), (112, 114), (31, 159), (1, 5), (2, 10), (132, 196), (213, 215), (29, 61), (80, 112), (110, 238), (98, 99), (42, 46), (66, 98), (213, 245), (46, 110), (42, 58), (98, 114), (87, 215), (0, 128), (9, 137), (66, 70), (2, 3), (57, 61), (196, 198), (2, 6), (2, 18), (132, 140), (31, 63), (151, 159), (136, 140)}
E2: {(210, 242), (128, 136), (136, 137), (154, 158), (72, 76), (108, 109), (91, 123), (163, 179), (86, 87), (70, 198), (206, 238), (0, 2), (128, 160), (87, 95), (178, 179), (97, 105), (2, 66), (252, 253), (114, 118), (28, 30), (148, 150), (1, 3), (91, 95), (244, 252), (132, 148), (30, 158), (240, 242), (50, 51), (72, 200), (105, 109), (10, 42), (28, 60), (221, 253), (70, 78), (89, 91), (112, 114), (178, 242), (142, 158), (97, 101), (114, 242), (1, 5), (244, 245), (132, 196), (2, 10), (76, 78), (54, 118), (80, 112), (184, 188), (240, 244), (24, 28), (50, 114), (188, 252), (76, 108), (60, 188), (118, 126), (200, 232), (40, 42), (112, 113), (78, 206), (66, 70), (0, 128), (70, 86), (9, 137), (2, 3), (196, 198), (86, 118), (172, 188)}
Obj: 34893

