Log for instance aco_tuning_out/inst27.txt.

Used ({'tau0': 5.072339472437726e-06, 'xi': 0.06750660483788565, 'q0': 0.39673942663117334, 'alpha': 1.3764884196051321, 'beta': 0.7955077619397278, 'rho': 0.4521931615046479, 'ants': 17}) and found best instance after 8.5625 seconds.
E1: {(55, 63), (128, 136), (58, 59), (26, 30), (26, 27), (60, 62), (125, 253), (116, 244), (228, 244), (0, 2), (40, 44), (87, 95), (40, 56), (252, 253), (121, 249), (187, 191), (186, 250), (140, 204), (136, 140), (244, 252), (54, 55), (56, 58), (145, 209), (59, 63), (58, 186), (125, 127), (128, 144), (29, 31), (221, 253), (31, 95), (14, 30), (46, 62), (10, 14), (2, 10), (63, 127), (110, 238), (111, 127), (2, 34), (59, 187), (46, 110), (190, 191), (23, 87), (144, 145), (43, 59), (87, 215), (14, 142), (121, 125), (26, 58), (154, 186), (113, 121), (0, 128), (2, 3), (39, 55), (36, 44), (132, 140), (95, 127), (54, 62)}
E2: {(111, 239), (42, 170), (132, 164), (125, 253), (133, 141), (101, 109), (248, 250), (202, 234), (112, 240), (146, 178), (48, 112), (186, 250), (115, 123), (132, 133), (253, 255), (174, 175), (166, 174), (109, 125), (6, 14), (216, 248), (174, 190), (146, 147), (10, 42), (240, 248), (58, 186), (221, 253), (14, 15), (144, 146), (121, 123), (170, 174), (14, 30), (10, 14), (115, 119), (226, 230), (164, 166), (48, 49), (121, 125), (186, 190), (170, 234), (49, 57), (115, 243), (178, 186), (109, 111), (166, 230), (175, 239)}
Obj: 30448

