Log for instance aco_tuning_out/inst03.txt.

Used ({'tau0': 5.7232384546733595e-06, 'xi': 0.1429672685027304, 'q0': 0.57445047410033, 'alpha': 1.4195433954167913, 'beta': 1.4047255855017542, 'rho': 0.4106053256096564, 'ants': 31}) and found best instance after 23.84375 seconds.
E1: {(76, 92), (232, 236), (177, 181), (201, 203), (47, 175), (108, 109), (155, 187), (211, 219), (147, 155), (101, 109), (210, 211), (135, 199), (187, 191), (4, 36), (83, 211), (53, 181), (76, 204), (202, 206), (83, 115), (177, 241), (220, 221), (202, 203), (108, 236), (20, 22), (20, 28), (4, 20), (199, 207), (49, 113), (49, 177), (39, 47), (155, 219), (115, 119), (76, 78), (65, 81), (240, 241), (24, 28), (137, 201), (81, 83), (203, 207), (175, 191), (76, 108), (149, 181), (4, 68), (203, 219), (228, 236), (113, 115), (78, 206), (9, 137), (195, 199), (49, 57), (28, 92), (92, 220), (22, 54)}
E2: {(128, 136), (136, 137), (177, 181), (58, 59), (132, 164), (15, 143), (107, 235), (32, 40), (44, 45), (43, 107), (50, 58), (181, 245), (216, 218), (0, 2), (192, 224), (40, 44), (196, 197), (4, 36), (148, 150), (198, 206), (132, 148), (128, 132), (32, 33), (59, 63), (32, 36), (206, 222), (148, 180), (4, 5), (154, 218), (14, 15), (0, 4), (143, 159), (0, 16), (10, 14), (2, 10), (132, 196), (137, 201), (32, 160), (128, 192), (180, 181), (50, 114), (2, 34), (59, 123), (107, 111), (164, 166), (99, 107), (164, 172), (43, 59), (16, 48), (218, 222), (0, 128), (9, 137), (210, 218), (196, 198), (34, 50), (224, 226), (16, 17)}
Obj: 33175

