Log for instance aco_tuning_out/inst18.txt.

Used ({'tau_0': 4.498936448740942e-06, 'xi': 0.13853729626942535, 'q0': 0.527822666374638, 'alpha': 1.6196713237028468, 'beta': 0.6656100225587412, 'rho': 0.18622598889901743, 'ants': 24}) and found best instance after 39.171875 seconds.
E1: {(55, 63), (132, 164), (58, 62), (86, 87), (29, 93), (3, 19), (87, 95), (80, 208), (1, 3), (1, 9), (252, 253), (148, 150), (93, 95), (85, 213), (132, 148), (197, 213), (215, 223), (201, 205), (62, 126), (110, 126), (110, 111), (160, 164), (9, 41), (41, 45), (26, 90), (245, 253), (159, 223), (41, 57), (22, 86), (95, 223), (22, 150), (1, 5), (83, 87), (213, 215), (110, 238), (6, 22), (213, 245), (54, 62), (62, 63), (107, 111), (46, 110), (99, 107), (208, 209), (66, 70), (26, 58), (70, 86), (19, 83), (39, 55), (19, 147), (22, 54), (197, 205), (209, 213)}
E2: {(58, 59), (154, 158), (146, 154), (58, 62), (60, 62), (51, 59), (163, 179), (72, 88), (104, 108), (8, 9), (176, 240), (252, 253), (1, 9), (8, 24), (30, 158), (62, 126), (110, 126), (160, 176), (245, 253), (221, 253), (70, 78), (49, 113), (22, 86), (40, 104), (97, 101), (142, 158), (104, 232), (8, 72), (176, 184), (22, 150), (80, 88), (1, 5), (97, 113), (184, 188), (88, 89), (110, 238), (146, 210), (108, 110), (59, 123), (66, 98), (188, 252), (60, 188), (51, 179), (98, 114), (22, 30), (66, 70), (49, 51), (70, 86), (22, 54), (172, 188), (54, 62), (8, 40)}
Obj: 29390

