Log for instance aco_tuning_out/inst30.txt.

Used ({'tau0': 9.519734246967097e-06, 'xi': 0.07937813294122376, 'q0': 0.41673979688805995, 'alpha': 1.6749976300577816, 'beta': 0.7383106546614165, 'rho': 0.29031514757956295, 'ants': 27}) and found best instance after 20.15625 seconds.
E1: {(93, 102), (4, 58), (162, 171), (171, 177), (118, 119), (32, 113), (171, 198), (162, 189), (14, 95), (125, 152), (198, 200), (93, 95), (120, 122), (181, 235), (7, 25), (58, 67), (163, 181), (113, 122), (235, 236), (198, 199), (95, 122), (109, 118), (119, 122), (119, 125), (128, 134), (64, 67), (119, 128), (162, 163), (91, 118), (0, 162), (4, 7), (1, 163), (1, 4), (211, 238), (235, 238), (118, 199), (189, 195)}
E2: {(166, 175), (109, 190), (162, 171), (171, 177), (228, 229), (151, 232), (190, 199), (199, 205), (10, 64), (51, 132), (171, 198), (234, 236), (175, 229), (172, 175), (198, 200), (151, 152), (10, 91), (79, 160), (45, 207), (198, 199), (196, 205), (45, 51), (25, 79), (81, 135), (151, 160), (171, 172), (205, 232), (0, 162), (182, 236), (10, 172), (81, 162), (132, 134), (195, 196), (207, 234), (157, 160), (198, 207)}
Obj: 32118

