Log for instance aco_tuning_out/inst03.txt.

Used ({'tau0': 2.693231228771534e-06, 'xi': 0.06741045013783678, 'q0': 0.34341334065428447, 'alpha': 1.6251653731737596, 'beta': 0.8948148014172467, 'rho': 0.1267448319977672, 'ants': 32}) and found best instance after 54.71875 seconds.
E1: {(211, 219), (68, 100), (210, 211), (100, 101), (187, 191), (205, 221), (224, 228), (36, 52), (143, 175), (65, 97), (224, 240), (52, 54), (147, 151), (20, 28), (135, 143), (97, 101), (20, 52), (149, 151), (97, 113), (36, 100), (9, 25), (53, 55), (100, 228), (200, 202), (24, 25), (24, 28), (55, 119), (175, 191), (147, 211), (52, 53), (200, 232), (143, 207), (25, 57), (205, 207), (204, 205), (135, 151), (28, 92), (39, 55), (195, 211), (224, 232), (200, 204)}
E2: {(192, 200), (200, 201), (32, 34), (32, 40), (132, 164), (154, 158), (107, 235), (98, 226), (44, 45), (200, 216), (43, 107), (15, 143), (164, 180), (40, 44), (196, 197), (210, 214), (1, 9), (34, 98), (158, 222), (160, 164), (197, 213), (45, 61), (32, 33), (192, 196), (32, 36), (1, 33), (61, 63), (32, 48), (0, 1), (143, 159), (1, 5), (17, 145), (132, 196), (1, 17), (214, 222), (198, 214), (32, 160), (98, 99), (164, 166), (107, 111), (213, 245), (99, 107), (164, 172), (107, 123), (98, 114), (150, 158), (145, 177), (196, 198), (158, 159)}
Obj: 28128

