Log for instance aco_tuning_out/inst15.txt.

Used ({'tau0': 8.524438848395618e-06, 'xi': 0.08260719400248602, 'q0': 0.6770641636613806, 'alpha': 0.6089210219484695, 'beta': 0.5746980829231113, 'rho': 0.06462761009956378, 'ants': 17}) and found best instance after 198.953125 seconds.
E1: {(28, 55), (171, 177), (66, 228), (75, 78), (66, 75), (34, 43), (28, 109), (83, 164), (82, 83), (171, 173), (164, 173), (58, 76), (164, 182), (173, 200), (55, 58), (76, 157), (33, 34), (55, 64), (82, 91), (82, 109), (75, 76), (33, 195), (28, 34)}
E2: {(166, 175), (54, 135), (5, 59), (128, 209), (171, 177), (0, 54), (66, 228), (208, 211), (171, 198), (199, 208), (16, 178), (27, 28), (5, 86), (63, 64), (83, 164), (171, 173), (28, 109), (72, 78), (16, 25), (173, 176), (164, 173), (36, 198), (86, 89), (16, 43), (209, 236), (164, 182), (173, 200), (198, 199), (27, 33), (175, 176), (63, 66), (54, 63), (27, 36), (128, 134), (14, 176), (27, 54), (54, 72), (45, 72), (208, 209), (5, 32), (83, 86), (33, 195), (175, 178)}
Obj: 25881

