Log for instance aco_tuning_out/inst06.txt.

Used ({'tau0': 9.342356314703797e-06, 'xi': 0.11093798894348852, 'q0': 0.3936504222796646, 'alpha': 1.8613339066625738, 'beta': 0.5900213499937936, 'rho': 0.2538267278899345, 'ants': 22}) and found best instance after 32.03125 seconds.
E1: {(128, 130), (7, 23), (180, 244), (38, 166), (210, 214), (2, 130), (34, 98), (156, 188), (212, 214), (121, 249), (206, 207), (37, 45), (128, 129), (174, 175), (7, 135), (174, 190), (206, 222), (212, 244), (180, 188), (173, 237), (105, 121), (38, 46), (234, 238), (83, 87), (172, 174), (85, 87), (232, 234), (214, 222), (6, 7), (174, 238), (45, 173), (85, 93), (24, 28), (240, 244), (37, 53), (128, 192), (89, 121), (2, 34), (173, 175), (23, 87), (46, 174), (98, 114), (78, 206), (7, 39), (2, 3), (34, 38), (89, 93), (2, 6), (28, 156), (93, 221), (172, 188)}
E2: {(193, 195), (193, 201), (162, 226), (148, 212), (101, 103), (84, 212), (180, 244), (38, 166), (40, 44), (193, 225), (103, 231), (196, 197), (2, 66), (1, 3), (157, 159), (68, 84), (148, 156), (88, 90), (62, 190), (96, 97), (193, 197), (156, 157), (212, 244), (162, 170), (84, 92), (157, 189), (170, 171), (38, 46), (97, 101), (46, 62), (1, 5), (244, 245), (132, 196), (68, 196), (1, 17), (88, 89), (88, 92), (162, 166), (163, 171), (2, 34), (171, 175), (44, 46), (171, 187), (129, 193), (103, 119), (2, 3), (34, 38), (1, 129), (97, 225), (36, 38), (2, 18)}
Obj: 30379

