Log for instance aco_tuning_out/inst06.txt.

Used ({'tau_0': 8.908613414444593e-06, 'xi': 0.1316659796537964, 'q0': 0.44184378094598165, 'alpha': 1.5856828467501214, 'beta': 0.9751219636880748, 'rho': 0.2735558699054583, 'ants': 18}) and found best instance after 17.765625 seconds.
E1: {(128, 130), (24, 152), (132, 164), (156, 158), (84, 212), (22, 23), (164, 180), (0, 2), (192, 224), (237, 253), (210, 214), (82, 114), (36, 37), (212, 214), (233, 249), (206, 207), (158, 222), (37, 45), (37, 39), (128, 129), (174, 175), (166, 174), (128, 132), (174, 190), (82, 83), (206, 222), (224, 240), (82, 86), (232, 233), (84, 86), (221, 253), (22, 86), (152, 156), (172, 174), (214, 222), (36, 164), (174, 238), (249, 253), (37, 53), (128, 192), (105, 233), (81, 83), (81, 89), (6, 22), (84, 85), (164, 172), (46, 174), (78, 206), (23, 151), (0, 128), (2, 3), (135, 151), (2, 6), (224, 232)}
E2: {(90, 91), (193, 195), (193, 201), (132, 164), (32, 40), (18, 26), (84, 212), (164, 180), (0, 2), (193, 225), (103, 231), (225, 227), (2, 66), (1, 3), (156, 188), (68, 84), (128, 129), (166, 174), (174, 175), (128, 132), (143, 175), (174, 190), (193, 197), (32, 36), (26, 90), (180, 188), (188, 189), (89, 91), (229, 245), (170, 171), (225, 229), (170, 174), (143, 159), (1, 5), (1, 17), (36, 164), (226, 227), (32, 96), (163, 171), (2, 34), (164, 166), (101, 229), (171, 187), (0, 128), (66, 70), (129, 193), (2, 3), (103, 119), (68, 70), (227, 231), (2, 18)}
Obj: 30120

