Log for instance aco_tuning_out/inst30.txt.

Used ({'tau_0': 9.701809206152345e-06, 'xi': 0.09407325991753526, 'q0': 0.3044948820351523, 'alpha': 1.8442079342859672, 'beta': 1.893720745386587, 'rho': 0.3120024078765271, 'ants': 29}) and found best instance after 17.0625 seconds.
E1: {(125, 134), (10, 64), (98, 125), (236, 239), (112, 121), (122, 125), (3, 165), (120, 122), (192, 193), (98, 152), (200, 206), (15, 17), (77, 239), (10, 91), (102, 183), (125, 206), (26, 53), (17, 26), (112, 193), (109, 112), (192, 195), (50, 53), (13, 40), (193, 211), (32, 50), (14, 17), (50, 77), (165, 183), (121, 122), (0, 3), (10, 13), (15, 177), (165, 192), (40, 121), (17, 98), (25, 26)}
E2: {(81, 82), (132, 213), (171, 174), (45, 126), (108, 109), (73, 154), (126, 132), (25, 187), (0, 81), (195, 213), (160, 161), (83, 164), (171, 173), (82, 83), (154, 160), (164, 173), (166, 169), (81, 108), (108, 126), (164, 182), (173, 200), (235, 236), (169, 187), (127, 154), (174, 177), (81, 135), (64, 73), (154, 235), (126, 127), (152, 161), (187, 241), (172, 173), (235, 241), (132, 134), (174, 228), (157, 160), (91, 172)}
Obj: 32638

