Log for instance aco_tuning_out/inst09.txt.

Used ({'tau0': 3.1489754854725666e-06, 'xi': 0.09233871711137026, 'q0': 0.6750093896651443, 'alpha': 1.4767667958454729, 'beta': 1.3965639583348552, 'rho': 0.22070860434618855, 'ants': 29}) and found best instance after 18.90625 seconds.
E1: {(43, 205), (166, 175), (162, 171), (171, 177), (135, 141), (176, 185), (171, 198), (236, 239), (75, 78), (117, 120), (185, 239), (240, 242), (83, 164), (171, 173), (223, 241), (173, 176), (164, 173), (141, 159), (175, 176), (76, 157), (178, 205), (21, 75), (117, 198), (14, 176), (78, 240), (0, 162), (239, 242), (21, 102), (75, 76), (159, 240), (83, 89), (175, 178), (241, 242)}
E2: {(83, 110), (175, 184), (166, 175), (162, 171), (171, 177), (96, 177), (29, 32), (184, 211), (103, 106), (171, 198), (125, 152), (97, 178), (96, 97), (83, 164), (171, 173), (103, 157), (164, 173), (191, 197), (36, 198), (195, 197), (164, 191), (36, 45), (128, 134), (0, 162), (110, 128), (197, 224), (25, 106), (96, 123), (32, 59), (97, 106), (123, 125), (83, 89), (175, 178), (29, 191), (223, 224), (120, 123)}
Obj: 28695

