Log for instance aco_tuning_out/inst30.txt.

Used ({'tau_0': 4.822265207889503e-06, 'xi': 0.13540262306958187, 'q0': 0.6138627392147109, 'alpha': 1.667403283011879, 'beta': 1.0113699636281308, 'rho': 0.16684714562074338, 'ants': 26}) and found best instance after 30.9375 seconds.
E1: {(145, 146), (106, 133), (0, 27), (31, 32), (64, 145), (27, 28), (117, 120), (189, 191), (97, 178), (105, 106), (28, 109), (31, 193), (189, 195), (133, 134), (27, 189), (209, 236), (191, 200), (191, 209), (118, 145), (102, 105), (91, 97), (175, 176), (109, 118), (14, 176), (91, 118), (146, 152), (25, 106), (193, 211), (97, 106), (28, 31), (117, 118), (175, 178), (177, 178)}
E2: {(81, 82), (226, 229), (226, 235), (228, 229), (118, 119), (181, 187), (125, 134), (64, 145), (82, 163), (234, 236), (25, 187), (72, 234), (125, 152), (195, 204), (0, 81), (200, 206), (148, 229), (181, 235), (163, 166), (163, 181), (177, 204), (234, 235), (125, 206), (204, 206), (118, 145), (109, 118), (81, 135), (119, 125), (91, 118), (181, 182), (45, 72), (145, 226), (148, 157)}
Obj: 30616

