Log for instance aco_tuning_out/inst27.txt.

Used ({'tau_0': 5.341643627837584e-06, 'xi': 0.12828902895224037, 'q0': 0.5825040751853071, 'alpha': 1.680352012001748, 'beta': 1.7927432976473112, 'rho': 0.24781837895583786, 'ants': 32}) and found best instance after 17.921875 seconds.
E1: {(140, 156), (58, 59), (26, 30), (132, 164), (18, 26), (26, 27), (23, 31), (28, 30), (114, 118), (140, 204), (121, 249), (122, 250), (142, 174), (132, 148), (148, 156), (209, 213), (174, 190), (59, 63), (58, 122), (164, 228), (28, 60), (26, 154), (112, 114), (39, 47), (28, 29), (213, 215), (213, 221), (54, 118), (140, 142), (36, 164), (174, 238), (47, 63), (2, 34), (59, 187), (23, 87), (43, 59), (112, 113), (144, 148), (87, 215), (26, 58), (112, 116), (2, 3), (113, 121), (114, 122), (2, 18), (28, 156), (30, 31), (47, 111)}
E2: {(119, 127), (15, 143), (50, 58), (216, 218), (0, 2), (242, 243), (178, 182), (123, 127), (211, 243), (240, 242), (6, 14), (10, 42), (220, 221), (128, 144), (125, 127), (202, 218), (14, 15), (216, 220), (127, 255), (49, 113), (14, 30), (48, 50), (178, 242), (97, 101), (10, 14), (2, 10), (115, 119), (97, 113), (166, 182), (218, 250), (111, 127), (147, 211), (50, 178), (141, 143), (226, 242), (42, 58), (113, 115), (0, 128), (49, 57), (242, 250), (115, 243)}
Obj: 27711

