Log for instance aco_tuning_out/inst27.txt.

Used ({'tau_0': 1.944733890460195e-06, 'xi': 0.10406489729971813, 'q0': 0.5015133780289627, 'alpha': 0.48372224880231074, 'beta': 1.7691019222478264, 'rho': 0.4010581607160818, 'ants': 21}) and found best instance after 46.734375 seconds.
E1: {(154, 158), (152, 154), (3, 19), (196, 197), (28, 30), (186, 250), (27, 31), (19, 27), (30, 158), (249, 251), (197, 213), (116, 124), (28, 60), (144, 152), (142, 158), (113, 241), (39, 47), (19, 23), (236, 238), (187, 251), (132, 196), (213, 215), (213, 221), (28, 29), (47, 111), (241, 249), (47, 63), (204, 236), (60, 124), (43, 47), (158, 190), (228, 236), (38, 39), (38, 54), (209, 241), (154, 186), (34, 38), (196, 204), (36, 38), (30, 31), (31, 63), (250, 251), (209, 213)}
E2: {(26, 30), (15, 143), (243, 251), (146, 154), (125, 253), (216, 218), (101, 109), (186, 250), (251, 255), (253, 255), (56, 58), (240, 242), (109, 125), (6, 14), (146, 147), (58, 186), (202, 218), (221, 253), (14, 15), (144, 146), (14, 30), (48, 56), (10, 14), (115, 119), (123, 251), (56, 57), (226, 230), (218, 250), (226, 242), (141, 143), (154, 186), (26, 58), (242, 250), (115, 243), (109, 111), (166, 230), (250, 251)}
Obj: 24290

