Log for instance aco_tuning_out/inst12.txt.

Used ({'tau0': 4.426929263156353e-06, 'xi': 0.06025838234537617, 'q0': 0.705001489203017, 'alpha': 1.7379886783859488, 'beta': 1.7095931918554976, 'rho': 0.10716913974093385, 'ants': 23}) and found best instance after 43.09375 seconds.
E1: {(99, 100), (162, 168), (162, 180), (32, 113), (208, 211), (207, 209), (116, 134), (39, 42), (180, 207), (82, 83), (99, 102), (180, 182), (163, 166), (86, 89), (168, 195), (45, 207), (113, 116), (39, 120), (86, 113), (36, 42), (91, 100), (36, 45), (42, 43), (162, 163), (0, 162), (208, 209), (82, 100), (99, 180), (82, 109), (83, 86)}
E2: {(28, 46), (101, 155), (19, 46), (99, 100), (37, 64), (171, 177), (32, 113), (146, 227), (59, 140), (234, 236), (100, 101), (140, 143), (134, 161), (45, 46), (85, 103), (28, 109), (171, 173), (72, 78), (99, 102), (49, 211), (103, 157), (89, 143), (153, 155), (20, 101), (135, 216), (100, 103), (173, 200), (19, 20), (155, 161), (153, 234), (113, 140), (146, 155), (85, 166), (173, 227), (222, 223), (72, 153), (46, 49), (152, 161), (216, 222), (143, 161), (19, 25), (216, 234), (37, 43), (37, 46)}
Obj: 31155

