Log for instance aco_tuning_out/inst06.txt.

Used ({'tau0': 3.462877209278076e-06, 'xi': 0.0658154748162855, 'q0': 0.6970370798529836, 'alpha': 1.3037173239481683, 'beta': 0.3291761938293081, 'rho': 0.413035014315252, 'ants': 16}) and found best instance after 10.28125 seconds.
E1: {(232, 236), (105, 107), (229, 237), (210, 214), (49, 53), (2, 130), (105, 109), (150, 214), (199, 207), (112, 114), (83, 87), (123, 251), (1, 17), (240, 244), (228, 236), (0, 128), (150, 182), (108, 109), (228, 229), (70, 198), (0, 2), (1, 3), (249, 251), (180, 182), (129, 145), (213, 215), (214, 222), (249, 253), (47, 63), (76, 108), (112, 113), (70, 86), (214, 215), (86, 87), (228, 244), (135, 199), (87, 95), (130, 194), (8, 24), (91, 95), (174, 175), (12, 76), (221, 253), (49, 113), (212, 213), (172, 174), (76, 78), (45, 109), (110, 238), (166, 182), (108, 110), (194, 198), (12, 14), (46, 110), (46, 174), (23, 87), (107, 123), (78, 206), (62, 63), (192, 194), (8, 12), (85, 213), (128, 129), (6, 14), (83, 115), (206, 222), (70, 78), (89, 91), (39, 47), (46, 62), (17, 145), (236, 238), (198, 199), (175, 191), (190, 191), (113, 115)}
E2: {(90, 91), (193, 195), (105, 107), (99, 103), (193, 201), (180, 244), (86, 87), (70, 198), (228, 244), (87, 95), (103, 231), (97, 105), (196, 197), (1, 3), (187, 191), (131, 195), (156, 188), (91, 95), (189, 191), (102, 110), (174, 175), (87, 119), (166, 230), (96, 97), (174, 190), (193, 197), (10, 42), (32, 36), (212, 244), (17, 145), (188, 189), (3, 131), (89, 91), (31, 95), (31, 159), (97, 101), (170, 174), (46, 62), (1, 5), (236, 238), (244, 245), (132, 196), (2, 10), (129, 145), (102, 103), (70, 102), (68, 196), (230, 231), (63, 191), (110, 238), (32, 96), (226, 230), (175, 191), (42, 46), (2, 34), (131, 163), (99, 107), (228, 236), (40, 42), (66, 70), (70, 86), (1, 129), (196, 198), (97, 225), (2, 18), (62, 63), (31, 63)}
Obj: 40330

