Log for instance aco_tuning_out/inst09.txt.

Used ({'tau0': 5.432541354150304e-06, 'xi': 0.1098768506848867, 'q0': 0.588663995987506, 'alpha': 1.0903417143977059, 'beta': 1.0292353817624138, 'rho': 0.37868431591672963, 'ants': 31}) and found best instance after 20.9375 seconds.
E1: {(93, 102), (106, 133), (88, 106), (93, 120), (55, 136), (166, 193), (105, 186), (43, 52), (190, 193), (217, 223), (1, 55), (222, 240), (190, 217), (218, 236), (105, 106), (177, 186), (156, 157), (0, 1), (52, 133), (55, 217), (88, 89), (78, 240), (156, 159), (12, 14), (222, 223), (217, 218), (135, 136), (12, 93), (159, 240), (102, 105), (105, 159)}
E2: {(166, 175), (58, 59), (11, 173), (31, 32), (179, 233), (0, 2), (178, 179), (2, 11), (76, 79), (134, 161), (152, 233), (45, 46), (30, 33), (30, 39), (58, 61), (49, 211), (89, 143), (173, 179), (58, 76), (31, 49), (39, 120), (31, 58), (25, 79), (76, 157), (62, 143), (61, 62), (46, 49), (152, 161), (143, 161), (33, 195), (175, 178), (30, 31), (177, 178), (61, 223)}
Obj: 29290

