Log for instance aco_tuning_out/inst18.txt.

Used ({'tau0': 3.0612586277534457e-06, 'xi': 0.1329622135219483, 'q0': 0.7756772068120196, 'alpha': 1.8931956829423289, 'beta': 1.9972080014998133, 'rho': 0.18753105830604566, 'ants': 22}) and found best instance after 36.234375 seconds.
E1: {(128, 136), (136, 137), (55, 63), (81, 85), (243, 251), (58, 62), (99, 115), (150, 151), (70, 198), (128, 160), (87, 95), (196, 197), (252, 253), (1, 9), (1, 3), (148, 150), (132, 148), (85, 213), (110, 111), (249, 251), (45, 61), (128, 132), (62, 126), (14, 46), (6, 14), (83, 115), (26, 90), (61, 63), (147, 151), (49, 113), (46, 62), (83, 87), (1, 5), (132, 196), (29, 61), (213, 215), (249, 253), (151, 215), (110, 238), (137, 201), (81, 83), (54, 62), (213, 245), (46, 110), (113, 115), (80, 81), (66, 70), (9, 137), (57, 61), (49, 57), (26, 58), (196, 198), (115, 243), (39, 55), (62, 63), (151, 159), (209, 213)}
E2: {(128, 136), (136, 137), (72, 76), (32, 40), (243, 251), (108, 109), (91, 123), (232, 248), (154, 158), (163, 179), (86, 87), (60, 62), (206, 238), (101, 109), (0, 2), (133, 141), (87, 95), (114, 115), (242, 243), (2, 66), (252, 253), (28, 30), (91, 95), (62, 126), (249, 251), (240, 242), (0, 32), (82, 83), (83, 115), (142, 143), (28, 60), (84, 86), (221, 253), (245, 253), (89, 91), (248, 252), (49, 113), (142, 158), (46, 62), (83, 87), (76, 78), (249, 253), (24, 28), (110, 238), (32, 160), (82, 210), (54, 62), (188, 252), (76, 108), (141, 143), (60, 188), (46, 110), (142, 206), (113, 115), (78, 206), (80, 84), (5, 133), (150, 158), (66, 70), (0, 128), (49, 51), (179, 243), (70, 86), (9, 137), (115, 243), (172, 188), (184, 248)}
Obj: 34324

