Log for instance aco_tuning_out/inst03.txt.

Used ({'tau0': 5.886189817315941e-06, 'xi': 0.08222368157872886, 'q0': 0.5177131034654385, 'alpha': 1.8715621976373542, 'beta': 1.496250370264296, 'rho': 0.33920762188241993, 'ants': 22}) and found best instance after 12.796875 seconds.
E1: {(204, 220), (136, 137), (47, 175), (196, 228), (232, 248), (211, 219), (210, 211), (17, 21), (49, 53), (252, 253), (1, 9), (187, 191), (8, 24), (69, 101), (68, 69), (253, 255), (87, 119), (36, 52), (240, 248), (202, 203), (220, 221), (52, 54), (92, 220), (21, 149), (221, 253), (191, 255), (248, 252), (49, 113), (39, 47), (17, 81), (83, 87), (65, 69), (8, 136), (132, 196), (20, 52), (68, 196), (195, 203), (65, 81), (1, 17), (81, 83), (147, 211), (203, 207), (175, 191), (20, 21), (134, 135), (203, 219), (9, 137), (49, 57), (132, 134), (196, 204), (83, 211), (21, 53)}
E2: {(177, 181), (41, 43), (171, 235), (32, 40), (43, 171), (216, 218), (0, 2), (40, 44), (128, 160), (17, 21), (196, 197), (53, 117), (117, 245), (53, 181), (32, 33), (9, 41), (0, 32), (128, 132), (59, 63), (41, 45), (33, 41), (154, 218), (198, 230), (44, 172), (32, 48), (0, 1), (31, 159), (106, 107), (1, 5), (132, 196), (106, 122), (134, 166), (1, 17), (214, 222), (198, 214), (137, 201), (128, 192), (226, 230), (180, 181), (59, 123), (2, 34), (15, 31), (107, 111), (50, 114), (99, 107), (43, 59), (218, 222), (9, 137), (0, 128), (134, 150), (210, 218), (132, 134), (122, 123), (196, 198), (36, 44), (21, 53), (34, 50), (31, 63)}
Obj: 32997

