Log for instance aco_tuning_out/inst15.txt.

Used ({'tau_0': 1.944733890460195e-06, 'xi': 0.10406489729971813, 'q0': 0.5015133780289627, 'alpha': 0.48372224880231074, 'beta': 1.7691019222478264, 'rho': 0.4010581607160818, 'ants': 21}) and found best instance after 37.765625 seconds.
E1: {(171, 174), (40, 121), (171, 198), (204, 213), (199, 226), (195, 213), (121, 148), (171, 173), (213, 240), (118, 121), (173, 182), (40, 43), (64, 226), (198, 199), (109, 118), (174, 177), (78, 240), (91, 118), (199, 200), (174, 228), (118, 199), (198, 204), (148, 157)}
E2: {(179, 206), (3, 4), (4, 58), (58, 59), (226, 229), (228, 229), (87, 89), (208, 211), (207, 209), (199, 208), (76, 79), (67, 229), (199, 226), (136, 145), (209, 215), (4, 5), (6, 87), (3, 6), (58, 67), (78, 79), (58, 76), (209, 236), (40, 43), (45, 207), (64, 226), (195, 197), (134, 215), (118, 145), (182, 209), (4, 166), (197, 206), (25, 79), (109, 118), (40, 67), (197, 215), (177, 179), (199, 200), (208, 209), (5, 14), (135, 136), (0, 3), (5, 32), (118, 199)}
Obj: 26160

