Log for instance aco_tuning_out/inst30.txt.

Used ({'tau_0': 6.2578016549988135e-06, 'xi': 0.07695855038194482, 'q0': 0.6338595363337294, 'alpha': 1.3781099098119947, 'beta': 1.0918136498914073, 'rho': 0.20985761634934252, 'ants': 15}) and found best instance after 10.71875 seconds.
E1: {(212, 239), (226, 229), (39, 201), (212, 215), (175, 202), (20, 23), (176, 185), (84, 102), (236, 239), (152, 233), (185, 239), (174, 175), (97, 178), (200, 206), (30, 39), (211, 212), (120, 201), (31, 34), (3, 30), (64, 226), (195, 197), (134, 215), (19, 20), (30, 32), (175, 176), (109, 115), (34, 115), (197, 206), (91, 97), (174, 177), (206, 215), (23, 185), (14, 176), (229, 232), (174, 201), (0, 3), (202, 229), (3, 84), (19, 25), (175, 178), (30, 31), (232, 233)}
E2: {(179, 206), (226, 229), (55, 136), (175, 202), (139, 157), (207, 209), (179, 233), (176, 179), (176, 185), (1, 55), (217, 220), (166, 220), (152, 233), (231, 233), (200, 206), (136, 145), (209, 215), (228, 231), (182, 185), (209, 236), (139, 220), (0, 1), (45, 207), (55, 217), (64, 226), (134, 215), (195, 197), (175, 176), (197, 206), (177, 231), (206, 215), (109, 136), (145, 226), (135, 136), (202, 229), (91, 145), (19, 25), (1, 19)}
Obj: 33067

