Log for instance aco_tuning_out/inst06.txt.

Used ({'tau0': 7.35696843598511e-06, 'xi': 0.13099405837312028, 'q0': 0.39430175087041053, 'alpha': 1.838983583452214, 'beta': 0.7213281426644318, 'rho': 0.11968092308615733, 'ants': 31}) and found best instance after 125.21875 seconds.
E1: {(192, 194), (7, 23), (81, 85), (188, 190), (3, 7), (220, 222), (233, 237), (89, 217), (130, 194), (82, 114), (1, 3), (233, 249), (238, 239), (78, 110), (212, 220), (37, 39), (207, 239), (37, 45), (166, 174), (174, 175), (240, 242), (7, 135), (174, 190), (82, 83), (105, 109), (25, 89), (220, 221), (180, 188), (175, 239), (17, 81), (114, 242), (172, 174), (134, 166), (1, 17), (109, 237), (217, 249), (24, 25), (110, 238), (37, 53), (81, 83), (82, 210), (237, 239), (134, 135), (46, 110), (217, 221), (7, 39), (130, 134), (1, 129), (232, 233), (6, 134)}
E2: {(64, 66), (193, 195), (32, 34), (162, 226), (132, 164), (188, 190), (32, 40), (193, 201), (229, 231), (82, 90), (197, 229), (164, 180), (64, 96), (193, 225), (103, 231), (196, 197), (2, 66), (89, 217), (1, 3), (156, 188), (187, 191), (34, 162), (189, 191), (196, 212), (64, 68), (193, 197), (32, 36), (201, 217), (188, 189), (162, 170), (180, 188), (229, 245), (170, 171), (1, 5), (132, 196), (1, 17), (162, 166), (175, 191), (163, 171), (2, 34), (101, 229), (171, 187), (129, 193), (103, 119), (1, 129), (66, 82), (2, 18), (159, 191)}
Obj: 29351

