Log for instance aco_tuning_out/inst18.txt.

Used ({'tau_0': 8.93751488559124e-06, 'xi': 0.07498280708831719, 'q0': 0.7003533283222684, 'alpha': 1.84655149702223, 'beta': 0.36999618301213544, 'rho': 0.353807119950786, 'ants': 24}) and found best instance after 12.234375 seconds.
E1: {(55, 63), (193, 201), (99, 103), (70, 198), (61, 189), (0, 2), (39, 103), (9, 11), (1, 3), (252, 253), (148, 150), (157, 159), (198, 206), (30, 94), (54, 55), (132, 148), (102, 110), (16, 80), (85, 213), (209, 213), (45, 61), (0, 32), (110, 126), (193, 197), (10, 42), (25, 153), (26, 90), (61, 63), (147, 151), (193, 209), (245, 253), (157, 189), (221, 253), (31, 95), (78, 94), (10, 11), (103, 111), (0, 16), (17, 145), (1, 5), (2, 10), (132, 196), (29, 61), (102, 103), (70, 102), (54, 118), (213, 215), (110, 238), (32, 160), (137, 201), (102, 118), (145, 153), (3, 11), (46, 110), (42, 58), (78, 206), (25, 57), (66, 70), (26, 58), (9, 137), (196, 198), (2, 6), (157, 221), (30, 31), (6, 70), (151, 159), (16, 17)}
E2: {(232, 236), (114, 118), (148, 150), (146, 150), (82, 86), (147, 151), (31, 95), (29, 61), (240, 244), (24, 28), (228, 236), (101, 229), (118, 126), (151, 159), (136, 137), (124, 126), (101, 103), (70, 198), (128, 160), (210, 211), (1, 3), (132, 148), (168, 232), (82, 83), (142, 143), (29, 31), (159, 223), (40, 168), (95, 223), (1, 5), (132, 196), (70, 102), (72, 74), (71, 103), (66, 70), (9, 137), (30, 31), (71, 87), (99, 103), (146, 154), (168, 184), (163, 179), (86, 87), (228, 244), (87, 95), (221, 223), (91, 95), (60, 61), (229, 245), (80, 82), (143, 159), (28, 29), (110, 238), (51, 115), (3, 11), (107, 123), (78, 206), (136, 168), (196, 198), (236, 252), (168, 172), (128, 136), (108, 124), (9, 11), (147, 179), (198, 206), (102, 110), (83, 115), (89, 91), (74, 78), (236, 238), (102, 103), (54, 118), (99, 107), (113, 115), (83, 211), (86, 118)}
Obj: 39477

