Log for instance aco_tuning_out/inst12.txt.

Used ({'tau_0': 6.937615535889433e-06, 'xi': 0.07000322226687372, 'q0': 0.8259328344322499, 'alpha': 1.4144702071977722, 'beta': 1.897582215362626, 'rho': 0.08176475094706645, 'ants': 18}) and found best instance after 47.625 seconds.
E1: {(120, 129), (3, 4), (118, 119), (31, 32), (207, 209), (84, 102), (171, 198), (129, 210), (83, 164), (171, 173), (81, 84), (209, 215), (164, 173), (36, 198), (134, 215), (182, 209), (38, 119), (205, 214), (196, 205), (4, 166), (36, 45), (109, 118), (81, 83), (91, 118), (211, 214), (207, 210), (0, 3), (3, 84), (4, 31), (83, 89), (195, 196), (214, 215), (36, 38), (43, 205), (198, 207)}
E2: {(43, 205), (162, 171), (5, 59), (171, 177), (118, 119), (125, 134), (159, 160), (208, 211), (38, 47), (199, 205), (84, 102), (171, 198), (234, 236), (20, 47), (5, 86), (78, 159), (125, 152), (199, 226), (198, 200), (45, 46), (162, 216), (81, 84), (46, 47), (36, 198), (64, 226), (135, 216), (38, 119), (19, 20), (109, 118), (119, 125), (46, 208), (81, 83), (85, 166), (222, 223), (81, 162), (234, 240), (216, 222), (159, 240), (19, 25), (85, 86), (118, 199), (83, 86), (36, 38), (216, 234), (157, 160), (83, 89), (5, 32)}
Obj: 32281

