Log for instance aco_tuning_out/inst21.txt.

Used ({'tau0': 2.2570844960363238e-06, 'xi': 0.1499824051273781, 'q0': 0.6397024715024884, 'alpha': 1.3177960201993473, 'beta': 1.7274258641979925, 'rho': 0.06839890232135862, 'ants': 10}) and found best instance after 40.4375 seconds.
E1: {(175, 184), (72, 73), (203, 206), (166, 175), (54, 135), (21, 22), (203, 230), (125, 152), (176, 203), (223, 232), (200, 203), (22, 184), (72, 75), (173, 176), (173, 182), (125, 206), (41, 203), (175, 176), (21, 75), (14, 176), (64, 73), (54, 72), (228, 230), (32, 41), (45, 72), (178, 232), (175, 178), (177, 178)}
E2: {(72, 73), (58, 59), (21, 22), (69, 71), (31, 32), (87, 89), (217, 223), (30, 192), (217, 226), (236, 239), (66, 69), (66, 75), (135, 153), (75, 78), (238, 239), (34, 43), (199, 226), (185, 239), (6, 60), (39, 66), (72, 75), (22, 184), (30, 39), (157, 238), (6, 87), (182, 185), (22, 25), (31, 34), (64, 226), (39, 120), (31, 58), (109, 118), (192, 195), (184, 185), (21, 75), (91, 118), (64, 73), (71, 152), (45, 72), (72, 153), (199, 200), (60, 69), (211, 238), (0, 6), (118, 199), (30, 31)}
Obj: 29403

