Log for instance aco_tuning_out/inst27.txt.

Used ({'tau0': 4.854876741746394e-06, 'xi': 0.1452545140568255, 'q0': 0.42195591018398276, 'alpha': 0.3555439034289861, 'beta': 0.8668501148752592, 'rho': 0.11887721475075397, 'ants': 32}) and found best instance after 232.0 seconds.
E1: {(113, 117), (38, 46), (31, 159), (59, 187), (228, 236), (38, 39), (154, 186), (209, 213), (132, 164), (60, 62), (23, 31), (186, 250), (27, 31), (110, 111), (249, 251), (62, 190), (59, 63), (142, 143), (116, 124), (164, 228), (29, 31), (187, 251), (213, 215), (36, 164), (116, 117), (43, 59), (186, 190), (30, 31), (11, 27), (54, 62), (146, 154), (143, 159), (213, 221), (110, 238), (3, 11), (85, 117), (46, 110), (34, 38), (62, 63), (85, 213), (144, 146), (46, 62), (236, 238), (204, 236), (60, 124), (31, 63)}
E2: {(119, 127), (15, 143), (216, 218), (101, 109), (242, 243), (123, 127), (221, 223), (122, 250), (56, 58), (240, 242), (109, 125), (6, 14), (146, 147), (58, 122), (10, 42), (125, 127), (147, 151), (202, 218), (159, 223), (144, 146), (127, 255), (31, 159), (143, 159), (48, 56), (10, 14), (134, 166), (56, 57), (111, 127), (218, 250), (141, 143), (226, 242), (42, 58), (223, 255), (122, 123), (242, 250), (30, 31), (151, 159), (6, 134)}
Obj: 25290

