Log for instance aco_tuning_out/inst24.txt.

Used ({'tau_0': 9.24915798617957e-06, 'xi': 0.05399113180694906, 'q0': 0.5348646852525689, 'alpha': 0.8177192610685395, 'beta': 1.9504865720120417, 'rho': 0.35361961105123524, 'ants': 16}) and found best instance after 10.625 seconds.
E1: {(76, 92), (250, 254), (15, 79), (42, 106), (15, 143), (58, 59), (243, 251), (44, 45), (190, 254), (0, 2), (40, 44), (128, 160), (252, 253), (2, 130), (122, 250), (244, 252), (44, 108), (128, 144), (142, 143), (12, 76), (221, 253), (142, 158), (57, 59), (34, 42), (130, 138), (106, 122), (235, 251), (138, 154), (240, 244), (71, 79), (139, 143), (2, 34), (158, 190), (76, 108), (141, 143), (42, 58), (43, 59), (40, 42), (90, 122), (0, 128), (252, 254), (158, 159), (250, 251)}
E2: {(42, 106), (81, 85), (220, 222), (60, 62), (237, 253), (178, 179), (1, 3), (147, 179), (179, 187), (253, 255), (53, 181), (120, 122), (189, 253), (166, 230), (10, 42), (220, 221), (148, 180), (180, 188), (188, 189), (181, 183), (221, 253), (88, 120), (165, 181), (179, 183), (10, 11), (34, 42), (1, 5), (106, 122), (230, 231), (88, 89), (199, 231), (226, 230), (180, 181), (50, 114), (147, 211), (81, 89), (171, 175), (50, 178), (3, 11), (60, 188), (228, 230), (171, 187), (144, 148), (90, 122), (195, 199), (62, 63), (195, 211), (34, 50)}
Obj: 27249

