Log for instance aco_tuning_out/inst06.txt.

Used ({'tau0': 1.909159906569024e-06, 'xi': 0.11956886836355252, 'q0': 0.3752425237189395, 'alpha': 1.7473087080286895, 'beta': 0.3768151318487377, 'rho': 0.3399270042677068, 'ants': 31}) and found best instance after 23.046875 seconds.
E1: {(24, 152), (188, 190), (156, 158), (206, 238), (237, 253), (38, 166), (233, 237), (82, 114), (1, 3), (156, 188), (2, 130), (212, 214), (83, 91), (206, 207), (158, 222), (37, 39), (196, 212), (37, 45), (143, 175), (146, 150), (192, 196), (82, 83), (206, 222), (180, 188), (188, 189), (221, 253), (89, 91), (135, 143), (38, 46), (152, 156), (83, 87), (85, 87), (214, 222), (240, 241), (249, 253), (37, 53), (146, 210), (241, 249), (166, 182), (82, 210), (105, 233), (23, 87), (38, 39), (78, 206), (143, 207), (150, 158), (2, 3), (1, 129), (2, 6), (130, 146), (189, 253), (150, 182), (172, 188), (232, 233)}
E2: {(32, 34), (32, 40), (162, 226), (188, 190), (18, 26), (156, 158), (163, 179), (167, 231), (97, 105), (2, 66), (73, 105), (1, 3), (156, 188), (196, 197), (179, 187), (34, 162), (196, 212), (96, 97), (32, 36), (26, 90), (180, 182), (162, 170), (188, 189), (245, 247), (73, 89), (97, 101), (179, 183), (167, 175), (1, 5), (132, 196), (166, 167), (68, 196), (1, 17), (183, 247), (199, 231), (119, 247), (32, 96), (166, 182), (162, 163), (2, 34), (73, 201), (182, 190), (167, 183), (2, 3), (1, 129), (195, 199), (97, 225), (197, 199), (2, 18), (158, 159)}
Obj: 30579

