Log for instance aco_tuning_out/inst06.txt.

Used ({'tau_0': 4.060261844275314e-06, 'xi': 0.08488866370438058, 'q0': 0.7517708033130077, 'alpha': 0.7568921075953849, 'beta': 1.442677676309637, 'rho': 0.31238065733584786, 'ants': 26}) and found best instance after 32.734375 seconds.
E1: {(47, 175), (105, 107), (180, 244), (99, 115), (206, 238), (228, 244), (192, 224), (17, 21), (114, 115), (2, 130), (172, 236), (174, 175), (224, 228), (166, 174), (85, 213), (143, 175), (14, 46), (174, 190), (82, 83), (83, 115), (206, 222), (6, 14), (212, 244), (21, 85), (135, 143), (39, 47), (17, 81), (212, 213), (17, 145), (172, 174), (129, 145), (28, 29), (236, 238), (213, 221), (240, 241), (240, 244), (24, 28), (241, 249), (81, 83), (82, 210), (81, 89), (21, 23), (99, 107), (228, 236), (21, 29), (46, 174), (143, 207), (78, 206), (236, 237), (2, 3), (2, 6), (45, 47), (21, 53), (224, 232)}
E2: {(193, 195), (193, 201), (162, 226), (188, 190), (82, 90), (101, 103), (180, 244), (52, 180), (40, 44), (103, 231), (193, 225), (196, 197), (2, 66), (1, 3), (156, 188), (187, 191), (196, 212), (174, 175), (166, 174), (36, 52), (96, 97), (143, 175), (174, 190), (193, 197), (212, 244), (73, 89), (180, 188), (188, 189), (162, 170), (36, 44), (97, 101), (143, 159), (17, 145), (1, 5), (129, 145), (132, 196), (244, 245), (1, 17), (162, 166), (175, 191), (73, 201), (2, 34), (162, 163), (129, 193), (66, 70), (103, 119), (2, 3), (68, 70), (97, 225), (66, 82), (2, 18)}
Obj: 30724

