Log for instance aco_tuning_out/inst06.txt.

Used ({'tau0': 9.563421643378381e-06, 'xi': 0.09724359984230846, 'q0': 0.3832373282206037, 'alpha': 0.33412689971093434, 'beta': 0.5388896399688413, 'rho': 0.11521783790776492, 'ants': 25}) and found best instance after 288.734375 seconds.
E1: {(233, 237), (212, 244), (208, 210), (222, 254), (53, 55), (81, 89), (134, 135), (208, 212), (0, 128), (6, 134), (180, 244), (190, 254), (3, 19), (1, 3), (212, 214), (206, 207), (240, 248), (82, 83), (46, 47), (214, 222), (128, 192), (39, 55), (128, 130), (47, 175), (8, 24), (174, 175), (192, 208), (248, 249), (212, 213), (172, 174), (213, 221), (134, 166), (105, 233), (82, 210), (78, 206), (130, 134), (19, 83), (45, 47), (232, 248), (206, 238), (82, 114), (0, 8), (233, 249), (85, 213), (174, 190), (206, 222), (39, 47), (19, 23), (208, 240), (81, 83), (1, 129)}
E2: {(156, 188), (212, 244), (188, 189), (162, 170), (1, 17), (32, 96), (2, 34), (171, 175), (101, 229), (68, 70), (98, 226), (156, 158), (180, 244), (1, 3), (180, 182), (73, 89), (245, 247), (1, 5), (66, 98), (73, 201), (66, 70), (129, 193), (132, 134), (96, 98), (193, 195), (162, 226), (197, 229), (34, 98), (174, 175), (193, 197), (32, 36), (180, 188), (229, 245), (143, 159), (244, 245), (134, 166), (74, 90), (162, 166), (166, 182), (231, 247), (193, 201), (32, 40), (143, 175), (174, 190), (225, 229), (66, 74), (119, 247), (163, 171), (171, 187), (1, 129), (2, 18), (158, 159)}
Obj: 30624

