Log for instance aco_tuning_out/inst12.txt.

Used ({'tau0': 5.449825531692064e-06, 'xi': 0.10463551100918586, 'q0': 0.3791032022582517, 'alpha': 1.5968901194470106, 'beta': 0.6682022659911173, 'rho': 0.3643260630360847, 'ants': 18}) and found best instance after 10.109375 seconds.
E1: {(83, 110), (189, 207), (166, 184), (39, 201), (180, 183), (110, 191), (118, 119), (162, 180), (32, 113), (39, 42), (162, 189), (109, 110), (189, 191), (201, 202), (183, 184), (102, 183), (180, 182), (118, 121), (45, 207), (121, 202), (39, 120), (110, 113), (110, 119), (128, 134), (42, 43), (91, 118), (119, 128), (202, 211), (0, 162), (83, 89), (189, 195)}
E2: {(45, 126), (162, 171), (108, 109), (119, 200), (162, 168), (171, 177), (78, 80), (50, 131), (39, 42), (84, 102), (57, 66), (131, 134), (102, 104), (39, 66), (81, 84), (130, 157), (165, 166), (42, 44), (53, 80), (89, 143), (44, 53), (81, 108), (135, 137), (108, 126), (84, 165), (57, 59), (108, 135), (168, 222), (79, 80), (130, 211), (110, 119), (104, 131), (25, 79), (137, 143), (42, 43), (108, 110), (64, 73), (50, 53), (73, 79), (137, 155), (222, 223), (81, 162), (32, 50), (130, 131), (143, 152), (155, 236)}
Obj: 32160

