Log for instance aco_tuning_out/inst03.txt.

Used ({'tau0': 9.24915798617957e-06, 'xi': 0.05399113180694906, 'q0': 0.5348646852525689, 'alpha': 0.8177192610685395, 'beta': 1.9504865720120417, 'rho': 0.35361961105123524, 'ants': 16}) and found best instance after 26.984375 seconds.
E1: {(204, 220), (200, 201), (155, 187), (211, 219), (147, 155), (68, 100), (210, 211), (112, 240), (114, 115), (187, 191), (36, 37), (100, 101), (57, 185), (206, 207), (37, 39), (185, 187), (24, 26), (202, 206), (83, 115), (50, 54), (220, 221), (26, 90), (90, 218), (147, 151), (92, 220), (202, 218), (21, 149), (112, 114), (155, 219), (115, 119), (149, 151), (65, 81), (100, 228), (200, 202), (37, 53), (137, 201), (81, 83), (175, 191), (50, 114), (20, 21), (200, 232), (113, 115), (9, 137), (210, 218), (135, 151), (37, 101), (83, 211), (21, 53), (195, 211), (200, 204)}
E2: {(33, 97), (105, 107), (162, 226), (107, 235), (44, 45), (180, 244), (43, 107), (99, 115), (216, 218), (0, 2), (128, 160), (40, 44), (210, 211), (196, 197), (114, 115), (97, 105), (48, 176), (187, 191), (148, 150), (132, 133), (115, 123), (198, 206), (132, 148), (185, 187), (128, 132), (83, 115), (160, 176), (206, 222), (148, 180), (154, 218), (137, 153), (105, 109), (44, 172), (14, 15), (36, 44), (17, 145), (244, 245), (132, 196), (45, 109), (63, 191), (177, 185), (162, 166), (128, 192), (153, 185), (145, 153), (2, 34), (137, 201), (107, 111), (99, 107), (14, 78), (176, 177), (78, 206), (5, 133), (218, 222), (0, 128), (9, 137), (210, 218), (196, 198), (83, 211), (159, 191), (160, 162)}
Obj: 32706

