Log for instance aco_tuning_out/inst09.txt.

Used ({'tau0': 5.886189817315941e-06, 'xi': 0.08222368157872886, 'q0': 0.5177131034654385, 'alpha': 1.8715621976373542, 'beta': 1.496250370264296, 'rho': 0.33920762188241993, 'ants': 22}) and found best instance after 8.78125 seconds.
E1: {(93, 102), (3, 4), (4, 58), (84, 87), (93, 120), (87, 89), (84, 93), (14, 95), (87, 168), (236, 242), (78, 159), (93, 95), (240, 242), (166, 169), (58, 76), (135, 137), (169, 178), (196, 205), (76, 157), (169, 196), (177, 178), (196, 223), (146, 149), (137, 146), (95, 149), (0, 3), (3, 84), (159, 240), (87, 105), (43, 205), (168, 169), (105, 159)}
E2: {(123, 204), (33, 42), (166, 184), (51, 53), (162, 168), (42, 51), (6, 33), (39, 42), (103, 130), (39, 66), (223, 232), (6, 8), (22, 184), (30, 39), (168, 177), (103, 157), (7, 25), (36, 198), (22, 25), (66, 68), (36, 42), (30, 32), (27, 36), (6, 7), (130, 211), (27, 45), (123, 150), (53, 134), (0, 162), (205, 232), (59, 68), (150, 152), (6, 168), (22, 103), (204, 205), (8, 89), (33, 195), (198, 204), (120, 123)}
Obj: 29790

