Log for instance aco_tuning_out/inst09.txt.

Used ({'tau0': 8.753936472387218e-06, 'xi': 0.09720016068128765, 'q0': 0.8231293796694477, 'alpha': 0.5431396504147108, 'beta': 1.6359800101718294, 'rho': 0.1536282766541045, 'ants': 15}) and found best instance after 169.71875 seconds.
E1: {(43, 205), (81, 82), (166, 175), (175, 202), (159, 160), (217, 223), (84, 102), (78, 159), (0, 81), (218, 236), (223, 232), (81, 84), (154, 160), (136, 154), (120, 201), (84, 86), (86, 89), (175, 176), (174, 177), (81, 135), (14, 176), (202, 205), (205, 232), (136, 217), (174, 201), (217, 218), (157, 160), (174, 176), (82, 136)}
E2: {(166, 175), (39, 201), (175, 202), (107, 134), (20, 47), (39, 66), (223, 232), (160, 161), (83, 164), (162, 164), (107, 161), (173, 176), (164, 173), (120, 201), (20, 101), (66, 68), (19, 20), (175, 176), (174, 177), (192, 195), (192, 201), (229, 232), (0, 162), (59, 68), (202, 211), (174, 201), (101, 107), (32, 59), (152, 161), (202, 229), (19, 25), (83, 89), (45, 47), (157, 160), (174, 176), (83, 101)}
Obj: 26766

