Log for instance aco_tuning_out/inst03.txt.

Used ({'tau0': 1.3920749967998762e-06, 'xi': 0.08397237700240848, 'q0': 0.6682959638256109, 'alpha': 1.2969464614531203, 'beta': 1.130493567371472, 'rho': 0.47674134103904503, 'ants': 21}) and found best instance after 12.53125 seconds.
E1: {(128, 136), (136, 137), (99, 103), (108, 109), (118, 119), (211, 219), (84, 212), (99, 115), (228, 244), (12, 28), (39, 103), (0, 2), (176, 240), (210, 211), (97, 99), (97, 105), (1, 3), (187, 191), (212, 220), (158, 222), (68, 84), (76, 204), (36, 52), (143, 175), (202, 206), (105, 109), (206, 222), (65, 97), (202, 203), (212, 244), (128, 144), (142, 143), (12, 76), (220, 221), (20, 28), (84, 92), (3, 131), (135, 143), (49, 113), (0, 1), (142, 158), (97, 101), (10, 14), (2, 10), (20, 52), (76, 78), (195, 203), (54, 118), (148, 149), (144, 176), (200, 202), (24, 28), (175, 191), (203, 207), (12, 14), (76, 108), (52, 53), (200, 232), (113, 115), (78, 206), (0, 128), (9, 137), (103, 119), (49, 57), (131, 147), (148, 212), (195, 211), (68, 76)}
E2: {(177, 181), (105, 107), (181, 245), (17, 21), (5, 37), (105, 109), (150, 214), (32, 160), (2, 34), (158, 190), (0, 128), (136, 137), (33, 97), (108, 109), (91, 123), (216, 218), (0, 2), (210, 211), (114, 115), (83, 91), (158, 222), (33, 35), (154, 218), (142, 143), (226, 234), (132, 196), (214, 222), (33, 37), (198, 214), (37, 53), (76, 108), (182, 190), (9, 137), (34, 50), (107, 235), (146, 154), (202, 234), (97, 105), (193, 197), (32, 36), (49, 113), (49, 177), (143, 159), (172, 174), (76, 78), (45, 109), (137, 201), (108, 110), (180, 181), (194, 198), (166, 182), (35, 43), (46, 110), (46, 174), (78, 206), (196, 198), (62, 63), (192, 194), (128, 136), (193, 201), (32, 40), (15, 143), (53, 181), (32, 33), (83, 115), (206, 222), (194, 202), (142, 158), (48, 50), (46, 62), (146, 210), (50, 114), (107, 111), (99, 107), (113, 115), (83, 211), (21, 53)}
Obj: 41053

