Log for instance aco_tuning_out/inst09.txt.

Used ({'tau0': 8.598718994035021e-06, 'xi': 0.10575785607911106, 'q0': 0.5072684688226818, 'alpha': 1.441011679191464, 'beta': 1.677952088449605, 'rho': 0.3243596155081548, 'ants': 8}) and found best instance after 5.859375 seconds.
E1: {(166, 175), (88, 97), (189, 216), (162, 171), (162, 168), (171, 177), (151, 232), (97, 151), (148, 151), (162, 189), (234, 236), (135, 153), (87, 168), (121, 148), (157, 160), (223, 232), (148, 229), (72, 78), (229, 230), (176, 230), (88, 169), (40, 43), (102, 105), (175, 176), (153, 234), (88, 89), (120, 121), (151, 160), (14, 176), (0, 162), (72, 153), (87, 105), (216, 234), (40, 121), (168, 169)}
E2: {(120, 129), (123, 204), (106, 133), (3, 4), (162, 171), (84, 87), (162, 168), (87, 89), (31, 32), (4, 85), (171, 198), (98, 125), (130, 133), (131, 134), (98, 152), (105, 106), (130, 157), (168, 177), (220, 221), (6, 87), (139, 220), (129, 130), (85, 139), (48, 129), (196, 205), (45, 48), (59, 221), (130, 211), (85, 166), (220, 223), (25, 106), (130, 131), (6, 168), (3, 84), (0, 6), (4, 31), (123, 125), (204, 205), (87, 105), (195, 196), (198, 204)}
Obj: 30991

