Log for instance aco_tuning_out/inst18.txt.

Used ({'tau0': 4.020220899909005e-06, 'xi': 0.13174644598316573, 'q0': 0.6110235189733683, 'alpha': 1.6598844502421457, 'beta': 1.4439786122174993, 'rho': 0.18623233223962188, 'ants': 32}) and found best instance after 189.578125 seconds.
E1: {(136, 137), (128, 136), (82, 90), (58, 62), (70, 198), (150, 151), (128, 160), (196, 197), (1, 3), (1, 9), (252, 253), (85, 213), (62, 126), (197, 213), (45, 61), (128, 132), (6, 70), (61, 63), (147, 151), (245, 253), (80, 82), (31, 95), (31, 159), (39, 47), (46, 62), (1, 5), (132, 196), (29, 61), (213, 215), (47, 111), (151, 215), (110, 238), (137, 201), (47, 63), (54, 62), (213, 245), (107, 111), (99, 107), (46, 110), (9, 137), (66, 70), (57, 61), (196, 198), (66, 82), (62, 63), (31, 63), (151, 159), (209, 213)}
E2: {(64, 66), (64, 72), (128, 136), (136, 137), (32, 40), (154, 158), (91, 123), (232, 248), (60, 62), (150, 151), (163, 179), (64, 96), (128, 160), (210, 214), (28, 30), (1, 9), (252, 253), (147, 179), (78, 110), (62, 126), (240, 248), (96, 97), (64, 80), (147, 151), (28, 60), (245, 253), (150, 214), (221, 253), (70, 78), (86, 214), (89, 91), (248, 252), (142, 158), (97, 101), (46, 62), (1, 5), (184, 248), (97, 113), (110, 238), (32, 96), (24, 28), (32, 160), (108, 110), (188, 252), (60, 188), (46, 110), (51, 179), (150, 158), (66, 70), (9, 137), (70, 86), (122, 126), (122, 123), (114, 122), (172, 188), (54, 62)}
Obj: 28911

