Log for instance aco_tuning_out/inst27.txt.

Used ({'tau0': 4.324890613407541e-06, 'xi': 0.12290267674013398, 'q0': 0.47304418264323866, 'alpha': 0.9643516325370455, 'beta': 0.8937714391186662, 'rho': 0.17837160642396882, 'ants': 18}) and found best instance after 29.0 seconds.
E1: {(55, 63), (154, 158), (196, 228), (146, 154), (27, 59), (52, 116), (206, 238), (34, 50), (54, 55), (30, 158), (23, 55), (249, 251), (36, 52), (209, 213), (50, 54), (59, 63), (52, 54), (29, 31), (221, 253), (52, 60), (144, 146), (49, 113), (57, 59), (142, 158), (204, 206), (187, 251), (132, 196), (213, 215), (213, 221), (63, 127), (249, 253), (111, 127), (250, 251), (3, 11), (59, 187), (158, 190), (142, 206), (43, 59), (49, 57), (196, 204), (39, 55), (30, 31), (31, 63), (11, 27)}
E2: {(204, 220), (119, 127), (26, 30), (58, 59), (146, 154), (216, 218), (242, 243), (123, 127), (140, 204), (240, 242), (6, 14), (146, 150), (146, 147), (220, 221), (154, 218), (125, 127), (26, 154), (202, 218), (216, 220), (14, 15), (144, 146), (127, 255), (49, 113), (14, 30), (57, 59), (97, 101), (10, 14), (97, 113), (166, 182), (218, 250), (59, 123), (111, 127), (226, 242), (48, 49), (26, 58), (49, 57), (242, 250), (140, 141), (150, 182)}
Obj: 24771

