Log for instance aco_tuning_out/inst12.txt.

Used ({'tau_0': 3.5413625395276035e-06, 'xi': 0.13677021617214064, 'q0': 0.40454797157881806, 'alpha': 1.9054287973649844, 'beta': 1.2761266989533575, 'rho': 0.43117638553854254, 'ants': 24}) and found best instance after 9.578125 seconds.
E1: {(43, 205), (166, 175), (92, 119), (118, 119), (208, 211), (190, 199), (116, 134), (208, 214), (89, 98), (114, 115), (190, 208), (117, 120), (92, 173), (99, 102), (173, 182), (115, 116), (38, 119), (205, 214), (27, 36), (175, 178), (109, 118), (110, 119), (27, 45), (110, 116), (178, 205), (32, 35), (99, 101), (91, 118), (35, 116), (118, 199), (36, 38), (117, 118), (92, 101), (92, 98), (114, 195), (0, 27)}
E2: {(28, 46), (3, 4), (98, 107), (31, 32), (208, 211), (190, 199), (199, 205), (84, 102), (107, 134), (169, 170), (234, 236), (75, 78), (190, 208), (135, 153), (34, 43), (190, 217), (45, 46), (54, 55), (98, 152), (72, 75), (200, 209), (209, 215), (16, 25), (31, 34), (55, 217), (169, 178), (134, 215), (157, 158), (153, 234), (4, 166), (109, 118), (89, 170), (16, 70), (72, 74), (46, 208), (178, 205), (64, 70), (55, 64), (54, 72), (72, 153), (208, 209), (169, 223), (59, 77), (3, 84), (4, 31), (74, 77), (77, 158), (118, 199), (28, 34), (177, 178)}
Obj: 34623

