Log for instance aco_tuning_out/inst03.txt.

Used ({'tau_0': 9.926534885232458e-06, 'xi': 0.06692036828162971, 'q0': 0.3019379808030227, 'alpha': 1.9521308295520166, 'beta': 1.4674217120935573, 'rho': 0.15756254670228562, 'ants': 22}) and found best instance after 31.71875 seconds.
E1: {(137, 139), (47, 175), (76, 92), (196, 228), (155, 187), (232, 248), (147, 155), (133, 135), (197, 229), (135, 199), (196, 197), (65, 73), (4, 36), (132, 133), (54, 55), (205, 221), (76, 204), (240, 248), (143, 175), (194, 202), (208, 210), (199, 207), (4, 20), (133, 149), (39, 47), (155, 219), (115, 119), (132, 196), (9, 25), (53, 55), (24, 25), (208, 240), (194, 195), (55, 119), (139, 143), (4, 68), (139, 155), (101, 229), (4, 132), (194, 210), (113, 115), (143, 207), (9, 73), (25, 57), (9, 137), (195, 199), (196, 204), (39, 55), (197, 205)}
E2: {(201, 203), (162, 226), (15, 143), (99, 103), (44, 45), (13, 45), (5, 13), (216, 218), (40, 44), (196, 197), (48, 176), (4, 36), (198, 206), (206, 207), (197, 213), (33, 35), (192, 196), (59, 63), (206, 222), (4, 5), (154, 218), (35, 99), (44, 172), (48, 50), (203, 235), (0, 4), (9, 13), (0, 16), (143, 159), (103, 111), (132, 196), (134, 166), (162, 166), (203, 207), (50, 114), (213, 245), (35, 43), (4, 132), (43, 59), (143, 207), (16, 48), (176, 177), (218, 222), (176, 180), (34, 35), (134, 150), (210, 218), (132, 134), (196, 198), (114, 122), (122, 123), (34, 50), (160, 162), (16, 17)}
Obj: 31191

