Log for instance aco_tuning_out/inst18.txt.

Used ({'tau_0': 6.7016855702575265e-06, 'xi': 0.11061032973207813, 'q0': 0.8522979141088549, 'alpha': 0.9933756089527778, 'beta': 1.0108153997499625, 'rho': 0.20257431029412304, 'ants': 17}) and found best instance after 26.484375 seconds.
E1: {(128, 136), (136, 137), (82, 90), (58, 62), (156, 158), (0, 2), (128, 160), (2, 66), (1, 3), (156, 188), (252, 253), (56, 58), (110, 111), (14, 46), (62, 126), (45, 61), (6, 14), (85, 213), (197, 213), (61, 63), (147, 151), (29, 31), (245, 253), (6, 38), (80, 82), (31, 95), (31, 159), (46, 62), (10, 14), (1, 5), (2, 10), (29, 61), (213, 215), (110, 238), (56, 57), (137, 201), (107, 111), (188, 252), (213, 245), (99, 107), (46, 110), (38, 39), (150, 158), (38, 54), (0, 128), (9, 137), (2, 3), (66, 82), (62, 63), (158, 159), (151, 159), (209, 213)}
E2: {(128, 136), (136, 137), (154, 158), (156, 158), (4, 6), (163, 179), (72, 88), (0, 2), (128, 160), (210, 211), (114, 115), (2, 66), (28, 30), (114, 118), (156, 188), (252, 253), (148, 150), (132, 148), (30, 158), (14, 46), (62, 126), (6, 14), (96, 97), (136, 200), (72, 200), (10, 42), (83, 115), (4, 5), (28, 60), (245, 253), (221, 253), (14, 30), (97, 101), (142, 158), (121, 123), (46, 62), (10, 14), (80, 88), (244, 245), (2, 10), (54, 118), (88, 89), (184, 188), (110, 238), (24, 28), (240, 244), (89, 121), (108, 110), (188, 252), (51, 115), (51, 179), (46, 110), (118, 126), (14, 78), (200, 232), (98, 114), (4, 132), (113, 115), (40, 42), (0, 128), (9, 137), (83, 211), (86, 118), (172, 188), (96, 98)}
Obj: 32020

