Log for instance aco_tuning_out/inst03.txt.

Used ({'tau_0': 6.651390889237055e-06, 'xi': 0.11158156951036152, 'q0': 0.3891327832249725, 'alpha': 0.5704086329673803, 'beta': 0.45022269695520334, 'rho': 0.05657845121910911, 'ants': 23}) and found best instance after 208.109375 seconds.
E1: {(49, 53), (100, 101), (53, 55), (24, 28), (157, 221), (68, 100), (147, 155), (210, 211), (65, 97), (224, 240), (202, 203), (20, 28), (97, 101), (149, 157), (36, 100), (24, 25), (20, 21), (39, 55), (195, 211), (76, 92), (155, 187), (211, 219), (187, 191), (221, 223), (54, 55), (224, 228), (76, 204), (49, 113), (133, 149), (9, 25), (100, 228), (147, 211), (203, 219), (68, 76), (224, 232), (133, 135), (21, 149), (207, 223), (55, 119), (175, 191), (203, 207), (25, 57), (28, 92), (21, 53)}
E2: {(136, 137), (128, 136), (41, 43), (32, 40), (32, 34), (132, 164), (107, 235), (136, 152), (98, 226), (15, 143), (43, 107), (181, 245), (164, 180), (152, 154), (128, 160), (40, 41), (210, 214), (1, 9), (34, 98), (196, 197), (128, 132), (59, 63), (1, 33), (32, 36), (168, 172), (32, 48), (150, 214), (15, 47), (40, 168), (143, 159), (177, 181), (1, 5), (132, 196), (214, 222), (1, 17), (198, 214), (128, 192), (137, 201), (180, 181), (164, 166), (107, 111), (99, 107), (43, 59), (107, 123), (98, 114), (136, 168), (9, 137), (0, 128), (152, 216), (196, 198), (45, 47), (47, 111)}
Obj: 29994

