Log for instance aco_tuning_out/inst09.txt.

Used ({'tau0': 7.199516623553175e-06, 'xi': 0.11757684122784635, 'q0': 0.8950304976400971, 'alpha': 1.7862372914817117, 'beta': 1.3396042945590478, 'rho': 0.08070539620138223, 'ants': 25}) and found best instance after 54.375 seconds.
E1: {(166, 175), (54, 135), (175, 202), (171, 177), (0, 54), (171, 198), (5, 86), (54, 55), (102, 104), (201, 202), (218, 236), (83, 164), (171, 173), (223, 241), (157, 238), (232, 241), (72, 78), (120, 201), (164, 173), (86, 89), (55, 217), (86, 104), (238, 241), (164, 218), (229, 232), (205, 232), (54, 72), (217, 218), (5, 14), (202, 229), (83, 86), (43, 205), (198, 201)}
E2: {(166, 175), (81, 82), (5, 59), (175, 202), (171, 177), (33, 51), (171, 198), (5, 86), (0, 81), (151, 152), (201, 202), (83, 164), (171, 173), (223, 241), (82, 83), (157, 238), (214, 241), (79, 160), (51, 52), (120, 201), (164, 173), (86, 89), (134, 215), (238, 241), (205, 214), (45, 51), (25, 79), (151, 160), (202, 205), (79, 241), (211, 238), (5, 32), (83, 86), (214, 215), (33, 195), (198, 201), (52, 214)}
Obj: 27195

