Log for instance aco_tuning_out/inst21.txt.

Used ({'tau0': 9.342356314703797e-06, 'xi': 0.11093798894348852, 'q0': 0.3936504222796646, 'alpha': 1.8613339066625738, 'beta': 0.5900213499937936, 'rho': 0.2538267278899345, 'ants': 22}) and found best instance after 14.265625 seconds.
E1: {(166, 175), (189, 216), (162, 171), (37, 64), (194, 203), (36, 37), (151, 152), (176, 203), (162, 216), (200, 203), (171, 173), (37, 118), (173, 176), (27, 189), (118, 124), (173, 182), (135, 216), (32, 194), (175, 176), (27, 36), (174, 177), (27, 45), (14, 176), (222, 223), (216, 222), (124, 151), (174, 228), (174, 176)}
E2: {(10, 37), (162, 171), (37, 64), (162, 168), (146, 227), (92, 146), (171, 198), (75, 78), (109, 110), (57, 75), (227, 236), (89, 116), (10, 91), (171, 173), (18, 19), (195, 222), (49, 211), (120, 201), (200, 227), (135, 137), (173, 182), (57, 59), (95, 104), (22, 49), (157, 158), (168, 222), (110, 116), (21, 75), (18, 21), (137, 146), (0, 162), (173, 227), (146, 152), (222, 223), (104, 158), (110, 137), (32, 59), (18, 45), (19, 25), (19, 22), (10, 19), (92, 95), (0, 18), (37, 43), (198, 201)}
Obj: 29673

