Log for instance aco_tuning_out/inst24.txt.

Used ({'tau0': 6.895901444357542e-06, 'xi': 0.11930677293557751, 'q0': 0.7766820476791325, 'alpha': 1.762448247826621, 'beta': 0.8740652131662537, 'rho': 0.21713520092331218, 'ants': 13}) and found best instance after 8.671875 seconds.
E1: {(76, 92), (128, 130), (15, 79), (42, 106), (41, 43), (171, 235), (243, 251), (12, 13), (13, 45), (43, 171), (0, 2), (128, 160), (176, 240), (40, 41), (252, 253), (187, 191), (249, 251), (10, 42), (160, 176), (220, 221), (154, 218), (90, 218), (12, 76), (41, 57), (221, 253), (78, 79), (139, 171), (143, 159), (2, 10), (76, 78), (144, 176), (249, 253), (13, 141), (71, 79), (42, 43), (139, 143), (218, 250), (2, 34), (76, 108), (141, 143), (190, 191), (42, 58), (171, 187), (0, 128), (92, 220), (250, 251)}
E2: {(183, 191), (55, 63), (42, 106), (58, 59), (196, 228), (155, 187), (147, 155), (125, 253), (237, 253), (146, 178), (187, 191), (121, 249), (114, 118), (198, 206), (53, 181), (132, 148), (85, 213), (166, 230), (146, 147), (59, 63), (206, 222), (10, 42), (148, 180), (125, 127), (90, 218), (124, 125), (221, 253), (191, 255), (165, 181), (127, 255), (118, 246), (69, 85), (198, 199), (132, 196), (2, 10), (213, 221), (53, 55), (199, 231), (55, 183), (249, 253), (120, 121), (89, 121), (226, 230), (175, 191), (180, 181), (2, 34), (230, 246), (60, 124), (126, 127), (42, 58), (118, 126), (5, 69), (144, 148), (218, 222), (195, 199), (196, 198)}
Obj: 29627

