Log for instance aco_tuning_out/inst15.txt.

Used ({'tau_0': 2.693231228771534e-06, 'xi': 0.06741045013783678, 'q0': 0.34341334065428447, 'alpha': 1.6251653731737596, 'beta': 0.8948148014172467, 'rho': 0.1267448319977672, 'ants': 32}) and found best instance after 69.84375 seconds.
E1: {(162, 171), (171, 177), (162, 168), (66, 228), (10, 64), (66, 69), (109, 110), (140, 158), (200, 203), (171, 173), (10, 91), (168, 195), (16, 43), (173, 182), (9, 10), (113, 122), (173, 200), (157, 158), (110, 113), (113, 140), (122, 203), (12, 66), (9, 171), (69, 78), (9, 12), (10, 16)}
E2: {(166, 175), (63, 144), (162, 171), (171, 177), (162, 168), (175, 202), (11, 173), (87, 89), (32, 113), (59, 140), (171, 198), (135, 144), (11, 14), (36, 37), (87, 168), (134, 161), (140, 143), (63, 64), (201, 202), (105, 106), (171, 173), (89, 143), (36, 198), (168, 195), (173, 182), (173, 200), (109, 112), (36, 45), (63, 69), (113, 140), (36, 63), (0, 162), (202, 211), (25, 106), (182, 236), (201, 228), (69, 78), (112, 113), (143, 161), (87, 105), (37, 43), (198, 201)}
Obj: 27596

