Log for instance aco_tuning_out/inst21.txt.

Used ({'tau_0': 5.27015365896669e-06, 'xi': 0.12993599333145528, 'q0': 0.31614692226037566, 'alpha': 1.9457803192705339, 'beta': 1.0826765605366773, 'rho': 0.462237565316319, 'ants': 26}) and found best instance after 10.09375 seconds.
E1: {(166, 175), (54, 135), (175, 202), (118, 119), (15, 42), (64, 145), (29, 32), (147, 228), (142, 223), (125, 152), (13, 14), (121, 148), (200, 206), (136, 145), (136, 142), (147, 148), (209, 215), (118, 121), (13, 175), (125, 206), (118, 145), (38, 119), (182, 209), (121, 202), (36, 42), (27, 36), (27, 45), (119, 125), (206, 215), (27, 54), (15, 177), (36, 38), (27, 29)}
E2: {(145, 146), (33, 42), (101, 155), (54, 135), (37, 64), (55, 136), (139, 148), (39, 42), (42, 69), (217, 223), (101, 182), (36, 37), (54, 55), (34, 52), (65, 146), (136, 139), (136, 145), (86, 89), (25, 52), (57, 59), (55, 217), (85, 139), (118, 145), (39, 120), (36, 42), (155, 236), (54, 57), (27, 36), (109, 118), (27, 45), (33, 34), (146, 155), (211, 214), (71, 152), (199, 200), (37, 199), (69, 78), (32, 59), (91, 145), (148, 157), (85, 86), (118, 199), (33, 195), (65, 71), (37, 43), (0, 27), (52, 214)}
Obj: 31922

