Log for instance aco_tuning_out/inst09.txt.

Used ({'tau0': 8.524438848395618e-06, 'xi': 0.08260719400248602, 'q0': 0.6770641636613806, 'alpha': 0.6089210219484695, 'beta': 0.5746980829231113, 'rho': 0.06462761009956378, 'ants': 17}) and found best instance after 81.359375 seconds.
E1: {(166, 175), (39, 201), (175, 202), (217, 223), (39, 42), (75, 78), (39, 48), (14, 95), (0, 81), (48, 75), (201, 202), (94, 103), (83, 164), (218, 236), (103, 157), (120, 201), (86, 89), (86, 95), (102, 103), (81, 135), (164, 218), (42, 43), (81, 83), (94, 175), (217, 218), (83, 86), (175, 178), (94, 95), (177, 178)}
E2: {(166, 175), (18, 20), (5, 59), (175, 202), (20, 23), (151, 232), (107, 134), (195, 204), (89, 107), (201, 202), (223, 232), (160, 161), (107, 161), (0, 18), (120, 201), (175, 178), (201, 204), (151, 160), (202, 211), (178, 232), (23, 26), (26, 107), (152, 161), (18, 45), (5, 23), (5, 32), (157, 160), (177, 178), (25, 26)}
Obj: 25417

