Log for instance aco_tuning_out/inst06.txt.

Used ({'tau_0': 5.432541354150304e-06, 'xi': 0.1098768506848867, 'q0': 0.588663995987506, 'alpha': 1.0903417143977059, 'beta': 1.0292353817624138, 'rho': 0.37868431591672963, 'ants': 31}) and found best instance after 32.328125 seconds.
E1: {(192, 194), (81, 85), (4, 6), (180, 244), (206, 238), (237, 253), (3, 19), (192, 224), (210, 211), (39, 167), (97, 105), (130, 194), (114, 118), (238, 239), (53, 117), (206, 207), (196, 212), (174, 175), (102, 110), (192, 196), (174, 190), (105, 109), (206, 222), (212, 244), (175, 239), (221, 253), (101, 117), (97, 101), (17, 81), (167, 175), (83, 87), (172, 174), (132, 196), (166, 167), (45, 109), (1, 17), (109, 237), (135, 167), (249, 253), (110, 238), (240, 244), (16, 24), (81, 83), (81, 89), (102, 118), (237, 239), (85, 117), (46, 110), (194, 210), (23, 87), (4, 132), (78, 206), (1, 129), (19, 83), (83, 211), (224, 232), (16, 17)}
E2: {(90, 91), (193, 195), (193, 201), (32, 34), (32, 40), (188, 190), (82, 90), (3, 19), (193, 225), (196, 197), (1, 3), (187, 191), (156, 188), (189, 191), (117, 245), (196, 212), (96, 97), (193, 197), (32, 36), (18, 19), (180, 188), (188, 189), (101, 117), (170, 171), (89, 91), (97, 101), (1, 5), (117, 119), (132, 196), (230, 231), (68, 196), (1, 17), (199, 231), (32, 96), (226, 230), (18, 82), (166, 182), (175, 191), (163, 171), (182, 190), (171, 187), (129, 193), (195, 199), (1, 129), (97, 225), (66, 82), (166, 230), (159, 191)}
Obj: 31079

