Log for instance aco_tuning_out/inst21.txt.

Used ({'tau0': 4.5971794894411765e-06, 'xi': 0.07935886436067696, 'q0': 0.6133148179425765, 'alpha': 0.959591163017489, 'beta': 1.7442602148622774, 'rho': 0.32248764047634604, 'ants': 29}) and found best instance after 45.546875 seconds.
E1: {(226, 232), (166, 184), (21, 22), (29, 32), (208, 214), (14, 95), (149, 152), (223, 232), (22, 184), (136, 145), (200, 209), (228, 231), (118, 121), (191, 209), (64, 226), (118, 145), (182, 209), (95, 122), (205, 214), (231, 232), (177, 231), (18, 21), (205, 232), (21, 23), (95, 149), (145, 226), (208, 209), (135, 136), (14, 23), (121, 122), (18, 45), (29, 191)}
E2: {(81, 82), (38, 200), (45, 126), (87, 141), (55, 136), (84, 87), (87, 89), (38, 41), (29, 38), (29, 32), (40, 41), (60, 141), (29, 56), (0, 81), (117, 123), (55, 56), (223, 232), (117, 126), (81, 84), (200, 209), (40, 202), (56, 137), (22, 25), (209, 236), (182, 209), (114, 123), (13, 22), (76, 157), (137, 146), (82, 91), (202, 205), (205, 232), (13, 40), (55, 64), (146, 152), (202, 211), (22, 76), (135, 136), (82, 109), (60, 78), (56, 59), (43, 205), (87, 114), (82, 136), (114, 195), (120, 123)}
Obj: 31357

