Log for instance aco_tuning_out/inst03.txt.

Used ({'tau0': 1.34326092400037e-06, 'xi': 0.13441645763893803, 'q0': 0.4083523399061119, 'alpha': 0.5070175800996563, 'beta': 0.9994669821848109, 'rho': 0.2873914507152631, 'ants': 17}) and found best instance after 259.796875 seconds.
E1: {(204, 220), (183, 191), (211, 219), (151, 183), (210, 211), (49, 53), (100, 101), (187, 191), (68, 69), (69, 101), (1, 9), (224, 228), (36, 52), (224, 240), (220, 221), (202, 203), (52, 54), (147, 151), (20, 28), (49, 113), (65, 69), (20, 52), (149, 151), (36, 100), (53, 55), (100, 228), (55, 183), (24, 28), (55, 119), (175, 191), (147, 211), (203, 207), (52, 53), (203, 219), (1, 65), (49, 57), (135, 151), (28, 92), (39, 55), (92, 220), (195, 211), (224, 232)}
E2: {(177, 181), (193, 201), (132, 164), (32, 40), (32, 34), (154, 158), (98, 226), (107, 235), (134, 198), (43, 107), (181, 245), (164, 180), (1, 9), (34, 98), (158, 222), (192, 193), (160, 164), (128, 132), (193, 197), (1, 33), (32, 36), (192, 208), (32, 48), (15, 47), (208, 210), (208, 216), (0, 1), (1, 5), (134, 166), (1, 17), (32, 160), (128, 192), (47, 63), (180, 181), (98, 99), (107, 111), (99, 107), (164, 172), (98, 114), (150, 158), (107, 123), (0, 128), (134, 150), (132, 134), (45, 47), (158, 159), (47, 111)}
Obj: 27622

