Log for instance aco_tuning_out/inst15.txt.

Used ({'tau_0': 8.93751488559124e-06, 'xi': 0.07498280708831719, 'q0': 0.7003533283222684, 'alpha': 1.84655149702223, 'beta': 0.36999618301213544, 'rho': 0.353807119950786, 'ants': 24}) and found best instance after 7.421875 seconds.
E1: {(39, 201), (109, 190), (66, 228), (190, 199), (75, 78), (66, 75), (39, 66), (72, 75), (180, 234), (180, 182), (58, 67), (168, 195), (58, 76), (40, 43), (153, 234), (174, 177), (76, 157), (117, 198), (91, 118), (64, 67), (165, 168), (174, 201), (199, 200), (165, 174), (72, 153), (39, 40), (75, 76), (118, 199), (117, 118), (198, 201)}
E2: {(43, 205), (68, 149), (4, 58), (3, 4), (162, 165), (162, 171), (109, 190), (162, 168), (66, 228), (171, 180), (190, 199), (49, 50), (171, 198), (180, 207), (75, 78), (66, 75), (135, 153), (5, 86), (134, 161), (3, 165), (189, 191), (39, 66), (218, 236), (72, 75), (30, 39), (171, 173), (83, 164), (82, 83), (165, 166), (168, 177), (49, 211), (180, 182), (7, 25), (164, 173), (58, 67), (86, 89), (168, 195), (45, 207), (3, 30), (66, 68), (31, 49), (50, 212), (198, 199), (189, 190), (205, 214), (31, 58), (155, 161), (191, 218), (146, 149), (146, 155), (64, 67), (82, 88), (59, 68), (7, 88), (72, 153), (199, 200), (5, 14), (0, 3), (5, 32), (83, 86), (214, 215), (212, 215)}
Obj: 31726

