Log for instance aco_tuning_out/inst18.txt.

Used ({'tau_0': 3.0123184321619356e-06, 'xi': 0.12162366348291398, 'q0': 0.6525057095214953, 'alpha': 0.3418731697773203, 'beta': 1.7855031617760102, 'rho': 0.2482497904794193, 'ants': 32}) and found best instance after 239.734375 seconds.
E1: {(193, 201), (90, 94), (71, 87), (99, 103), (3, 7), (58, 62), (86, 87), (150, 151), (128, 160), (87, 95), (1, 3), (1, 9), (244, 252), (85, 213), (7, 71), (197, 213), (62, 126), (45, 61), (128, 129), (110, 126), (193, 197), (82, 86), (61, 63), (147, 151), (80, 82), (103, 111), (1, 5), (244, 245), (85, 87), (213, 215), (29, 61), (6, 7), (110, 238), (151, 215), (54, 62), (213, 245), (71, 103), (46, 110), (94, 126), (86, 94), (7, 39), (129, 193), (57, 61), (66, 82), (62, 63), (151, 159), (209, 213)}
E2: {(168, 172), (71, 87), (154, 158), (160, 168), (101, 103), (168, 184), (5, 7), (86, 87), (72, 88), (163, 179), (8, 9), (82, 114), (28, 30), (252, 253), (114, 115), (8, 24), (115, 123), (244, 252), (30, 94), (30, 158), (7, 71), (62, 126), (168, 232), (110, 126), (82, 86), (28, 60), (221, 253), (80, 82), (142, 158), (78, 94), (8, 72), (244, 245), (88, 89), (110, 238), (24, 28), (240, 244), (108, 110), (82, 210), (188, 252), (51, 115), (71, 103), (60, 188), (51, 179), (94, 126), (113, 115), (86, 94), (150, 158), (66, 82), (172, 188), (54, 62), (8, 40)}
Obj: 27259

