Log for instance aco_tuning_out/inst06.txt.

Used ({'tau0': 7.103605161777611e-06, 'xi': 0.13387993202949272, 'q0': 0.5522845785971021, 'alpha': 0.8010267528590788, 'beta': 1.1979962907017299, 'rho': 0.33102581714472007, 'ants': 26}) and found best instance after 131.90625 seconds.
E1: {(128, 130), (232, 236), (7, 23), (3, 7), (206, 238), (237, 253), (82, 114), (172, 236), (206, 207), (37, 45), (37, 39), (85, 213), (128, 129), (174, 175), (166, 174), (7, 135), (174, 190), (82, 83), (105, 109), (206, 222), (25, 89), (148, 180), (25, 153), (192, 208), (221, 253), (208, 210), (212, 213), (236, 238), (129, 145), (172, 174), (213, 221), (45, 109), (208, 240), (109, 237), (24, 25), (249, 253), (6, 7), (37, 53), (128, 192), (82, 210), (145, 153), (46, 174), (208, 212), (78, 206), (7, 39), (236, 237), (148, 212)}
E2: {(193, 195), (193, 201), (132, 164), (188, 190), (82, 90), (155, 187), (40, 44), (193, 225), (196, 197), (2, 66), (155, 159), (1, 3), (156, 188), (132, 148), (166, 174), (174, 175), (96, 97), (174, 190), (193, 197), (25, 89), (82, 83), (83, 115), (148, 180), (212, 244), (163, 227), (180, 188), (188, 189), (25, 153), (153, 155), (36, 44), (97, 101), (170, 174), (17, 145), (1, 5), (244, 245), (132, 196), (129, 145), (115, 119), (68, 196), (1, 17), (36, 164), (226, 227), (145, 153), (2, 34), (195, 227), (129, 193), (2, 3), (97, 225), (227, 231), (66, 82), (148, 212), (2, 18)}
Obj: 28773

