Log for instance aco_tuning_out/inst27.txt.

Used ({'tau_0': 7.905277958202082e-06, 'xi': 0.07780203477312476, 'q0': 0.5400401332579152, 'alpha': 1.238650111364569, 'beta': 1.1701509091931812, 'rho': 0.3657463607855648, 'ants': 16}) and found best instance after 9.53125 seconds.
E1: {(204, 220), (58, 59), (99, 103), (154, 158), (132, 164), (27, 59), (58, 62), (220, 222), (43, 107), (206, 238), (0, 2), (39, 103), (87, 95), (82, 114), (186, 250), (34, 98), (198, 206), (158, 222), (56, 58), (30, 158), (249, 251), (62, 190), (128, 132), (82, 83), (59, 63), (220, 221), (58, 186), (128, 144), (164, 228), (29, 31), (31, 95), (112, 114), (187, 251), (214, 222), (36, 164), (209, 211), (198, 214), (56, 60), (98, 99), (2, 34), (107, 111), (158, 190), (99, 107), (23, 87), (142, 206), (43, 59), (98, 114), (112, 113), (0, 128), (112, 116), (2, 3), (214, 215), (83, 211), (30, 31), (250, 251), (54, 62)}
E2: {(128, 136), (136, 137), (99, 103), (58, 59), (91, 123), (101, 103), (216, 218), (0, 2), (87, 95), (202, 234), (48, 112), (252, 253), (186, 250), (91, 95), (253, 255), (244, 252), (87, 119), (240, 242), (6, 14), (137, 141), (58, 186), (128, 144), (99, 227), (147, 151), (202, 218), (124, 125), (221, 253), (14, 15), (31, 95), (112, 114), (31, 159), (57, 59), (114, 242), (10, 14), (2, 10), (234, 250), (134, 166), (226, 227), (240, 244), (98, 99), (15, 31), (107, 111), (99, 107), (124, 252), (98, 114), (0, 128), (103, 119), (242, 250), (30, 31), (227, 243), (151, 159), (6, 134)}
Obj: 30363

