Log for instance aco_tuning_out/inst09.txt.

Used ({'tau0': 5.726334506587264e-06, 'xi': 0.09378720394945064, 'q0': 0.4650245999867171, 'alpha': 1.6109205787989367, 'beta': 0.9785683305047798, 'rho': 0.3960780669283891, 'ants': 24}) and found best instance after 8.71875 seconds.
E1: {(231, 240), (4, 58), (3, 4), (39, 201), (14, 68), (139, 157), (75, 78), (66, 75), (236, 242), (58, 220), (30, 33), (39, 66), (240, 242), (33, 35), (89, 116), (136, 139), (30, 39), (204, 231), (120, 201), (139, 220), (3, 30), (66, 68), (4, 166), (177, 231), (201, 204), (21, 75), (220, 223), (135, 136), (35, 116), (0, 3), (21, 102), (204, 205), (43, 205)}
E2: {(111, 120), (166, 175), (19, 46), (139, 142), (111, 138), (139, 157), (29, 32), (0, 2), (59, 140), (140, 143), (131, 134), (142, 223), (45, 46), (85, 103), (19, 100), (140, 158), (2, 29), (131, 158), (89, 143), (138, 139), (85, 139), (100, 103), (196, 205), (175, 178), (130, 211), (2, 83), (178, 205), (139, 140), (85, 166), (130, 131), (143, 152), (19, 25), (83, 89), (195, 196), (177, 178)}
Obj: 29488

