Log for instance aco_tuning_out/inst21.txt.

Used ({'tau0': 4.020220899909005e-06, 'xi': 0.13174644598316573, 'q0': 0.6110235189733683, 'alpha': 1.6598844502421457, 'beta': 1.4439786122174993, 'rho': 0.18623233223962188, 'ants': 32}) and found best instance after 35.890625 seconds.
E1: {(145, 146), (4, 58), (3, 4), (198, 225), (31, 32), (217, 223), (217, 226), (180, 207), (198, 200), (12, 174), (180, 182), (3, 12), (135, 137), (225, 226), (45, 207), (64, 226), (31, 58), (4, 166), (174, 177), (137, 146), (146, 152), (12, 14), (145, 226), (174, 201), (174, 228), (198, 201), (198, 207)}
E2: {(4, 58), (3, 4), (58, 59), (171, 180), (31, 32), (184, 211), (217, 223), (92, 146), (171, 198), (75, 78), (198, 200), (30, 33), (81, 84), (72, 75), (22, 184), (30, 39), (82, 83), (180, 182), (36, 198), (22, 25), (58, 76), (40, 43), (55, 217), (36, 39), (39, 120), (31, 58), (55, 58), (72, 74), (81, 135), (76, 157), (81, 83), (55, 64), (82, 91), (146, 152), (74, 236), (45, 72), (22, 76), (39, 40), (0, 3), (82, 109), (3, 84), (75, 76), (83, 89), (33, 195), (83, 92), (30, 31)}
Obj: 28504

