Log for instance aco_tuning_out/inst24.txt.

Used ({'tau_0': 3.986574795084688e-06, 'xi': 0.12869898263116974, 'q0': 0.7324104580466773, 'alpha': 0.38736117587741714, 'beta': 0.6247624947394189, 'rho': 0.4525392981526261, 'ants': 9}) and found best instance after 17.453125 seconds.
E1: {(76, 92), (154, 158), (15, 143), (243, 251), (146, 154), (188, 190), (99, 103), (0, 2), (104, 108), (176, 240), (40, 56), (2, 130), (34, 98), (252, 253), (122, 250), (56, 58), (45, 61), (10, 42), (160, 176), (12, 76), (221, 253), (144, 146), (40, 104), (143, 159), (2, 10), (106, 122), (235, 251), (144, 176), (56, 57), (42, 43), (139, 143), (2, 34), (98, 99), (76, 108), (158, 190), (188, 252), (141, 143), (71, 103), (42, 58), (104, 106), (57, 61), (90, 122), (130, 146), (158, 159), (250, 251)}
E2: {(183, 191), (42, 106), (193, 195), (182, 183), (180, 244), (52, 180), (151, 183), (228, 244), (237, 253), (187, 191), (221, 223), (133, 165), (253, 255), (120, 122), (85, 213), (197, 213), (231, 239), (193, 197), (10, 42), (180, 182), (147, 151), (221, 253), (176, 178), (191, 255), (52, 60), (178, 242), (114, 242), (2, 10), (106, 122), (213, 221), (144, 176), (63, 191), (120, 121), (89, 121), (166, 182), (175, 191), (2, 34), (133, 197), (222, 223), (52, 53), (226, 242), (5, 133), (176, 180), (90, 122), (114, 122), (175, 239)}
Obj: 26850

