Log for instance aco_tuning_out/inst09.txt.

Used ({'tau0': 6.2578016549988135e-06, 'xi': 0.07695855038194482, 'q0': 0.6338595363337294, 'alpha': 1.3781099098119947, 'beta': 1.0918136498914073, 'rho': 0.20985761634934252, 'ants': 15}) and found best instance after 11.546875 seconds.
E1: {(166, 175), (6, 15), (162, 171), (6, 24), (84, 87), (162, 168), (175, 202), (87, 89), (176, 185), (84, 102), (171, 198), (236, 239), (36, 37), (185, 239), (24, 78), (121, 148), (81, 84), (40, 202), (3, 6), (36, 198), (121, 202), (175, 176), (168, 222), (81, 135), (120, 121), (14, 176), (0, 162), (222, 223), (81, 162), (3, 84), (15, 177), (37, 40), (37, 43), (148, 157)}
E2: {(154, 155), (106, 133), (18, 20), (20, 23), (93, 120), (23, 77), (33, 51), (29, 32), (184, 211), (103, 106), (29, 47), (20, 47), (89, 107), (85, 94), (186, 213), (85, 103), (177, 186), (51, 52), (133, 134), (103, 157), (25, 52), (139, 220), (52, 133), (85, 139), (106, 107), (100, 103), (103, 184), (45, 51), (93, 94), (51, 213), (146, 155), (85, 166), (220, 223), (146, 152), (59, 77), (100, 154), (33, 195), (45, 47), (0, 18)}
Obj: 30630

