Log for instance aco_tuning_out/inst30.txt.

Used ({'tau0': 8.524494344253886e-06, 'xi': 0.09819260408139344, 'q0': 0.8088391626043536, 'alpha': 1.5978494389623978, 'beta': 0.3615392099783453, 'rho': 0.32122496368584613, 'ants': 32}) and found best instance after 16.0 seconds.
E1: {(33, 42), (18, 20), (212, 215), (55, 136), (175, 202), (118, 119), (0, 54), (38, 41), (185, 212), (176, 185), (54, 55), (102, 104), (201, 202), (72, 75), (136, 145), (107, 161), (200, 209), (209, 215), (120, 201), (36, 198), (209, 236), (104, 107), (134, 215), (38, 119), (118, 145), (19, 20), (36, 42), (175, 176), (109, 118), (174, 177), (21, 75), (18, 21), (55, 64), (14, 176), (54, 72), (91, 118), (32, 41), (202, 211), (174, 201), (152, 161), (19, 25), (33, 195), (36, 38), (104, 185), (198, 201)}
E2: {(81, 82), (163, 164), (55, 136), (21, 22), (66, 228), (1, 55), (66, 69), (205, 206), (152, 233), (45, 46), (200, 206), (81, 84), (83, 164), (82, 83), (136, 145), (209, 215), (204, 231), (163, 166), (46, 47), (22, 25), (177, 204), (3, 21), (209, 236), (164, 182), (134, 215), (182, 209), (118, 145), (205, 214), (196, 205), (109, 118), (69, 231), (81, 135), (76, 157), (91, 118), (55, 64), (1, 163), (206, 233), (22, 76), (0, 3), (3, 84), (47, 209), (204, 205), (195, 196), (214, 215)}
Obj: 36132

