Log for instance aco_tuning_out/inst24.txt.

Used ({'tau0': 9.84719681858141e-06, 'xi': 0.07010842379960239, 'q0': 0.6134461647846249, 'alpha': 1.8618032848172066, 'beta': 0.8495777604552623, 'rho': 0.35523900559656113, 'ants': 21}) and found best instance after 9.515625 seconds.
E1: {(15, 79), (105, 107), (32, 34), (32, 40), (243, 251), (146, 154), (43, 107), (133, 141), (0, 2), (112, 240), (57, 121), (146, 178), (252, 253), (186, 250), (121, 249), (233, 249), (132, 133), (249, 251), (45, 61), (88, 90), (96, 112), (142, 143), (12, 76), (221, 253), (78, 79), (88, 120), (144, 146), (79, 111), (134, 142), (112, 114), (112, 120), (143, 159), (34, 42), (76, 78), (106, 122), (249, 253), (88, 92), (32, 96), (105, 233), (32, 160), (71, 79), (139, 143), (50, 114), (2, 34), (50, 178), (107, 111), (76, 108), (42, 58), (233, 235), (57, 61), (90, 122), (130, 134), (186, 190), (132, 134), (178, 186), (130, 146), (250, 251)}
E2: {(55, 63), (144, 176), (98, 226), (155, 187), (147, 155), (237, 253), (121, 249), (187, 191), (34, 98), (5, 37), (253, 255), (198, 206), (53, 181), (120, 122), (85, 213), (88, 90), (206, 222), (221, 253), (176, 178), (191, 255), (88, 120), (165, 181), (198, 199), (2, 10), (132, 196), (106, 122), (213, 221), (230, 231), (134, 166), (53, 55), (63, 191), (88, 89), (120, 124), (55, 183), (249, 253), (120, 121), (37, 53), (226, 230), (199, 231), (175, 191), (180, 181), (50, 114), (2, 34), (228, 230), (50, 178), (60, 124), (98, 114), (195, 199), (196, 198), (114, 122), (132, 134)}
Obj: 31216

