Log for instance aco_tuning_out/inst21.txt.

Used ({'tau_0': 1.6439317200303233e-06, 'xi': 0.07746694961935612, 'q0': 0.6106338054732293, 'alpha': 1.8489351800014946, 'beta': 0.9702307798494468, 'rho': 0.2665529796010956, 'ants': 30}) and found best instance after 13.8125 seconds.
E1: {(166, 175), (28, 46), (226, 229), (28, 55), (55, 136), (175, 202), (228, 229), (29, 32), (176, 185), (125, 152), (45, 46), (182, 185), (191, 197), (177, 204), (191, 200), (125, 206), (204, 206), (64, 226), (28, 29), (175, 176), (197, 206), (14, 176), (202, 205), (197, 224), (135, 136), (202, 229), (204, 205), (29, 191), (223, 224)}
E2: {(4, 58), (5, 59), (55, 136), (118, 119), (0, 54), (217, 223), (153, 156), (169, 170), (101, 182), (153, 159), (100, 101), (122, 125), (125, 152), (78, 159), (189, 191), (54, 55), (120, 122), (218, 236), (72, 75), (136, 145), (156, 157), (136, 154), (4, 5), (49, 211), (124, 125), (43, 124), (191, 200), (20, 101), (55, 217), (118, 145), (19, 20), (191, 218), (91, 100), (89, 170), (55, 58), (119, 122), (49, 76), (55, 64), (109, 136), (54, 72), (45, 72), (217, 218), (135, 136), (169, 223), (153, 154), (100, 154), (75, 76), (19, 25), (5, 32), (189, 195)}
Obj: 30959

