Log for instance aco_tuning_out/inst12.txt.

Used ({'tau_0': 7.35696843598511e-06, 'xi': 0.13099405837312028, 'q0': 0.39430175087041053, 'alpha': 1.838983583452214, 'beta': 0.7213281426644318, 'rho': 0.11968092308615733, 'ants': 31}) and found best instance after 49.421875 seconds.
E1: {(166, 193), (162, 168), (162, 180), (125, 134), (39, 42), (30, 192), (192, 193), (30, 39), (99, 102), (180, 182), (124, 125), (168, 195), (118, 124), (43, 124), (39, 120), (36, 42), (30, 32), (89, 170), (36, 45), (109, 118), (192, 195), (168, 170), (42, 43), (91, 118), (0, 162), (193, 211), (99, 180)}
E2: {(38, 200), (15, 24), (166, 184), (58, 59), (55, 136), (21, 22), (15, 42), (184, 211), (38, 47), (142, 223), (24, 78), (22, 184), (136, 142), (142, 143), (47, 128), (21, 24), (89, 143), (22, 25), (58, 76), (155, 236), (155, 161), (55, 58), (76, 157), (128, 134), (42, 43), (109, 136), (55, 64), (22, 76), (128, 155), (135, 136), (32, 59), (152, 161), (21, 102), (15, 177), (143, 161), (45, 47)}
Obj: 29207

