Log for instance aco_tuning_out/inst15.txt.

Used ({'tau0': 1.3763468429827451e-06, 'xi': 0.13059886401904963, 'q0': 0.7970081104032578, 'alpha': 0.9961946895439933, 'beta': 0.8455334921092874, 'rho': 0.2687684260652423, 'ants': 32}) and found best instance after 21.890625 seconds.
E1: {(81, 82), (33, 42), (4, 58), (3, 4), (171, 177), (66, 228), (171, 198), (75, 78), (66, 75), (81, 84), (83, 164), (82, 83), (171, 173), (164, 173), (58, 67), (36, 198), (164, 182), (173, 200), (36, 42), (42, 43), (64, 67), (82, 91), (67, 148), (82, 109), (3, 84), (66, 67), (33, 195), (148, 157)}
E2: {(81, 82), (101, 155), (4, 58), (3, 4), (58, 59), (34, 196), (166, 193), (66, 228), (171, 180), (171, 177), (29, 32), (187, 188), (101, 182), (75, 78), (66, 75), (25, 187), (134, 161), (34, 43), (81, 84), (83, 164), (82, 83), (31, 193), (180, 182), (58, 67), (182, 188), (191, 200), (31, 34), (164, 191), (31, 58), (155, 161), (81, 135), (27, 45), (21, 75), (64, 67), (21, 23), (193, 211), (14, 23), (0, 3), (82, 109), (3, 84), (66, 67), (83, 89), (195, 196), (27, 29), (83, 101), (29, 191), (155, 236)}
Obj: 28220

