Log for instance aco_tuning_out/inst30.txt.

Used ({'tau0': 4.4510989038433445e-06, 'xi': 0.08945606202546638, 'q0': 0.47345622448593194, 'alpha': 1.2900775735272525, 'beta': 0.7464788134566036, 'rho': 0.4234734074527042, 'ants': 18}) and found best instance after 9.046875 seconds.
E1: {(120, 129), (162, 171), (55, 136), (20, 23), (102, 129), (171, 177), (118, 119), (20, 26), (162, 168), (64, 145), (47, 74), (190, 199), (208, 211), (29, 32), (1, 55), (29, 47), (190, 208), (23, 104), (125, 152), (102, 104), (136, 145), (20, 74), (168, 195), (0, 1), (118, 145), (19, 20), (119, 125), (128, 134), (119, 200), (109, 136), (119, 128), (0, 162), (74, 236), (14, 23), (91, 145), (118, 199), (1, 19), (25, 26)}
E2: {(136, 137), (162, 171), (55, 136), (171, 177), (119, 200), (125, 134), (64, 145), (1, 55), (217, 220), (171, 198), (236, 242), (125, 152), (166, 220), (162, 216), (218, 236), (77, 239), (136, 145), (162, 164), (219, 228), (77, 80), (216, 217), (0, 1), (45, 207), (164, 182), (55, 217), (125, 206), (195, 197), (135, 216), (157, 158), (197, 206), (110, 119), (26, 80), (119, 125), (109, 136), (158, 239), (110, 137), (217, 218), (239, 242), (216, 219), (91, 145), (198, 207), (25, 26)}
Obj: 33234

