Log for instance aco_tuning_out/inst03.txt.

Used ({'tau_0': 8.93751488559124e-06, 'xi': 0.07498280708831719, 'q0': 0.7003533283222684, 'alpha': 1.84655149702223, 'beta': 0.36999618301213544, 'rho': 0.353807119950786, 'ants': 24}) and found best instance after 14.75 seconds.
E1: {(192, 194), (200, 201), (128, 136), (193, 195), (193, 201), (136, 137), (204, 220), (177, 181), (15, 143), (101, 103), (211, 219), (196, 228), (58, 59), (133, 141), (228, 244), (210, 211), (114, 115), (114, 118), (187, 191), (132, 133), (53, 181), (56, 58), (36, 52), (192, 196), (83, 115), (194, 202), (220, 221), (147, 151), (92, 220), (20, 28), (15, 47), (24, 56), (4, 20), (49, 113), (135, 143), (133, 149), (49, 177), (39, 47), (143, 159), (132, 196), (20, 52), (115, 119), (195, 203), (54, 118), (200, 202), (240, 244), (24, 28), (56, 57), (128, 192), (175, 191), (203, 207), (59, 187), (141, 143), (4, 68), (203, 219), (200, 232), (4, 132), (113, 115), (9, 137), (103, 119), (65, 193), (196, 204), (83, 211), (151, 159)}
E2: {(192, 194), (136, 137), (128, 136), (200, 201), (193, 201), (171, 235), (200, 216), (243, 251), (58, 62), (4, 6), (12, 13), (43, 107), (99, 115), (133, 141), (43, 171), (0, 2), (128, 160), (40, 41), (34, 50), (4, 36), (148, 150), (132, 148), (14, 46), (249, 251), (6, 14), (9, 41), (192, 196), (193, 197), (1, 33), (206, 222), (194, 202), (180, 182), (26, 154), (12, 76), (245, 253), (48, 50), (49, 177), (9, 13), (143, 159), (194, 226), (1, 5), (10, 14), (46, 62), (2, 10), (132, 196), (76, 78), (172, 174), (1, 17), (45, 173), (200, 202), (249, 253), (13, 141), (128, 192), (166, 182), (98, 99), (2, 34), (50, 114), (107, 111), (141, 143), (99, 107), (194, 210), (46, 174), (98, 114), (5, 133), (78, 206), (107, 123), (9, 137), (0, 128), (26, 58), (196, 198), (115, 243), (141, 173), (62, 63), (13, 15), (150, 182), (17, 49)}
Obj: 40142

