Log for instance aco_tuning_out/inst18.txt.

Used ({'tau_0': 7.35696843598511e-06, 'xi': 0.13099405837312028, 'q0': 0.39430175087041053, 'alpha': 1.838983583452214, 'beta': 0.7213281426644318, 'rho': 0.11968092308615733, 'ants': 31}) and found best instance after 298.796875 seconds.
E1: {(136, 137), (128, 136), (193, 201), (99, 103), (82, 90), (3, 7), (58, 62), (5, 7), (39, 103), (128, 160), (244, 252), (85, 213), (62, 126), (197, 213), (45, 61), (193, 197), (82, 86), (147, 151), (21, 85), (80, 82), (22, 86), (31, 95), (5, 21), (22, 150), (103, 111), (31, 159), (46, 62), (236, 238), (244, 245), (29, 61), (213, 215), (6, 7), (151, 215), (31, 63), (137, 201), (6, 22), (213, 245), (54, 62), (21, 29), (7, 39), (57, 61), (9, 137), (66, 82), (22, 54), (236, 252), (151, 159), (209, 213)}
E2: {(168, 172), (25, 29), (160, 168), (72, 76), (154, 158), (124, 126), (168, 184), (114, 115), (82, 114), (252, 253), (100, 101), (28, 30), (172, 236), (115, 123), (244, 252), (168, 232), (30, 158), (25, 89), (82, 86), (108, 236), (28, 60), (221, 253), (80, 82), (22, 86), (5, 21), (40, 168), (22, 150), (142, 158), (236, 238), (244, 245), (28, 29), (76, 78), (9, 25), (240, 244), (24, 28), (82, 210), (162, 163), (76, 108), (60, 124), (160, 162), (124, 252), (51, 115), (21, 29), (113, 115), (22, 30), (66, 82), (100, 108), (22, 54), (236, 252)}
Obj: 27425

