Log for instance aco_tuning_out/inst09.txt.

Used ({'tau_0': 2.693231228771534e-06, 'xi': 0.06741045013783678, 'q0': 0.34341334065428447, 'alpha': 1.6251653731737596, 'beta': 0.8948148014172467, 'rho': 0.1267448319977672, 'ants': 32}) and found best instance after 29.203125 seconds.
E1: {(84, 87), (87, 89), (39, 42), (42, 69), (153, 156), (234, 236), (84, 102), (135, 153), (102, 156), (3, 165), (156, 157), (165, 166), (3, 12), (12, 39), (39, 120), (153, 234), (174, 177), (42, 43), (12, 14), (165, 174), (169, 223), (69, 78), (0, 3), (3, 84), (166, 169)}
E2: {(105, 107), (96, 177), (139, 157), (144, 150), (59, 140), (153, 156), (144, 153), (107, 134), (89, 107), (1, 82), (156, 157), (0, 1), (85, 139), (196, 214), (169, 196), (139, 140), (82, 85), (123, 150), (96, 105), (85, 166), (211, 214), (45, 72), (150, 152), (72, 153), (169, 223), (120, 123), (96, 123), (32, 59), (26, 107), (195, 196), (166, 169), (25, 26)}
Obj: 26061

