Log for instance aco_tuning_out/inst30.txt.

Used ({'tau0': 8.524438848395618e-06, 'xi': 0.08260719400248602, 'q0': 0.6770641636613806, 'alpha': 0.6089210219484695, 'beta': 0.5746980829231113, 'rho': 0.06462761009956378, 'ants': 17}) and found best instance after 156.5 seconds.
E1: {(111, 120), (81, 82), (171, 177), (125, 134), (64, 145), (210, 211), (84, 102), (84, 111), (151, 152), (218, 236), (83, 164), (81, 84), (82, 83), (171, 173), (145, 151), (79, 160), (124, 125), (111, 192), (164, 173), (173, 200), (25, 79), (192, 195), (151, 160), (164, 218), (82, 91), (3, 5), (192, 210), (5, 14), (0, 3), (82, 109), (3, 84), (91, 145), (124, 151), (5, 32)}
E2: {(145, 146), (4, 58), (3, 4), (55, 136), (171, 177), (64, 145), (171, 198), (76, 79), (195, 204), (83, 164), (171, 173), (82, 83), (136, 145), (164, 173), (36, 198), (58, 76), (164, 182), (173, 200), (4, 166), (36, 45), (25, 79), (55, 58), (76, 157), (128, 134), (146, 155), (82, 91), (146, 152), (128, 155), (135, 136), (201, 228), (82, 109), (0, 3), (198, 204), (82, 136), (198, 201), (155, 236)}
Obj: 30025

