Log for instance aco_tuning_out/inst06.txt.

Used ({'tau_0': 6.233831045293282e-06, 'xi': 0.10451661342493951, 'q0': 0.8893124268375978, 'alpha': 1.349306787935924, 'beta': 0.6109712049564031, 'rho': 0.46309129670203547, 'ants': 8}) and found best instance after 3.234375 seconds.
E1: {(177, 181), (105, 107), (244, 246), (28, 30), (156, 188), (231, 239), (96, 97), (105, 109), (31, 95), (31, 159), (130, 138), (29, 61), (166, 167), (240, 244), (24, 28), (108, 109), (156, 158), (5, 7), (210, 211), (1, 3), (158, 222), (7, 71), (165, 181), (14, 30), (95, 223), (138, 139), (1, 5), (129, 145), (213, 215), (230, 231), (135, 167), (249, 253), (76, 108), (188, 252), (71, 103), (98, 114), (7, 39), (30, 31), (215, 223), (96, 98), (200, 201), (99, 103), (165, 167), (87, 95), (97, 105), (91, 95), (174, 175), (45, 61), (221, 253), (49, 113), (49, 177), (143, 159), (212, 213), (172, 174), (28, 29), (76, 78), (199, 231), (110, 238), (105, 233), (194, 198), (180, 181), (139, 143), (46, 110), (200, 232), (23, 87), (78, 206), (19, 83), (192, 194), (206, 238), (201, 233), (252, 253), (198, 206), (53, 181), (207, 239), (85, 213), (143, 175), (6, 14), (174, 190), (83, 115), (206, 222), (89, 91), (17, 81), (19, 23), (17, 145), (198, 199), (230, 246), (81, 83), (237, 239), (99, 107), (113, 115), (83, 211), (175, 239)}
E2: {(177, 181), (105, 107), (2, 66), (244, 246), (156, 188), (96, 97), (18, 19), (105, 109), (188, 189), (162, 170), (31, 95), (31, 159), (166, 167), (2, 34), (0, 64), (97, 225), (95, 127), (132, 164), (90, 94), (243, 251), (108, 109), (156, 158), (5, 7), (70, 198), (0, 2), (1, 3), (158, 222), (7, 71), (249, 251), (64, 68), (44, 108), (165, 181), (95, 223), (97, 101), (1, 5), (129, 145), (132, 196), (213, 215), (230, 231), (36, 164), (249, 253), (188, 252), (76, 108), (71, 103), (66, 70), (195, 211), (30, 31), (215, 223), (119, 127), (193, 195), (99, 103), (162, 226), (188, 190), (165, 167), (163, 179), (40, 44), (87, 95), (97, 105), (187, 191), (91, 95), (193, 197), (49, 113), (49, 177), (143, 159), (212, 213), (244, 245), (76, 78), (199, 231), (180, 181), (23, 87), (78, 206), (196, 198), (115, 243), (19, 83), (193, 201), (252, 253), (198, 206), (30, 94), (143, 175), (83, 115), (206, 222), (89, 91), (17, 81), (19, 23), (17, 145), (198, 199), (226, 230), (81, 83), (175, 191), (230, 246), (99, 107), (113, 115), (179, 243), (83, 211)}
Obj: 45005

