Log for instance aco_tuning_out/inst06.txt.

Used ({'tau0': 4.822265207889503e-06, 'xi': 0.13540262306958187, 'q0': 0.6138627392147109, 'alpha': 1.667403283011879, 'beta': 1.0113699636281308, 'rho': 0.16684714562074338, 'ants': 26}) and found best instance after 92.015625 seconds.
E1: {(111, 239), (55, 63), (232, 236), (105, 107), (210, 242), (6, 134), (206, 238), (29, 93), (237, 253), (210, 211), (129, 131), (210, 214), (212, 214), (238, 239), (172, 236), (131, 135), (206, 207), (83, 211), (196, 212), (132, 148), (23, 55), (240, 242), (62, 190), (192, 196), (206, 222), (148, 180), (175, 239), (221, 253), (3, 131), (39, 47), (46, 62), (114, 242), (236, 238), (28, 29), (132, 196), (134, 166), (214, 222), (53, 55), (85, 93), (24, 28), (249, 253), (47, 63), (107, 111), (134, 135), (78, 206), (130, 134), (236, 237), (89, 93), (132, 134), (45, 47), (62, 63), (93, 221), (47, 111)}
E2: {(55, 63), (90, 91), (193, 195), (193, 201), (32, 34), (32, 40), (188, 190), (42, 170), (129, 131), (193, 225), (196, 197), (2, 66), (1, 3), (187, 191), (156, 188), (66, 194), (91, 95), (132, 148), (196, 212), (231, 239), (62, 190), (96, 97), (193, 197), (32, 36), (148, 180), (212, 244), (180, 188), (188, 189), (3, 131), (89, 91), (31, 95), (31, 159), (97, 101), (194, 226), (1, 5), (34, 42), (244, 245), (132, 196), (68, 196), (134, 166), (1, 17), (63, 191), (32, 96), (55, 119), (175, 191), (2, 34), (131, 163), (129, 193), (132, 134), (97, 225), (2, 18), (62, 63), (31, 63), (175, 239)}
Obj: 30680

