Log for instance aco_tuning_out/inst15.txt.

Used ({'tau_0': 1.6998009274389792e-06, 'xi': 0.07574288908876978, 'q0': 0.3437997878588728, 'alpha': 0.9960324515524092, 'beta': 0.6033193519507508, 'rho': 0.22849098583736227, 'ants': 30}) and found best instance after 97.453125 seconds.
E1: {(83, 110), (57, 219), (37, 64), (118, 119), (139, 157), (199, 205), (75, 78), (109, 110), (195, 204), (57, 75), (83, 164), (204, 231), (228, 231), (219, 228), (164, 182), (138, 139), (177, 231), (57, 138), (110, 119), (91, 118), (199, 200), (37, 199), (204, 205), (118, 199), (43, 205)}
E2: {(4, 58), (54, 135), (58, 59), (166, 193), (0, 54), (31, 32), (116, 134), (199, 205), (234, 236), (196, 197), (109, 110), (72, 234), (13, 14), (54, 55), (89, 116), (31, 193), (72, 78), (228, 231), (22, 25), (116, 197), (196, 205), (31, 58), (177, 231), (55, 58), (13, 22), (193, 196), (110, 116), (55, 64), (54, 72), (182, 236), (45, 72), (193, 211), (199, 200), (4, 22), (225, 231), (225, 234), (195, 196), (43, 205)}
Obj: 26441

