Log for instance aco_tuning_out/inst27.txt.

Used ({'tau_0': 5.888779735025123e-06, 'xi': 0.14210673593322504, 'q0': 0.5532221197439141, 'alpha': 1.4492226579119356, 'beta': 1.732090480737235, 'rho': 0.42744550361996797, 'ants': 10}) and found best instance after 4.640625 seconds.
E1: {(76, 92), (55, 63), (204, 220), (105, 107), (154, 158), (132, 164), (196, 228), (35, 39), (43, 171), (12, 28), (0, 2), (87, 95), (28, 30), (121, 249), (186, 250), (91, 95), (83, 211), (30, 158), (83, 115), (220, 221), (128, 144), (116, 124), (12, 76), (92, 220), (92, 124), (142, 143), (105, 121), (134, 142), (89, 91), (31, 95), (31, 159), (143, 159), (46, 62), (83, 87), (27, 91), (28, 29), (132, 196), (36, 164), (209, 211), (110, 238), (89, 121), (2, 34), (60, 124), (158, 190), (107, 111), (35, 43), (46, 110), (30, 62), (23, 87), (113, 115), (87, 215), (171, 187), (154, 186), (34, 35), (0, 128), (2, 3), (132, 134), (39, 55), (62, 63), (30, 31), (54, 62)}
E2: {(247, 255), (111, 239), (200, 216), (229, 237), (12, 13), (205, 237), (125, 253), (0, 2), (176, 240), (202, 234), (251, 255), (121, 249), (48, 176), (205, 221), (6, 14), (10, 42), (243, 247), (128, 144), (226, 234), (151, 159), (245, 247), (245, 253), (147, 151), (14, 15), (135, 143), (121, 123), (57, 59), (31, 159), (143, 159), (10, 14), (239, 255), (244, 245), (2, 10), (234, 250), (166, 167), (144, 176), (135, 167), (200, 202), (119, 247), (240, 244), (249, 253), (13, 141), (59, 123), (237, 239), (12, 14), (141, 143), (42, 58), (101, 229), (0, 128), (30, 31), (250, 251)}
Obj: 33348

