Log for instance aco_tuning_out/inst15.txt.

Used ({'tau0': 6.1953877645287985e-06, 'xi': 0.12592428493863295, 'q0': 0.5371346552036473, 'alpha': 0.6164150020009103, 'beta': 1.0047990339648631, 'rho': 0.10018538445968772, 'ants': 21}) and found best instance after 152.96875 seconds.
E1: {(231, 240), (37, 64), (159, 160), (199, 205), (195, 204), (157, 160), (37, 118), (172, 199), (204, 231), (228, 231), (173, 182), (173, 200), (177, 231), (109, 118), (78, 240), (91, 118), (37, 199), (172, 173), (159, 240), (204, 205), (43, 205)}
E2: {(83, 110), (29, 32), (131, 134), (72, 75), (204, 231), (164, 167), (25, 52), (166, 167), (177, 231), (59, 68), (83, 89), (48, 51), (75, 78), (51, 52), (228, 231), (209, 236), (66, 68), (191, 209), (201, 204), (0, 162), (204, 205), (43, 205), (39, 201), (109, 190), (39, 48), (195, 204), (39, 66), (83, 164), (162, 164), (211, 212), (135, 137), (164, 182), (164, 191), (192, 201), (192, 210), (14, 68), (48, 75), (209, 212), (200, 209), (29, 110), (131, 212), (64, 67), (45, 72), (110, 137), (190, 191), (210, 212), (66, 67)}
Obj: 26147

