Log for instance aco_tuning_out/inst18.txt.

Used ({'tau0': 9.375317187382458e-06, 'xi': 0.1262899054888864, 'q0': 0.7055217120426633, 'alpha': 1.8010444237149952, 'beta': 1.3070739401200755, 'rho': 0.0819059266997208, 'ants': 15}) and found best instance after 111.171875 seconds.
E1: {(136, 137), (128, 136), (193, 201), (81, 85), (58, 62), (206, 238), (128, 160), (87, 95), (1, 3), (1, 9), (244, 252), (158, 222), (85, 213), (62, 126), (197, 213), (45, 61), (209, 213), (193, 197), (206, 222), (61, 63), (147, 151), (90, 218), (70, 78), (39, 47), (46, 62), (1, 5), (244, 245), (29, 61), (213, 215), (85, 87), (110, 238), (151, 215), (137, 201), (47, 63), (54, 62), (107, 111), (213, 245), (99, 107), (46, 110), (78, 206), (150, 158), (218, 222), (66, 70), (80, 81), (57, 61), (9, 137), (62, 63), (158, 159), (6, 70), (151, 159), (47, 111)}
E2: {(128, 136), (136, 137), (72, 76), (154, 158), (108, 109), (60, 62), (163, 179), (206, 238), (101, 109), (128, 160), (210, 211), (114, 115), (40, 56), (252, 253), (132, 133), (244, 252), (158, 222), (30, 158), (62, 126), (136, 200), (128, 132), (72, 200), (83, 115), (206, 222), (221, 253), (70, 78), (24, 56), (142, 158), (244, 245), (76, 78), (184, 188), (240, 244), (56, 60), (81, 83), (81, 89), (51, 115), (188, 252), (76, 108), (51, 179), (60, 188), (30, 62), (200, 232), (113, 115), (78, 206), (150, 158), (5, 133), (80, 81), (66, 70), (9, 137), (70, 86), (122, 126), (114, 122), (122, 123), (83, 211), (172, 188), (54, 62)}
Obj: 29761

