Log for instance aco_tuning_out/inst30.txt.

Used ({'tau0': 1.4630188820263259e-06, 'xi': 0.0776783694791692, 'q0': 0.7839075030693623, 'alpha': 0.5603503117369445, 'beta': 0.5204984007438819, 'rho': 0.4796233950660777, 'ants': 12}) and found best instance after 5.59375 seconds.
E1: {(212, 239), (33, 42), (171, 174), (162, 171), (32, 113), (179, 233), (176, 185), (171, 198), (178, 179), (71, 233), (109, 110), (152, 233), (185, 239), (102, 104), (174, 175), (97, 178), (64, 65), (96, 97), (200, 209), (209, 215), (211, 212), (36, 198), (209, 236), (134, 215), (38, 119), (91, 97), (175, 176), (36, 42), (175, 178), (110, 113), (110, 119), (174, 177), (14, 176), (158, 239), (0, 162), (25, 106), (104, 158), (96, 123), (97, 106), (65, 71), (33, 195), (36, 38), (212, 215), (120, 123)}
E2: {(163, 164), (3, 4), (4, 58), (162, 171), (39, 201), (118, 119), (10, 64), (171, 198), (76, 79), (125, 152), (81, 84), (171, 173), (209, 215), (195, 222), (163, 166), (164, 173), (36, 198), (58, 76), (173, 182), (209, 236), (191, 209), (134, 215), (135, 216), (38, 119), (164, 191), (36, 39), (173, 200), (27, 36), (25, 79), (174, 177), (109, 118), (81, 135), (27, 45), (119, 125), (76, 157), (91, 118), (171, 172), (0, 162), (10, 172), (81, 162), (174, 201), (3, 84), (216, 222), (174, 228), (36, 38)}
Obj: 36028

