Log for instance aco_tuning_out/inst24.txt.

Used ({'tau0': 9.563421643378381e-06, 'xi': 0.09724359984230846, 'q0': 0.3832373282206037, 'alpha': 0.33412689971093434, 'beta': 0.5388896399688413, 'rho': 0.11521783790776492, 'ants': 25}) and found best instance after 177.21875 seconds.
E1: {(44, 45), (122, 250), (240, 242), (58, 122), (57, 59), (2, 34), (158, 190), (160, 162), (243, 251), (0, 2), (7, 71), (249, 251), (88, 90), (44, 108), (106, 122), (249, 253), (130, 162), (88, 92), (43, 59), (10, 74), (130, 146), (154, 158), (146, 154), (40, 44), (34, 162), (221, 253), (15, 47), (0, 4), (143, 159), (2, 10), (235, 251), (74, 90), (139, 143), (43, 47), (242, 250), (45, 47), (250, 251), (15, 143), (4, 12), (252, 253), (144, 146), (7, 15), (141, 143), (90, 122), (158, 159)}
E2: {(146, 178), (58, 122), (90, 218), (88, 120), (166, 167), (53, 55), (2, 34), (5, 69), (218, 222), (89, 93), (55, 63), (60, 62), (88, 90), (191, 255), (165, 181), (69, 85), (106, 122), (230, 231), (10, 74), (195, 211), (34, 50), (58, 62), (165, 167), (187, 191), (146, 147), (173, 237), (2, 10), (74, 90), (88, 89), (55, 183), (180, 181), (147, 211), (228, 230), (62, 63), (183, 191), (167, 231), (53, 181), (21, 85), (144, 146), (226, 230), (175, 191), (50, 114), (50, 178), (173, 175), (90, 122), (21, 53), (93, 221)}
Obj: 26689

