Log for instance aco_tuning_out/inst30.txt.

Used ({'tau_0': 5.471123269221564e-06, 'xi': 0.0880541662185767, 'q0': 0.30146902385350893, 'alpha': 1.0903620529266727, 'beta': 0.772236865018257, 'rho': 0.4288390189950044, 'ants': 23}) and found best instance after 13.984375 seconds.
E1: {(93, 102), (33, 42), (162, 171), (14, 68), (119, 200), (171, 177), (32, 113), (159, 160), (64, 145), (203, 230), (109, 110), (236, 242), (151, 152), (117, 123), (240, 242), (200, 203), (145, 151), (202, 203), (79, 160), (90, 93), (42, 123), (68, 230), (90, 117), (117, 119), (123, 132), (25, 79), (110, 113), (110, 119), (151, 160), (132, 159), (0, 162), (202, 211), (90, 171), (91, 145), (159, 240), (132, 134), (33, 195), (120, 123)}
E2: {(166, 175), (226, 229), (109, 190), (189, 216), (228, 229), (190, 199), (97, 151), (16, 178), (175, 229), (199, 226), (151, 152), (97, 178), (200, 206), (209, 215), (16, 25), (189, 195), (0, 18), (133, 134), (209, 236), (64, 226), (135, 216), (182, 209), (189, 190), (91, 97), (175, 178), (76, 157), (151, 160), (206, 215), (21, 75), (18, 21), (199, 200), (18, 45), (75, 76), (133, 160), (157, 160), (177, 178)}
Obj: 33693

