Log for instance aco_tuning_out/inst15.txt.

Used ({'tau_0': 1.34326092400037e-06, 'xi': 0.13441645763893803, 'q0': 0.4083523399061119, 'alpha': 0.5070175800996563, 'beta': 0.9994669821848109, 'rho': 0.2873914507152631, 'ants': 17}) and found best instance after 62.375 seconds.
E1: {(231, 240), (37, 64), (99, 100), (199, 205), (195, 204), (204, 231), (180, 182), (103, 157), (228, 231), (177, 204), (100, 103), (91, 100), (109, 118), (78, 240), (91, 118), (199, 200), (37, 199), (99, 180), (204, 205), (118, 199), (37, 43)}
E2: {(226, 229), (37, 64), (5, 59), (6, 24), (228, 229), (24, 51), (185, 212), (135, 144), (236, 239), (167, 185), (131, 134), (238, 239), (185, 239), (6, 8), (168, 177), (182, 185), (168, 195), (118, 145), (45, 51), (166, 167), (109, 118), (24, 25), (5, 167), (131, 212), (145, 226), (229, 238), (144, 145), (199, 200), (5, 8), (37, 199), (5, 14), (6, 168), (0, 6), (211, 238), (5, 32), (51, 78), (118, 199), (8, 89), (37, 43)}
Obj: 24851

