Log for instance aco_tuning_out/inst06.txt.

Used ({'tau_0': 9.24915798617957e-06, 'xi': 0.05399113180694906, 'q0': 0.5348646852525689, 'alpha': 0.8177192610685395, 'beta': 1.9504865720120417, 'rho': 0.35361961105123524, 'ants': 16}) and found best instance after 20.171875 seconds.
E1: {(128, 130), (232, 236), (243, 251), (220, 222), (84, 212), (86, 87), (206, 238), (176, 240), (210, 211), (87, 95), (104, 105), (114, 115), (49, 53), (2, 130), (178, 182), (172, 236), (91, 95), (206, 207), (128, 129), (249, 251), (24, 26), (6, 14), (143, 175), (174, 190), (83, 115), (206, 222), (220, 221), (180, 182), (84, 86), (46, 47), (176, 178), (70, 78), (89, 91), (135, 143), (49, 113), (39, 47), (104, 232), (83, 87), (172, 174), (10, 14), (2, 10), (85, 87), (10, 26), (174, 238), (128, 192), (166, 182), (182, 190), (23, 87), (46, 174), (113, 115), (78, 206), (143, 207), (70, 86), (2, 3), (236, 237), (115, 243), (45, 47), (83, 211), (6, 70)}
E2: {(90, 91), (193, 195), (193, 201), (32, 34), (32, 40), (132, 164), (98, 226), (162, 226), (42, 170), (68, 100), (84, 212), (181, 245), (86, 87), (164, 180), (193, 225), (87, 95), (1, 3), (100, 101), (187, 191), (157, 159), (91, 95), (189, 191), (68, 84), (87, 119), (193, 197), (32, 36), (156, 157), (84, 86), (157, 189), (89, 91), (181, 189), (1, 5), (17, 145), (129, 145), (36, 100), (199, 231), (36, 164), (32, 96), (162, 166), (175, 191), (180, 181), (66, 98), (2, 34), (162, 163), (190, 191), (40, 42), (129, 193), (195, 199), (1, 129), (2, 3), (2, 18), (96, 98)}
Obj: 33053

