Log for instance aco_tuning_out/inst12.txt.

Used ({'tau0': 4.854876741746394e-06, 'xi': 0.1452545140568255, 'q0': 0.42195591018398276, 'alpha': 0.3555439034289861, 'beta': 0.8668501148752592, 'rho': 0.11887721475075397, 'ants': 32}) and found best instance after 282.25 seconds.
E1: {(90, 91), (36, 117), (162, 171), (165, 167), (87, 89), (194, 212), (171, 198), (81, 87), (211, 212), (99, 102), (182, 185), (134, 215), (99, 126), (195, 197), (166, 167), (192, 210), (81, 162), (207, 210), (189, 192), (37, 43), (111, 120), (81, 82), (162, 165), (185, 212), (162, 189), (36, 37), (0, 81), (117, 126), (81, 90), (111, 192), (36, 198), (45, 207), (32, 194), (197, 215), (82, 109), (210, 212), (212, 215)}
E2: {(105, 107), (40, 41), (100, 101), (57, 75), (89, 107), (74, 155), (200, 206), (73, 74), (99, 102), (40, 43), (57, 59), (129, 130), (100, 103), (130, 211), (75, 156), (64, 73), (136, 217), (22, 103), (203, 206), (136, 137), (45, 126), (108, 109), (171, 177), (75, 78), (22, 25), (127, 154), (110, 113), (99, 101), (128, 155), (101, 128), (217, 223), (125, 152), (99, 105), (136, 154), (40, 202), (135, 137), (41, 203), (108, 110), (202, 211), (74, 236), (90, 171), (153, 154), (166, 184), (32, 113), (126, 129), (153, 156), (134, 161), (103, 130), (22, 184), (81, 90), (103, 157), (127, 130), (81, 108), (108, 126), (125, 206), (155, 161)}
Obj: 36777

