Log for instance aco_tuning_out/inst03.txt.

Used ({'tau0': 3.0123184321619356e-06, 'xi': 0.12162366348291398, 'q0': 0.6525057095214953, 'alpha': 0.3418731697773203, 'beta': 1.7855031617760102, 'rho': 0.2482497904794193, 'ants': 32}) and found best instance after 193.125 seconds.
E1: {(196, 228), (219, 223), (155, 187), (211, 219), (147, 155), (20, 148), (210, 211), (187, 191), (221, 223), (36, 37), (37, 39), (132, 148), (224, 228), (65, 97), (224, 240), (194, 202), (52, 54), (20, 28), (97, 101), (207, 223), (132, 196), (20, 52), (97, 113), (148, 149), (68, 196), (9, 25), (24, 25), (115, 119), (24, 28), (37, 53), (175, 191), (147, 211), (194, 198), (134, 135), (52, 53), (194, 210), (113, 115), (25, 57), (196, 198), (132, 134), (196, 204), (28, 92), (37, 101), (195, 211), (224, 232)}
E2: {(192, 194), (177, 181), (32, 34), (132, 164), (193, 201), (32, 40), (98, 226), (107, 235), (43, 107), (13, 45), (5, 13), (181, 245), (216, 218), (164, 180), (34, 98), (198, 206), (192, 193), (0, 32), (193, 197), (32, 36), (59, 63), (206, 222), (1, 33), (154, 218), (32, 48), (0, 1), (194, 226), (31, 159), (9, 13), (1, 5), (132, 196), (134, 166), (1, 17), (32, 160), (98, 99), (59, 123), (194, 198), (107, 111), (180, 181), (99, 107), (194, 210), (164, 172), (98, 114), (43, 59), (218, 222), (134, 150), (196, 198), (132, 134), (13, 15), (31, 63)}
Obj: 28447

