Log for instance aco_tuning_out/inst21.txt.

Used ({'tau0': 1.3887935962446564e-06, 'xi': 0.06336511258122715, 'q0': 0.5149941610044446, 'alpha': 1.5531450358806447, 'beta': 0.41875271579630713, 'rho': 0.16981098283759344, 'ants': 13}) and found best instance after 8.671875 seconds.
E1: {(3, 4), (31, 32), (179, 233), (71, 233), (152, 233), (38, 65), (64, 65), (81, 84), (4, 5), (173, 176), (173, 179), (166, 169), (173, 182), (169, 178), (173, 200), (175, 176), (36, 45), (81, 135), (14, 176), (169, 223), (5, 14), (3, 84), (4, 31), (65, 71), (174, 228), (36, 38), (175, 178), (174, 176), (177, 178)}
E2: {(38, 200), (101, 155), (162, 171), (55, 136), (162, 168), (118, 119), (29, 32), (92, 146), (171, 198), (89, 98), (29, 56), (100, 101), (121, 130), (121, 148), (162, 216), (55, 56), (34, 61), (145, 148), (136, 145), (60, 61), (103, 157), (36, 198), (168, 195), (20, 101), (135, 216), (118, 145), (38, 119), (37, 38), (100, 103), (109, 115), (19, 20), (155, 236), (34, 115), (109, 118), (91, 100), (36, 45), (155, 161), (130, 211), (120, 121), (37, 43), (55, 64), (91, 118), (146, 155), (0, 162), (152, 161), (60, 78), (19, 25), (56, 59), (36, 38), (92, 98), (20, 182), (61, 223)}
Obj: 32403

