Log for instance aco_tuning_out/inst21.txt.

Used ({'tau0': 1.909159906569024e-06, 'xi': 0.11956886836355252, 'q0': 0.3752425237189395, 'alpha': 1.7473087080286895, 'beta': 0.3768151318487377, 'rho': 0.3399270042677068, 'ants': 31}) and found best instance after 16.40625 seconds.
E1: {(166, 175), (14, 68), (55, 136), (175, 202), (194, 203), (105, 186), (66, 228), (106, 160), (101, 182), (66, 75), (100, 101), (142, 223), (151, 152), (174, 175), (105, 106), (200, 203), (72, 75), (136, 142), (177, 186), (202, 203), (66, 68), (32, 194), (100, 106), (174, 177), (151, 160), (55, 64), (45, 72), (135, 136), (142, 151), (174, 228)}
E2: {(18, 72), (58, 59), (18, 20), (55, 136), (119, 200), (118, 119), (208, 211), (180, 207), (101, 182), (100, 101), (152, 233), (117, 120), (151, 152), (89, 107), (154, 157), (136, 145), (72, 78), (195, 222), (136, 154), (207, 208), (118, 124), (222, 224), (43, 124), (20, 101), (118, 145), (19, 20), (18, 180), (109, 118), (55, 58), (224, 233), (91, 118), (55, 64), (182, 236), (45, 72), (135, 136), (101, 107), (32, 59), (100, 154), (124, 151), (19, 25), (117, 118), (0, 18), (223, 224)}
Obj: 30656

