Log for instance aco_tuning_out/inst15.txt.

Used ({'tau_0': 4.854876741746394e-06, 'xi': 0.1452545140568255, 'q0': 0.42195591018398276, 'alpha': 0.3555439034289861, 'beta': 0.8668501148752592, 'rho': 0.11887721475075397, 'ants': 32}) and found best instance after 245.484375 seconds.
E1: {(171, 198), (42, 43), (174, 201), (198, 201), (36, 198), (201, 204), (118, 199), (195, 204), (198, 200), (145, 148), (36, 42), (174, 177), (42, 51), (64, 145), (91, 92), (92, 173), (171, 173), (173, 182), (118, 145), (198, 199), (109, 118), (201, 228), (51, 78), (148, 157)}
E2: {(201, 203), (234, 236), (112, 130), (133, 134), (21, 48), (109, 115), (166, 167), (81, 135), (42, 43), (18, 21), (174, 201), (83, 89), (174, 228), (198, 201), (33, 42), (48, 51), (180, 207), (114, 115), (130, 133), (24, 78), (35, 197), (33, 35), (180, 182), (36, 198), (35, 53), (35, 62), (112, 193), (36, 63), (25, 106), (32, 50), (193, 211), (33, 195), (198, 207), (63, 65), (0, 54), (33, 51), (112, 115), (167, 170), (64, 65), (83, 164), (200, 203), (41, 203), (36, 42), (174, 177), (50, 53), (18, 45), (14, 41), (170, 197), (106, 133), (15, 24), (15, 42), (33, 114), (164, 170), (54, 63), (81, 83), (59, 62), (207, 234)}
Obj: 29706

