Log for instance aco_tuning_out/inst30.txt.

Used ({'tau0': 7.0057149642065636e-06, 'xi': 0.149252803480768, 'q0': 0.4567360890655719, 'alpha': 0.7950975145067807, 'beta': 0.7667552217352966, 'rho': 0.11974195928540937, 'ants': 28}) and found best instance after 127.375 seconds.
E1: {(145, 146), (105, 107), (39, 201), (162, 171), (171, 177), (105, 186), (64, 145), (210, 211), (107, 134), (171, 198), (195, 213), (186, 213), (105, 106), (209, 212), (39, 41), (209, 236), (210, 213), (118, 145), (198, 199), (39, 120), (109, 118), (201, 210), (0, 162), (32, 41), (146, 152), (25, 106), (199, 200), (210, 212), (91, 145), (118, 199), (102, 105), (14, 41), (198, 201)}
E2: {(145, 146), (162, 171), (19, 46), (171, 198), (136, 145), (145, 154), (133, 134), (135, 137), (127, 133), (182, 209), (117, 198), (91, 145), (47, 209), (174, 228), (117, 118), (136, 137), (162, 165), (171, 177), (64, 145), (162, 189), (46, 127), (45, 46), (154, 157), (200, 209), (165, 166), (46, 47), (118, 127), (209, 236), (118, 145), (109, 118), (0, 162), (146, 152), (165, 174), (19, 25), (189, 195)}
Obj: 29001

