Log for instance aco_tuning_out/inst09.txt.

Used ({'tau_0': 9.375317187382458e-06, 'xi': 0.1262899054888864, 'q0': 0.7055217120426633, 'alpha': 1.8010444237149952, 'beta': 1.3070739401200755, 'rho': 0.0819059266997208, 'ants': 15}) and found best instance after 25.28125 seconds.
E1: {(166, 175), (18, 72), (18, 20), (151, 232), (83, 101), (171, 198), (234, 236), (100, 101), (135, 153), (223, 232), (83, 164), (171, 173), (72, 78), (103, 157), (173, 176), (164, 173), (120, 201), (43, 124), (20, 101), (100, 103), (102, 103), (153, 234), (175, 176), (175, 178), (14, 176), (72, 153), (178, 232), (124, 151), (83, 89), (0, 18), (198, 201), (177, 178)}
E2: {(166, 175), (106, 133), (4, 58), (3, 4), (58, 59), (31, 32), (208, 214), (133, 214), (152, 233), (97, 178), (223, 232), (96, 97), (133, 134), (84, 86), (207, 208), (86, 89), (58, 76), (45, 207), (31, 58), (114, 123), (4, 166), (76, 157), (177, 178), (211, 214), (25, 106), (178, 232), (96, 123), (0, 3), (3, 84), (97, 106), (175, 178), (114, 195), (232, 233), (120, 123)}
Obj: 27823

