Log for instance aco_tuning_out/inst12.txt.

Used ({'tau_0': 1.7311092028219667e-06, 'xi': 0.08252852050291277, 'q0': 0.30102382451999166, 'alpha': 1.4307200972470873, 'beta': 1.366990204180299, 'rho': 0.3910589486840866, 'ants': 12}) and found best instance after 5.328125 seconds.
E1: {(33, 42), (51, 53), (42, 51), (21, 22), (118, 119), (43, 52), (39, 42), (89, 116), (33, 35), (51, 52), (86, 89), (39, 41), (49, 52), (19, 20), (39, 120), (22, 49), (45, 51), (109, 118), (110, 119), (110, 116), (53, 134), (18, 21), (91, 118), (211, 214), (85, 166), (32, 41), (35, 116), (0, 9), (21, 102), (9, 18), (85, 86), (19, 22), (33, 195), (20, 182), (52, 214)}
E2: {(166, 175), (175, 184), (58, 59), (51, 53), (55, 136), (171, 177), (175, 202), (116, 125), (38, 41), (184, 211), (53, 215), (40, 41), (171, 198), (234, 236), (98, 125), (135, 153), (54, 55), (121, 148), (174, 175), (192, 193), (89, 116), (98, 152), (200, 206), (102, 183), (72, 78), (40, 202), (51, 52), (58, 67), (36, 198), (25, 52), (40, 43), (125, 206), (116, 197), (121, 202), (153, 234), (54, 63), (40, 67), (174, 183), (197, 215), (41, 44), (53, 134), (36, 63), (109, 136), (55, 64), (54, 72), (32, 41), (220, 223), (45, 72), (72, 153), (193, 220), (165, 183), (44, 125), (165, 192), (36, 38), (148, 157)}
Obj: 35285

