Log for instance aco_tuning_out/inst27.txt.

Used ({'tau_0': 1.774794369235601e-06, 'xi': 0.05178086251934671, 'q0': 0.765199417754037, 'alpha': 1.7110920267750438, 'beta': 1.3090193389783644, 'rho': 0.2964096563219366, 'ants': 12}) and found best instance after 4.859375 seconds.
E1: {(128, 136), (243, 251), (108, 109), (146, 154), (136, 152), (4, 6), (43, 171), (116, 244), (228, 244), (0, 2), (87, 95), (34, 50), (187, 191), (114, 118), (221, 223), (4, 36), (27, 31), (158, 222), (76, 204), (30, 158), (215, 223), (249, 251), (143, 175), (6, 14), (128, 132), (146, 147), (45, 61), (206, 222), (116, 118), (142, 143), (147, 151), (60, 61), (221, 253), (144, 152), (31, 95), (142, 158), (39, 47), (143, 159), (46, 62), (10, 14), (114, 242), (2, 10), (29, 61), (213, 215), (76, 78), (54, 118), (45, 109), (63, 191), (249, 253), (110, 238), (175, 191), (47, 63), (2, 34), (50, 114), (76, 108), (158, 190), (222, 223), (46, 110), (23, 87), (171, 187), (78, 206), (113, 115), (14, 142), (0, 128), (2, 3), (115, 243), (242, 250), (62, 63), (109, 111), (30, 31), (151, 159), (209, 213)}
E2: {(177, 181), (105, 107), (90, 94), (243, 251), (108, 109), (165, 167), (12, 13), (216, 218), (97, 105), (244, 246), (147, 179), (251, 255), (221, 223), (198, 206), (30, 94), (56, 58), (249, 251), (6, 14), (202, 206), (105, 109), (206, 222), (10, 42), (198, 230), (12, 76), (90, 218), (221, 253), (93, 125), (14, 15), (165, 181), (144, 152), (49, 113), (97, 101), (49, 177), (48, 56), (10, 14), (115, 119), (76, 78), (166, 167), (123, 251), (249, 253), (13, 141), (240, 244), (56, 57), (226, 230), (230, 246), (218, 250), (6, 22), (107, 111), (76, 108), (222, 223), (42, 58), (113, 115), (78, 206), (22, 30), (152, 216), (179, 243), (49, 57), (115, 243), (93, 221)}
Obj: 36873

