Log for instance aco_tuning_out/inst03.txt.

Used ({'tau_0': 4.426929263156353e-06, 'xi': 0.06025838234537617, 'q0': 0.705001489203017, 'alpha': 1.7379886783859488, 'beta': 1.7095931918554976, 'rho': 0.10716913974093385, 'ants': 23}) and found best instance after 45.875 seconds.
E1: {(76, 92), (136, 137), (55, 63), (196, 228), (211, 219), (228, 244), (137, 169), (29, 157), (210, 211), (157, 221), (187, 191), (4, 36), (198, 206), (206, 207), (76, 204), (65, 97), (194, 202), (61, 63), (20, 28), (4, 20), (169, 233), (97, 101), (132, 196), (28, 29), (29, 61), (68, 196), (149, 157), (115, 119), (53, 55), (63, 191), (97, 113), (240, 244), (24, 28), (55, 119), (175, 191), (194, 198), (147, 211), (54, 62), (134, 135), (194, 210), (4, 132), (113, 115), (9, 137), (57, 61), (196, 198), (132, 134), (28, 92), (39, 55), (62, 63), (195, 211), (132, 140), (232, 233), (136, 140)}
E2: {(177, 181), (32, 34), (32, 40), (193, 201), (15, 143), (44, 45), (98, 226), (154, 158), (107, 235), (43, 107), (5, 7), (181, 245), (216, 218), (40, 44), (196, 197), (34, 98), (158, 222), (192, 193), (32, 33), (0, 32), (128, 132), (193, 197), (32, 36), (59, 63), (142, 143), (44, 172), (32, 48), (142, 158), (49, 177), (143, 159), (132, 196), (134, 166), (32, 160), (137, 201), (7, 15), (180, 181), (98, 99), (59, 123), (33, 49), (107, 111), (99, 107), (98, 114), (150, 158), (43, 59), (218, 222), (0, 128), (9, 137), (134, 150), (210, 218), (132, 134), (196, 198), (17, 49)}
Obj: 31798

