Log for instance aco_tuning_out/inst18.txt.

Used ({'tau0': 4.324890613407541e-06, 'xi': 0.12290267674013398, 'q0': 0.47304418264323866, 'alpha': 0.9643516325370455, 'beta': 0.8937714391186662, 'rho': 0.17837160642396882, 'ants': 18}) and found best instance after 195.140625 seconds.
E1: {(136, 137), (128, 136), (193, 201), (81, 85), (3, 7), (58, 62), (5, 7), (5, 13), (150, 151), (128, 160), (85, 213), (62, 126), (197, 213), (45, 61), (110, 126), (13, 29), (193, 197), (238, 254), (61, 63), (147, 151), (3, 67), (9, 13), (46, 62), (66, 74), (29, 61), (213, 215), (74, 90), (6, 7), (151, 215), (110, 238), (137, 201), (111, 127), (54, 62), (213, 245), (126, 127), (7, 39), (80, 81), (9, 137), (57, 61), (66, 67), (67, 99), (252, 254), (62, 63), (95, 127), (151, 159), (209, 213)}
E2: {(168, 172), (160, 168), (154, 158), (168, 184), (60, 62), (163, 179), (72, 88), (113, 117), (8, 9), (210, 214), (114, 118), (123, 127), (220, 252), (8, 24), (78, 110), (1, 9), (244, 252), (117, 245), (168, 232), (62, 126), (30, 158), (110, 126), (220, 221), (86, 214), (101, 117), (49, 113), (40, 168), (142, 158), (80, 88), (74, 78), (1, 5), (244, 245), (66, 74), (54, 118), (88, 89), (72, 74), (240, 244), (110, 238), (108, 110), (188, 252), (60, 188), (51, 179), (126, 127), (30, 62), (150, 158), (49, 51), (86, 118), (172, 188), (54, 62), (8, 40)}
Obj: 28641

