Log for instance aco_tuning_out/inst12.txt.

Used ({'tau_0': 5.7232384546733595e-06, 'xi': 0.1429672685027304, 'q0': 0.57445047410033, 'alpha': 1.4195433954167913, 'beta': 1.4047255855017542, 'rho': 0.4106053256096564, 'ants': 31}) and found best instance after 20.953125 seconds.
E1: {(43, 205), (81, 82), (166, 175), (212, 215), (175, 202), (29, 32), (84, 102), (162, 189), (29, 47), (83, 164), (162, 164), (82, 83), (81, 84), (164, 173), (94, 121), (86, 89), (27, 189), (173, 182), (86, 95), (134, 215), (50, 212), (121, 202), (120, 121), (82, 91), (202, 205), (202, 211), (0, 162), (82, 109), (83, 86), (27, 29), (45, 47), (189, 195), (94, 95), (47, 50)}
E2: {(81, 82), (226, 232), (3, 4), (4, 58), (58, 59), (84, 87), (118, 119), (87, 89), (199, 202), (199, 205), (84, 102), (75, 78), (100, 101), (236, 242), (149, 152), (201, 202), (223, 232), (81, 84), (72, 75), (77, 239), (58, 76), (135, 137), (20, 101), (75, 77), (64, 226), (19, 20), (4, 166), (174, 177), (76, 157), (128, 134), (146, 149), (119, 128), (137, 146), (205, 232), (202, 211), (45, 72), (32, 50), (119, 146), (174, 201), (82, 100), (239, 242), (199, 200), (50, 77), (82, 109), (3, 84), (19, 25), (76, 77), (118, 199), (101, 128), (43, 205)}
Obj: 33025

