Log for instance aco_tuning_out/inst24.txt.

Used ({'tau_0': 5.886189817315941e-06, 'xi': 0.08222368157872886, 'q0': 0.5177131034654385, 'alpha': 1.8715621976373542, 'beta': 1.496250370264296, 'rho': 0.33920762188241993, 'ants': 22}) and found best instance after 11.578125 seconds.
E1: {(128, 130), (76, 92), (15, 79), (58, 59), (108, 109), (12, 13), (13, 45), (125, 253), (51, 59), (0, 2), (176, 240), (40, 41), (252, 253), (186, 250), (109, 125), (10, 42), (41, 45), (154, 218), (58, 186), (128, 144), (90, 218), (41, 57), (221, 253), (78, 79), (234, 235), (106, 110), (143, 159), (2, 10), (234, 250), (76, 78), (144, 176), (130, 162), (13, 141), (71, 79), (108, 110), (218, 250), (2, 34), (42, 46), (139, 143), (51, 115), (76, 108), (141, 143), (46, 110), (42, 58), (40, 42), (43, 59), (0, 128), (186, 190), (115, 243), (160, 162)}
E2: {(55, 63), (177, 181), (99, 103), (88, 216), (220, 222), (99, 115), (228, 244), (0, 2), (237, 253), (216, 218), (103, 231), (146, 178), (1, 3), (147, 179), (34, 98), (179, 187), (53, 117), (253, 255), (53, 181), (117, 245), (231, 239), (166, 230), (146, 147), (83, 115), (220, 221), (128, 144), (90, 218), (221, 253), (216, 220), (88, 120), (165, 181), (179, 183), (106, 107), (1, 5), (239, 255), (244, 245), (2, 10), (230, 231), (88, 89), (55, 183), (177, 179), (226, 230), (56, 60), (98, 99), (2, 34), (147, 211), (180, 181), (85, 117), (99, 107), (56, 120), (98, 114), (0, 128), (2, 3), (83, 211), (195, 211), (175, 239)}
Obj: 31348

