Log for instance aco_tuning_out/inst21.txt.

Used ({'tau0': 5.726334506587264e-06, 'xi': 0.09378720394945064, 'q0': 0.4650245999867171, 'alpha': 1.6109205787989367, 'beta': 0.9785683305047798, 'rho': 0.3960780669283891, 'ants': 24}) and found best instance after 10.703125 seconds.
E1: {(23, 77), (47, 74), (29, 32), (176, 185), (29, 47), (223, 232), (83, 164), (165, 166), (228, 231), (164, 173), (173, 176), (182, 185), (173, 200), (177, 231), (231, 232), (174, 177), (81, 135), (64, 70), (23, 185), (81, 83), (14, 176), (150, 152), (165, 174), (74, 77), (150, 231), (45, 47), (174, 176), (70, 232)}
E2: {(111, 120), (111, 129), (45, 126), (119, 200), (84, 87), (118, 119), (6, 24), (88, 115), (139, 157), (135, 138), (126, 129), (179, 233), (62, 224), (43, 70), (84, 111), (236, 242), (152, 233), (223, 224), (24, 78), (115, 196), (83, 164), (82, 83), (84, 138), (6, 87), (7, 25), (164, 173), (173, 179), (173, 182), (138, 139), (129, 130), (233, 242), (85, 139), (35, 62), (88, 89), (130, 211), (224, 233), (32, 35), (64, 70), (82, 85), (91, 118), (82, 91), (82, 88), (59, 62), (7, 88), (82, 109), (0, 3), (3, 84), (195, 196), (232, 233), (70, 232)}
Obj: 31133

