Log for instance aco_tuning_out/inst24.txt.

Used ({'tau0': 6.651155935593466e-06, 'xi': 0.0698190378741818, 'q0': 0.8638669115585977, 'alpha': 1.1622049190539232, 'beta': 1.595958584283492, 'rho': 0.31540247478897615, 'ants': 9}) and found best instance after 4.75 seconds.
E1: {(105, 107), (90, 94), (99, 103), (243, 251), (146, 154), (155, 187), (108, 109), (147, 155), (43, 107), (12, 13), (171, 235), (43, 171), (44, 45), (0, 2), (40, 44), (252, 253), (2, 130), (34, 98), (48, 176), (187, 191), (179, 187), (30, 94), (56, 58), (174, 175), (240, 242), (249, 251), (174, 190), (146, 147), (10, 42), (105, 109), (220, 221), (44, 108), (12, 76), (221, 253), (14, 15), (14, 30), (48, 56), (31, 159), (143, 159), (114, 242), (10, 14), (2, 10), (106, 122), (144, 176), (56, 57), (32, 96), (249, 253), (32, 160), (13, 141), (175, 191), (139, 143), (2, 34), (76, 108), (99, 107), (71, 103), (139, 155), (42, 58), (98, 114), (171, 187), (90, 122), (179, 243), (242, 250), (92, 220), (30, 31), (96, 98)}
E2: {(55, 63), (193, 195), (90, 94), (243, 251), (155, 187), (165, 167), (4, 6), (147, 155), (237, 253), (228, 244), (196, 197), (146, 178), (244, 246), (114, 115), (187, 191), (121, 249), (179, 187), (91, 95), (253, 255), (198, 206), (30, 94), (53, 181), (94, 222), (85, 213), (249, 251), (6, 14), (146, 147), (193, 197), (206, 222), (4, 5), (147, 151), (221, 253), (52, 60), (89, 91), (4, 20), (31, 95), (144, 146), (165, 181), (31, 159), (179, 183), (10, 14), (198, 199), (2, 10), (132, 196), (20, 52), (106, 122), (166, 167), (213, 221), (53, 55), (199, 231), (55, 183), (249, 253), (120, 121), (226, 230), (175, 191), (180, 181), (2, 34), (230, 246), (51, 115), (51, 179), (4, 132), (90, 122), (179, 243), (196, 198), (166, 230), (30, 31), (151, 159)}
Obj: 36224

