Log for instance aco_tuning_out/inst30.txt.

Used ({'tau0': 8.037069826251222e-06, 'xi': 0.09645020294268639, 'q0': 0.6378636958577493, 'alpha': 1.5874523603304216, 'beta': 1.117749324798499, 'rho': 0.3122873583242921, 'ants': 22}) and found best instance after 13.625 seconds.
E1: {(93, 102), (33, 42), (162, 171), (14, 68), (171, 177), (93, 120), (73, 154), (106, 160), (171, 198), (134, 161), (198, 200), (121, 148), (160, 161), (145, 148), (73, 74), (145, 151), (42, 44), (154, 160), (90, 93), (35, 44), (36, 198), (118, 145), (121, 202), (36, 42), (68, 77), (109, 118), (151, 160), (32, 35), (117, 198), (64, 73), (0, 162), (202, 211), (74, 236), (25, 106), (90, 171), (152, 161), (74, 77), (91, 145), (33, 195), (117, 118)}
E2: {(166, 175), (39, 201), (162, 171), (175, 202), (171, 177), (66, 228), (64, 145), (171, 198), (121, 130), (100, 101), (131, 134), (198, 200), (151, 152), (34, 52), (121, 148), (162, 216), (201, 202), (39, 66), (94, 103), (145, 148), (130, 157), (28, 109), (145, 151), (36, 198), (25, 52), (20, 101), (94, 148), (135, 216), (100, 103), (121, 202), (27, 33), (27, 36), (91, 100), (27, 45), (33, 34), (0, 162), (182, 236), (130, 131), (33, 195), (28, 34), (198, 201), (20, 182)}
Obj: 33790

