Log for instance aco_tuning_out/inst21.txt.

Used ({'tau0': 6.233831045293282e-06, 'xi': 0.10451661342493951, 'q0': 0.8893124268375978, 'alpha': 1.349306787935924, 'beta': 0.6109712049564031, 'rho': 0.46309129670203547, 'ants': 8}) and found best instance after 3.515625 seconds.
E1: {(166, 175), (226, 229), (180, 183), (99, 100), (39, 201), (175, 202), (165, 167), (66, 228), (29, 32), (176, 185), (167, 176), (46, 127), (238, 239), (152, 233), (185, 239), (45, 46), (39, 66), (21, 183), (72, 75), (83, 164), (82, 83), (223, 241), (180, 182), (191, 197), (118, 127), (191, 200), (64, 226), (135, 216), (118, 145), (164, 191), (238, 241), (175, 176), (153, 234), (197, 206), (174, 177), (21, 75), (14, 176), (206, 233), (145, 226), (72, 153), (165, 174), (82, 100), (174, 201), (165, 183), (99, 180), (202, 229), (216, 234), (29, 191)}
E2: {(99, 100), (87, 89), (29, 32), (234, 236), (100, 101), (76, 79), (21, 183), (72, 75), (118, 124), (64, 226), (26, 80), (21, 75), (174, 201), (211, 238), (77, 158), (29, 191), (81, 82), (118, 119), (23, 77), (46, 127), (45, 46), (81, 84), (82, 83), (79, 160), (180, 182), (164, 173), (77, 80), (58, 76), (234, 235), (20, 101), (197, 206), (0, 162), (145, 226), (165, 174), (165, 183), (138, 141), (124, 151), (216, 234), (43, 205), (25, 26), (39, 201), (162, 171), (119, 200), (20, 23), (141, 142), (142, 223), (152, 233), (39, 66), (83, 164), (191, 197), (164, 191), (238, 241), (153, 234), (82, 91), (216, 222), (3, 4), (4, 58), (84, 87), (78, 80), (59, 140), (124, 205), (140, 158), (171, 173), (195, 222), (118, 127), (135, 216), (118, 145), (39, 120), (109, 118), (66, 147), (76, 157), (151, 160), (21, 23), (206, 233), (72, 153), (82, 100), (99, 180), (3, 84), (235, 241), (138, 147)}
Obj: 41024

