Log for instance aco_tuning_out/inst30.txt.

Used ({'tau_0': 6.937615535889433e-06, 'xi': 0.07000322226687372, 'q0': 0.8259328344322499, 'alpha': 1.4144702071977722, 'beta': 1.897582215362626, 'rho': 0.08176475094706645, 'ants': 18}) and found best instance after 65.921875 seconds.
E1: {(226, 229), (162, 171), (20, 23), (175, 202), (22, 23), (29, 32), (179, 233), (29, 47), (178, 179), (114, 115), (20, 47), (152, 233), (97, 178), (96, 97), (200, 209), (171, 173), (209, 215), (173, 176), (22, 25), (209, 236), (134, 215), (64, 226), (173, 200), (114, 123), (102, 103), (175, 176), (91, 97), (109, 115), (14, 176), (0, 162), (202, 211), (96, 123), (202, 229), (22, 103), (47, 209), (175, 178), (114, 195), (177, 178), (120, 123)}
E2: {(101, 155), (3, 4), (4, 58), (162, 171), (171, 177), (118, 119), (171, 198), (81, 84), (171, 173), (36, 198), (58, 76), (173, 182), (20, 101), (64, 226), (38, 119), (118, 145), (19, 20), (173, 200), (4, 166), (36, 45), (109, 118), (81, 135), (76, 157), (128, 134), (146, 155), (119, 128), (91, 118), (0, 162), (146, 152), (145, 226), (128, 155), (81, 162), (201, 228), (3, 84), (19, 25), (36, 38), (189, 195), (198, 201), (189, 198), (155, 236)}
Obj: 33744

