Log for instance aco_tuning_out/inst15.txt.

Used ({'tau0': 9.546586330686151e-06, 'xi': 0.07432857356120594, 'q0': 0.39855006298732903, 'alpha': 1.1362553523500754, 'beta': 1.13375631131127, 'rho': 0.39805176799684205, 'ants': 18}) and found best instance after 12.765625 seconds.
E1: {(43, 205), (39, 201), (119, 200), (118, 119), (11, 173), (75, 78), (195, 204), (57, 75), (64, 65), (30, 39), (11, 38), (30, 57), (36, 198), (177, 204), (58, 76), (173, 182), (11, 65), (38, 119), (109, 118), (76, 157), (91, 118), (201, 228), (57, 58), (204, 205), (36, 38), (198, 204), (198, 201)}
E2: {(81, 82), (162, 165), (18, 20), (162, 171), (55, 136), (162, 168), (84, 87), (171, 177), (118, 119), (20, 26), (43, 52), (87, 89), (119, 200), (210, 211), (75, 78), (14, 95), (21, 183), (81, 84), (165, 166), (228, 237), (168, 195), (75, 77), (26, 53), (95, 122), (109, 118), (210, 237), (119, 122), (21, 75), (53, 134), (18, 21), (55, 64), (74, 236), (52, 53), (81, 162), (183, 210), (135, 136), (32, 59), (165, 183), (59, 77), (18, 45), (82, 109), (74, 77), (0, 18), (82, 136), (20, 182), (25, 26)}
Obj: 29018

