Log for instance aco_tuning_out/inst03.txt.

Used ({'tau0': 9.701809206152345e-06, 'xi': 0.09407325991753526, 'q0': 0.3044948820351523, 'alpha': 1.8442079342859672, 'beta': 1.893720745386587, 'rho': 0.3120024078765271, 'ants': 29}) and found best instance after 44.265625 seconds.
E1: {(210, 242), (16, 20), (219, 223), (211, 219), (68, 100), (210, 211), (65, 67), (49, 53), (1, 9), (100, 101), (221, 223), (240, 242), (36, 52), (143, 175), (1, 33), (52, 54), (147, 151), (92, 124), (202, 218), (67, 195), (52, 60), (135, 143), (49, 113), (187, 251), (20, 52), (149, 151), (36, 100), (53, 55), (100, 228), (200, 202), (16, 24), (55, 119), (147, 211), (33, 49), (60, 124), (52, 53), (200, 232), (143, 207), (1, 65), (210, 218), (219, 251), (49, 57), (135, 151), (39, 55), (195, 211), (200, 204)}
E2: {(193, 201), (132, 164), (105, 107), (107, 235), (52, 180), (216, 218), (113, 117), (104, 105), (196, 197), (114, 115), (1, 9), (115, 123), (198, 206), (117, 245), (192, 193), (160, 164), (36, 52), (33, 35), (193, 197), (1, 33), (206, 222), (154, 218), (20, 22), (15, 47), (49, 113), (0, 1), (40, 104), (22, 150), (49, 177), (1, 5), (132, 196), (20, 52), (1, 17), (36, 164), (63, 191), (226, 230), (47, 63), (164, 166), (33, 49), (43, 47), (107, 111), (35, 43), (99, 107), (164, 172), (113, 115), (48, 49), (218, 222), (48, 52), (34, 35), (210, 218), (196, 198), (45, 47), (166, 230), (159, 191), (47, 111)}
Obj: 30158

