Log for instance aco_tuning_out/inst12.txt.

Used ({'tau0': 7.405500650510694e-06, 'xi': 0.0538011928337849, 'q0': 0.7808066118135257, 'alpha': 1.9053416179409846, 'beta': 1.1675645378953803, 'rho': 0.23263286946707473, 'ants': 25}) and found best instance after 16.015625 seconds.
E1: {(1, 28), (166, 175), (18, 20), (175, 202), (171, 180), (31, 32), (176, 179), (20, 47), (34, 43), (1, 82), (97, 178), (96, 97), (72, 75), (171, 173), (180, 234), (83, 164), (82, 83), (28, 109), (195, 222), (180, 182), (47, 128), (164, 173), (173, 179), (86, 89), (0, 1), (31, 34), (91, 97), (175, 176), (153, 234), (128, 134), (21, 75), (18, 21), (202, 211), (45, 72), (72, 153), (96, 123), (216, 222), (21, 102), (83, 86), (216, 234), (175, 178), (28, 34), (120, 123)}
E2: {(166, 175), (39, 201), (54, 135), (175, 202), (29, 32), (179, 233), (171, 198), (46, 127), (66, 75), (20, 47), (102, 156), (152, 233), (45, 46), (39, 66), (64, 65), (223, 232), (200, 206), (83, 164), (171, 173), (72, 75), (209, 215), (156, 157), (72, 78), (164, 173), (46, 47), (191, 197), (173, 179), (86, 89), (209, 236), (134, 215), (19, 20), (205, 214), (197, 206), (75, 156), (72, 74), (174, 177), (109, 127), (202, 205), (205, 232), (54, 72), (211, 214), (206, 233), (45, 72), (174, 201), (59, 77), (74, 77), (47, 209), (19, 25), (83, 86), (65, 74), (43, 205), (198, 201), (29, 191), (232, 233)}
Obj: 37152

