Log for instance aco_tuning_out/inst18.txt.

Used ({'tau0': 2.0274933728523487e-06, 'xi': 0.13405703789383258, 'q0': 0.526091823657158, 'alpha': 1.6793374858698646, 'beta': 0.6970800710605479, 'rho': 0.13613590490376215, 'ants': 11}) and found best instance after 14.515625 seconds.
E1: {(90, 91), (193, 201), (99, 103), (58, 62), (150, 151), (0, 2), (128, 160), (39, 103), (80, 208), (2, 66), (1, 3), (1, 9), (91, 95), (244, 252), (85, 213), (62, 126), (197, 213), (45, 61), (14, 46), (110, 111), (110, 126), (193, 197), (6, 14), (212, 244), (61, 63), (147, 151), (29, 31), (31, 95), (0, 1), (31, 159), (103, 111), (212, 213), (10, 14), (1, 5), (244, 245), (2, 10), (29, 61), (213, 215), (54, 118), (151, 215), (110, 238), (46, 110), (118, 126), (208, 212), (57, 61), (0, 128), (62, 63), (151, 159), (209, 213)}
E2: {(200, 201), (193, 201), (146, 154), (163, 179), (150, 151), (228, 244), (40, 44), (44, 60), (114, 115), (80, 208), (114, 118), (147, 179), (100, 101), (115, 123), (142, 174), (78, 110), (244, 252), (184, 186), (224, 228), (197, 213), (110, 126), (146, 147), (193, 197), (72, 200), (44, 108), (212, 244), (73, 89), (147, 151), (28, 60), (29, 31), (70, 78), (208, 210), (49, 113), (5, 21), (31, 159), (212, 213), (172, 174), (244, 245), (28, 29), (213, 221), (54, 118), (174, 238), (100, 228), (110, 238), (24, 28), (240, 244), (160, 224), (146, 210), (108, 110), (73, 201), (118, 126), (21, 29), (200, 232), (113, 115), (208, 212), (9, 73), (66, 70), (154, 186), (49, 51), (70, 86), (30, 31), (151, 159)}
Obj: 30735

