Log for instance aco_tuning_out/inst06.txt.

Used ({'tau_0': 4.879942623985006e-06, 'xi': 0.08399557345205959, 'q0': 0.8878104132072444, 'alpha': 1.876793500103366, 'beta': 1.500849913875006, 'rho': 0.45614013825443306, 'ants': 13}) and found best instance after 5.09375 seconds.
E1: {(177, 181), (192, 200), (244, 246), (105, 109), (147, 151), (31, 95), (31, 159), (179, 183), (29, 61), (166, 167), (1, 17), (240, 244), (24, 28), (0, 128), (151, 159), (55, 63), (243, 251), (108, 109), (147, 155), (0, 2), (210, 211), (39, 167), (114, 115), (1, 3), (158, 222), (249, 251), (142, 143), (29, 31), (165, 181), (95, 223), (129, 145), (132, 196), (213, 215), (230, 231), (135, 167), (249, 253), (76, 108), (132, 134), (215, 223), (200, 201), (155, 187), (165, 167), (87, 95), (187, 191), (91, 95), (174, 175), (45, 61), (128, 132), (221, 253), (143, 159), (212, 213), (10, 14), (172, 174), (2, 10), (28, 29), (76, 78), (199, 231), (55, 183), (110, 238), (105, 233), (180, 181), (46, 110), (23, 87), (200, 232), (78, 206), (143, 207), (130, 134), (196, 198), (115, 243), (62, 63), (201, 233), (198, 206), (53, 181), (85, 213), (128, 129), (6, 14), (174, 190), (83, 115), (206, 222), (89, 91), (142, 158), (17, 81), (46, 62), (17, 145), (198, 199), (109, 237), (175, 191), (230, 246), (81, 83), (145, 177), (179, 243), (83, 211)}
E2: {(177, 181), (105, 107), (18, 26), (244, 246), (156, 188), (96, 97), (105, 109), (188, 189), (147, 151), (162, 170), (179, 183), (166, 167), (145, 147), (2, 34), (158, 190), (0, 128), (97, 225), (37, 165), (151, 159), (55, 63), (243, 251), (108, 109), (156, 158), (0, 2), (1, 3), (83, 91), (158, 222), (62, 126), (249, 251), (165, 181), (97, 101), (1, 5), (129, 145), (132, 196), (213, 215), (230, 231), (249, 253), (130, 162), (188, 252), (76, 108), (4, 68), (66, 70), (70, 86), (130, 146), (90, 91), (119, 127), (193, 195), (165, 167), (4, 6), (163, 179), (86, 87), (40, 44), (87, 95), (97, 105), (187, 191), (91, 95), (193, 197), (146, 147), (12, 76), (49, 113), (49, 177), (212, 213), (10, 14), (244, 245), (2, 10), (76, 78), (199, 231), (55, 183), (105, 233), (180, 181), (126, 127), (78, 206), (196, 198), (115, 243), (62, 63), (12, 44), (111, 239), (193, 201), (201, 233), (252, 253), (36, 37), (198, 206), (128, 129), (6, 14), (83, 115), (206, 222), (26, 90), (89, 91), (17, 81), (17, 145), (198, 199), (151, 215), (226, 230), (81, 83), (230, 246), (175, 191), (107, 111), (113, 115), (179, 243), (1, 129), (175, 239)}
Obj: 48198

