Log for instance aco_tuning_out/inst24.txt.

Used ({'tau_0': 9.926534885232458e-06, 'xi': 0.06692036828162971, 'q0': 0.3019379808030227, 'alpha': 1.9521308295520166, 'beta': 1.4674217120935573, 'rho': 0.15756254670228562, 'ants': 22}) and found best instance after 18.46875 seconds.
E1: {(76, 92), (250, 254), (171, 235), (44, 45), (190, 254), (43, 171), (0, 2), (40, 44), (128, 160), (141, 157), (157, 221), (10, 138), (40, 56), (220, 252), (2, 130), (157, 159), (78, 110), (56, 58), (240, 248), (220, 221), (44, 108), (26, 90), (128, 144), (12, 76), (78, 79), (14, 15), (248, 252), (106, 110), (138, 139), (139, 171), (10, 14), (227, 235), (2, 10), (76, 78), (138, 154), (56, 57), (71, 79), (2, 34), (12, 14), (76, 108), (0, 128), (26, 58), (252, 254), (92, 220), (227, 243)}
E2: {(55, 63), (162, 226), (98, 226), (220, 222), (164, 165), (89, 217), (146, 178), (187, 191), (34, 162), (133, 165), (253, 255), (231, 239), (146, 147), (220, 221), (180, 182), (98, 106), (90, 218), (164, 228), (92, 124), (221, 253), (191, 255), (144, 146), (2, 10), (92, 93), (53, 55), (63, 191), (120, 124), (226, 227), (55, 183), (85, 93), (162, 166), (175, 191), (166, 182), (2, 34), (164, 166), (237, 239), (195, 227), (60, 124), (162, 178), (98, 114), (5, 133), (217, 221), (218, 222), (227, 231), (92, 220), (175, 239)}
Obj: 27616

