Log for instance aco_tuning_out/inst06.txt.

Used ({'tau_0': 4.822265207889503e-06, 'xi': 0.13540262306958187, 'q0': 0.6138627392147109, 'alpha': 1.667403283011879, 'beta': 1.0113699636281308, 'rho': 0.16684714562074338, 'ants': 26}) and found best instance after 270.5 seconds.
E1: {(55, 63), (210, 242), (148, 212), (237, 253), (192, 224), (83, 91), (2, 130), (221, 223), (132, 133), (78, 110), (132, 148), (174, 175), (23, 55), (166, 174), (45, 61), (62, 190), (166, 230), (174, 190), (240, 242), (105, 109), (224, 240), (148, 180), (61, 63), (221, 253), (89, 91), (129, 133), (207, 223), (46, 62), (83, 87), (172, 174), (114, 242), (28, 29), (29, 61), (85, 87), (45, 109), (134, 166), (53, 55), (109, 237), (110, 238), (24, 28), (249, 253), (226, 230), (222, 223), (134, 135), (46, 110), (23, 87), (130, 134), (2, 3), (132, 134), (2, 6), (39, 55), (62, 63), (224, 226), (224, 232)}
E2: {(55, 63), (90, 91), (32, 34), (32, 40), (42, 170), (188, 190), (129, 131), (196, 197), (2, 66), (1, 3), (129, 137), (131, 195), (156, 188), (187, 191), (91, 95), (132, 148), (96, 97), (166, 230), (62, 190), (32, 36), (212, 244), (148, 180), (180, 188), (188, 189), (3, 131), (89, 91), (31, 95), (97, 101), (31, 159), (1, 5), (34, 42), (244, 245), (132, 196), (230, 231), (68, 196), (1, 17), (199, 231), (63, 191), (32, 96), (137, 201), (226, 230), (175, 191), (55, 119), (2, 34), (131, 163), (62, 63), (2, 3), (195, 199), (97, 225), (197, 199), (2, 18), (148, 212), (31, 63)}
Obj: 31213

