Log for instance aco_tuning_out/inst15.txt.

Used ({'tau0': 3.0001635742109975e-06, 'xi': 0.10185978321027386, 'q0': 0.44627514452798456, 'alpha': 0.42223734675301555, 'beta': 0.774592723916731, 'rho': 0.08073686501278173, 'ants': 8}) and found best instance after 185.078125 seconds.
E1: {(139, 157), (172, 178), (195, 204), (63, 64), (136, 139), (204, 231), (228, 231), (177, 204), (173, 182), (173, 200), (69, 231), (63, 69), (178, 205), (82, 91), (109, 136), (69, 78), (172, 173), (204, 205), (43, 205), (82, 136), (91, 172)}
E2: {(0, 54), (66, 228), (169, 170), (7, 169), (135, 153), (195, 204), (109, 110), (63, 64), (200, 203), (72, 78), (202, 203), (7, 25), (177, 204), (166, 169), (153, 155), (173, 182), (66, 68), (169, 178), (41, 203), (173, 200), (63, 66), (54, 63), (89, 170), (178, 205), (128, 134), (202, 205), (32, 41), (54, 72), (59, 68), (110, 128), (202, 211), (72, 153), (128, 155), (45, 72), (41, 68), (204, 205), (43, 205), (14, 41), (155, 236)}
Obj: 24731

