Log for instance aco_tuning_out/inst12.txt.

Used ({'tau_0': 5.471123269221564e-06, 'xi': 0.0880541662185767, 'q0': 0.30146902385350893, 'alpha': 1.0903620529266727, 'beta': 0.772236865018257, 'rho': 0.4288390189950044, 'ants': 23}) and found best instance after 13.625 seconds.
E1: {(120, 129), (33, 42), (45, 126), (108, 109), (102, 129), (31, 32), (126, 129), (208, 211), (199, 208), (107, 134), (181, 208), (89, 107), (102, 104), (42, 44), (108, 126), (104, 107), (27, 33), (4, 166), (109, 118), (41, 44), (91, 118), (43, 44), (181, 182), (32, 41), (4, 31), (118, 199), (33, 195), (0, 27), (27, 108)}
E2: {(105, 107), (84, 87), (165, 167), (208, 211), (64, 145), (208, 214), (234, 236), (107, 134), (204, 213), (89, 107), (44, 206), (200, 206), (105, 106), (154, 157), (136, 145), (223, 241), (107, 161), (213, 240), (165, 166), (136, 154), (214, 241), (167, 221), (177, 204), (153, 155), (84, 165), (204, 206), (135, 216), (155, 161), (153, 234), (59, 221), (240, 241), (41, 44), (78, 240), (109, 136), (43, 44), (32, 41), (25, 106), (45, 72), (72, 153), (152, 161), (153, 154), (234, 240), (87, 105), (216, 234), (102, 105)}
Obj: 31294

