Log for instance aco_tuning_out/inst09.txt.

Used ({'tau_0': 4.060261844275314e-06, 'xi': 0.08488866370438058, 'q0': 0.7517708033130077, 'alpha': 0.7568921075953849, 'beta': 1.442677676309637, 'rho': 0.31238065733584786, 'ants': 26}) and found best instance after 30.703125 seconds.
E1: {(43, 205), (166, 175), (123, 204), (75, 78), (135, 153), (5, 86), (223, 232), (72, 75), (86, 89), (3, 21), (175, 176), (72, 74), (76, 157), (21, 75), (14, 176), (205, 232), (3, 5), (74, 236), (72, 153), (178, 232), (5, 14), (0, 3), (21, 102), (75, 76), (204, 205), (175, 178), (177, 178), (120, 123)}
E2: {(175, 184), (166, 175), (194, 197), (20, 23), (32, 113), (23, 77), (184, 211), (20, 47), (152, 233), (97, 178), (223, 232), (96, 97), (84, 86), (86, 89), (77, 80), (20, 101), (195, 197), (86, 113), (197, 206), (175, 178), (26, 80), (76, 157), (177, 178), (128, 134), (206, 233), (178, 232), (96, 123), (59, 77), (0, 3), (3, 84), (76, 77), (101, 128), (83, 86), (45, 47), (113, 194), (83, 101), (232, 233), (25, 26), (120, 123)}
Obj: 26630

