Log for instance aco_tuning_out/inst30.txt.

Used ({'tau0': 4.324890613407541e-06, 'xi': 0.12290267674013398, 'q0': 0.47304418264323866, 'alpha': 0.9643516325370455, 'beta': 0.8937714391186662, 'rho': 0.17837160642396882, 'ants': 18}) and found best instance after 30.21875 seconds.
E1: {(145, 146), (6, 15), (4, 58), (3, 4), (128, 209), (119, 200), (118, 119), (6, 33), (64, 145), (209, 212), (30, 39), (211, 212), (3, 6), (58, 67), (3, 21), (209, 236), (3, 30), (118, 145), (39, 120), (30, 32), (109, 118), (128, 134), (64, 67), (91, 118), (119, 128), (146, 152), (21, 23), (23, 26), (14, 23), (0, 3), (15, 177), (21, 102), (33, 195), (25, 26)}
E2: {(145, 146), (33, 42), (3, 4), (4, 58), (6, 24), (228, 229), (6, 33), (199, 202), (64, 145), (36, 37), (136, 145), (177, 186), (42, 44), (3, 6), (182, 188), (44, 53), (58, 76), (186, 188), (118, 145), (36, 42), (4, 166), (109, 118), (24, 25), (36, 45), (76, 157), (53, 134), (91, 118), (146, 152), (182, 236), (199, 200), (135, 136), (37, 199), (0, 3), (24, 186), (202, 229), (118, 199), (33, 195)}
Obj: 30395

