Log for instance aco_tuning_out/inst24.txt.

Used ({'tau0': 4.426929263156353e-06, 'xi': 0.06025838234537617, 'q0': 0.705001489203017, 'alpha': 1.7379886783859488, 'beta': 1.7095931918554976, 'rho': 0.10716913974093385, 'ants': 23}) and found best instance after 18.828125 seconds.
E1: {(76, 92), (154, 155), (42, 106), (71, 87), (15, 143), (171, 235), (243, 251), (155, 187), (12, 13), (13, 45), (43, 171), (0, 2), (128, 160), (220, 252), (186, 250), (2, 130), (244, 252), (45, 61), (220, 221), (58, 186), (26, 90), (128, 144), (12, 76), (143, 159), (34, 42), (187, 251), (240, 244), (13, 141), (139, 143), (2, 34), (76, 108), (141, 143), (139, 155), (42, 58), (23, 87), (171, 187), (23, 151), (40, 42), (57, 61), (154, 186), (26, 58), (186, 190), (0, 128), (92, 220), (151, 159)}
E2: {(183, 191), (177, 181), (90, 91), (155, 187), (147, 155), (237, 253), (87, 95), (1, 3), (131, 195), (187, 191), (91, 95), (253, 255), (198, 206), (53, 181), (120, 122), (206, 222), (61, 63), (60, 61), (181, 183), (3, 131), (221, 253), (176, 178), (191, 255), (89, 91), (31, 95), (165, 181), (1, 5), (198, 199), (2, 10), (85, 87), (230, 231), (106, 122), (199, 231), (63, 191), (144, 176), (226, 230), (175, 191), (180, 181), (2, 34), (228, 230), (176, 177), (90, 122), (195, 199), (2, 3), (114, 122), (166, 230), (131, 147), (31, 63)}
Obj: 28323

