Log for instance aco_tuning_out/inst21.txt.

Used ({'tau0': 8.93751488559124e-06, 'xi': 0.07498280708831719, 'q0': 0.7003533283222684, 'alpha': 1.84655149702223, 'beta': 0.36999618301213544, 'rho': 0.353807119950786, 'ants': 24}) and found best instance after 9.46875 seconds.
E1: {(81, 82), (179, 233), (217, 220), (171, 198), (5, 86), (152, 233), (231, 233), (83, 164), (171, 173), (82, 83), (81, 84), (228, 231), (164, 173), (173, 179), (36, 198), (173, 182), (139, 220), (55, 217), (85, 139), (173, 200), (36, 45), (81, 135), (224, 233), (177, 179), (55, 64), (85, 166), (84, 85), (5, 14), (5, 32), (83, 86), (223, 224)}
E2: {(43, 205), (185, 188), (33, 42), (175, 202), (42, 51), (29, 32), (39, 42), (176, 185), (83, 137), (171, 198), (100, 101), (198, 200), (65, 146), (39, 66), (64, 65), (34, 52), (83, 164), (171, 173), (82, 83), (28, 109), (209, 215), (51, 52), (173, 176), (164, 173), (182, 188), (135, 137), (209, 236), (20, 101), (66, 68), (19, 20), (28, 29), (45, 51), (205, 214), (196, 205), (68, 77), (157, 158), (175, 176), (91, 100), (39, 120), (196, 223), (137, 146), (202, 211), (146, 152), (82, 100), (59, 77), (18, 45), (65, 68), (77, 158), (51, 78), (83, 89), (188, 215), (33, 195), (19, 25), (0, 18), (28, 34), (52, 214)}
Obj: 33089

