Log for instance aco_tuning_out/inst30.txt.

Used ({'tau_0': 6.233831045293282e-06, 'xi': 0.10451661342493951, 'q0': 0.8893124268375978, 'alpha': 1.349306787935924, 'beta': 0.6109712049564031, 'rho': 0.46309129670203547, 'ants': 8}) and found best instance after 3.5 seconds.
E1: {(81, 82), (226, 232), (101, 155), (4, 58), (3, 4), (39, 201), (226, 229), (18, 20), (84, 87), (175, 202), (203, 230), (171, 198), (66, 75), (5, 86), (117, 120), (39, 66), (102, 104), (97, 178), (96, 97), (81, 84), (83, 164), (82, 83), (171, 173), (28, 109), (202, 203), (6, 87), (214, 241), (164, 173), (77, 80), (68, 230), (31, 34), (66, 68), (20, 101), (75, 77), (64, 226), (173, 200), (238, 241), (31, 58), (175, 176), (205, 214), (174, 177), (26, 80), (123, 150), (128, 134), (33, 34), (117, 198), (21, 75), (18, 21), (14, 176), (205, 232), (91, 118), (150, 152), (101, 104), (174, 201), (128, 155), (96, 123), (3, 84), (202, 229), (0, 6), (211, 238), (5, 32), (33, 195), (83, 86), (117, 118), (175, 178), (28, 34), (198, 201), (25, 26), (155, 236)}
E2: {(166, 175), (81, 82), (163, 164), (6, 15), (33, 42), (3, 4), (4, 58), (39, 201), (18, 20), (84, 87), (55, 136), (171, 177), (226, 229), (15, 42), (159, 160), (175, 202), (66, 228), (179, 233), (171, 198), (20, 47), (135, 153), (152, 233), (3, 165), (45, 46), (39, 66), (218, 236), (21, 183), (81, 84), (83, 164), (82, 83), (171, 173), (72, 75), (136, 145), (6, 87), (79, 160), (164, 173), (46, 47), (173, 179), (58, 76), (31, 34), (20, 101), (164, 182), (55, 217), (64, 226), (118, 145), (173, 200), (31, 58), (109, 115), (153, 234), (34, 115), (79, 80), (163, 217), (26, 80), (76, 157), (128, 134), (21, 75), (18, 21), (91, 118), (72, 153), (145, 226), (217, 218), (128, 155), (165, 183), (3, 84), (0, 6), (234, 240), (159, 240), (202, 229), (33, 195), (198, 201), (101, 155), (25, 26)}
Obj: 48520

