Log for instance aco_tuning_out/inst03.txt.

Used ({'tau_0': 7.151935564269642e-06, 'xi': 0.10184361707760894, 'q0': 0.5077701235510973, 'alpha': 0.5847895154504361, 'beta': 0.6413829753178264, 'rho': 0.2990121644546394, 'ants': 8}) and found best instance after 17.09375 seconds.
E1: {(76, 92), (219, 223), (155, 187), (211, 219), (147, 155), (210, 211), (49, 53), (65, 73), (221, 223), (206, 207), (207, 239), (76, 204), (224, 228), (36, 52), (202, 206), (65, 97), (224, 240), (52, 54), (147, 151), (164, 228), (20, 28), (49, 113), (97, 101), (204, 206), (207, 223), (20, 52), (97, 113), (149, 151), (53, 55), (36, 164), (24, 28), (55, 119), (147, 211), (52, 53), (9, 73), (49, 57), (135, 151), (28, 92), (39, 55), (195, 211), (68, 76), (224, 232), (175, 239)}
E2: {(193, 201), (132, 164), (44, 45), (146, 154), (220, 222), (107, 235), (98, 226), (150, 151), (40, 44), (210, 214), (9, 11), (48, 176), (34, 98), (53, 117), (5, 37), (37, 45), (117, 245), (160, 164), (192, 193), (128, 132), (146, 147), (193, 197), (160, 176), (44, 172), (147, 151), (216, 220), (15, 47), (17, 145), (214, 222), (36, 164), (33, 37), (198, 214), (37, 53), (128, 192), (146, 210), (145, 147), (47, 63), (98, 99), (164, 166), (107, 111), (43, 47), (99, 107), (164, 172), (107, 123), (176, 177), (98, 114), (145, 177), (176, 180), (0, 128), (11, 15), (45, 47), (151, 159), (47, 111)}
Obj: 29622

