Log for instance aco_tuning_out/inst06.txt.

Used ({'tau_0': 9.493726088905091e-06, 'xi': 0.11484843759454823, 'q0': 0.6111218433796399, 'alpha': 1.5748339874818995, 'beta': 1.6004495863491173, 'rho': 0.40117280761880736, 'ants': 26}) and found best instance after 18.390625 seconds.
E1: {(232, 236), (105, 107), (211, 219), (206, 238), (22, 23), (52, 180), (0, 2), (210, 211), (17, 21), (1, 3), (83, 91), (238, 239), (172, 236), (212, 220), (206, 207), (34, 162), (45, 61), (7, 135), (206, 222), (220, 221), (212, 244), (21, 85), (20, 22), (78, 79), (79, 111), (217, 219), (89, 91), (0, 1), (17, 81), (236, 238), (28, 29), (29, 61), (20, 52), (1, 17), (217, 249), (6, 7), (110, 238), (24, 28), (240, 244), (130, 162), (128, 192), (162, 166), (175, 191), (81, 83), (2, 34), (50, 114), (6, 22), (107, 111), (20, 21), (46, 110), (190, 191), (21, 29), (78, 206), (217, 221), (7, 39), (218, 222), (0, 128), (236, 237), (218, 219), (1, 129), (83, 211), (21, 53), (34, 50), (175, 239)}
E2: {(136, 137), (162, 226), (196, 228), (188, 190), (211, 219), (180, 244), (228, 244), (40, 44), (196, 197), (2, 66), (1, 3), (2, 130), (100, 101), (156, 188), (187, 191), (189, 191), (138, 170), (96, 100), (212, 244), (35, 163), (147, 151), (245, 247), (180, 188), (188, 189), (90, 218), (36, 44), (97, 101), (17, 81), (1, 5), (244, 245), (130, 138), (132, 196), (230, 231), (36, 100), (68, 196), (1, 17), (100, 228), (136, 138), (119, 247), (130, 162), (226, 230), (162, 166), (81, 83), (147, 211), (2, 34), (228, 230), (81, 89), (175, 191), (137, 201), (34, 35), (218, 219), (1, 129), (3, 35), (97, 225), (2, 18), (83, 211), (195, 211), (151, 159)}
Obj: 35166

