Log for instance aco_tuning_out/inst15.txt.

Used ({'tau0': 6.013615341921658e-06, 'xi': 0.14211938125893342, 'q0': 0.3248975661404837, 'alpha': 1.1289454136305503, 'beta': 1.4285276537384943, 'rho': 0.3107997616316016, 'ants': 20}) and found best instance after 21.984375 seconds.
E1: {(226, 232), (231, 240), (226, 235), (119, 200), (118, 119), (195, 204), (180, 234), (157, 238), (204, 231), (180, 182), (228, 231), (177, 204), (234, 235), (64, 226), (118, 145), (109, 118), (78, 240), (91, 118), (205, 232), (145, 226), (204, 205), (235, 238), (43, 205)}
E2: {(136, 137), (231, 240), (37, 64), (2, 164), (208, 211), (38, 41), (29, 38), (29, 32), (0, 2), (29, 56), (36, 37), (134, 161), (166, 220), (195, 204), (208, 235), (198, 200), (136, 139), (204, 231), (136, 154), (56, 137), (228, 231), (89, 143), (36, 198), (177, 204), (2, 56), (135, 137), (139, 220), (164, 182), (235, 236), (100, 106), (36, 45), (137, 143), (37, 43), (78, 240), (109, 136), (25, 106), (154, 235), (143, 161), (100, 154), (36, 38), (198, 204), (14, 41), (56, 59)}
Obj: 26146

