Log for instance aco_tuning_out/inst21.txt.

Used ({'tau0': 5.449825531692064e-06, 'xi': 0.10463551100918586, 'q0': 0.3791032022582517, 'alpha': 1.5968901194470106, 'beta': 0.6682022659911173, 'rho': 0.3643260630360847, 'ants': 18}) and found best instance after 8.828125 seconds.
E1: {(147, 149), (66, 228), (29, 32), (217, 223), (217, 220), (190, 208), (204, 213), (166, 220), (190, 217), (45, 46), (200, 209), (204, 231), (209, 215), (228, 231), (191, 209), (182, 209), (213, 215), (177, 231), (66, 147), (46, 208), (12, 66), (146, 149), (64, 73), (146, 152), (12, 14), (136, 217), (190, 191), (135, 136), (46, 73), (29, 191)}
E2: {(111, 120), (43, 205), (106, 133), (3, 4), (4, 58), (58, 59), (99, 100), (18, 20), (18, 99), (199, 205), (124, 205), (89, 98), (123, 124), (130, 133), (84, 111), (109, 110), (24, 78), (111, 113), (103, 130), (98, 152), (81, 84), (103, 157), (58, 67), (81, 99), (100, 103), (196, 205), (91, 100), (110, 113), (130, 211), (81, 135), (169, 196), (64, 67), (18, 24), (182, 236), (25, 106), (124, 133), (199, 200), (169, 223), (32, 59), (96, 123), (0, 3), (18, 45), (3, 84), (195, 196), (20, 182), (96, 98)}
Obj: 31960

