Log for instance aco_tuning_out/inst18.txt.

Used ({'tau_0': 1.34326092400037e-06, 'xi': 0.13441645763893803, 'q0': 0.4083523399061119, 'alpha': 0.5070175800996563, 'beta': 0.9994669821848109, 'rho': 0.2873914507152631, 'ants': 17}) and found best instance after 240.171875 seconds.
E1: {(193, 201), (81, 85), (90, 94), (99, 103), (58, 62), (150, 151), (39, 103), (128, 160), (1, 3), (1, 9), (78, 110), (244, 252), (85, 213), (128, 129), (197, 213), (45, 61), (6, 70), (110, 126), (193, 197), (147, 151), (70, 78), (31, 95), (78, 94), (31, 159), (39, 47), (46, 62), (1, 5), (244, 245), (29, 61), (213, 215), (47, 111), (151, 215), (110, 238), (47, 63), (54, 62), (213, 245), (46, 110), (80, 81), (129, 193), (57, 61), (66, 70), (1, 129), (45, 47), (62, 63), (31, 63), (151, 159), (209, 213)}
E2: {(168, 172), (24, 88), (160, 168), (154, 158), (168, 184), (60, 62), (163, 179), (113, 117), (8, 9), (80, 208), (252, 253), (1, 9), (172, 236), (78, 110), (8, 24), (117, 245), (168, 232), (62, 126), (30, 158), (110, 126), (108, 236), (245, 253), (221, 253), (70, 78), (101, 117), (208, 210), (142, 158), (40, 168), (8, 72), (80, 88), (1, 5), (88, 89), (208, 240), (110, 238), (108, 110), (51, 115), (51, 179), (30, 62), (113, 115), (150, 158), (66, 70), (70, 86), (122, 126), (114, 122), (122, 123), (236, 252), (54, 62), (8, 40)}
Obj: 27909

