Log for instance aco_tuning_out/inst12.txt.

Used ({'tau_0': 5.072339472437726e-06, 'xi': 0.06750660483788565, 'q0': 0.39673942663117334, 'alpha': 1.3764884196051321, 'beta': 0.7955077619397278, 'rho': 0.4521931615046479, 'ants': 17}) and found best instance after 6.453125 seconds.
E1: {(43, 205), (189, 207), (106, 133), (162, 165), (162, 171), (109, 190), (88, 106), (162, 168), (29, 32), (120, 147), (210, 211), (171, 198), (162, 189), (100, 101), (85, 88), (102, 104), (84, 138), (133, 134), (84, 86), (36, 198), (168, 195), (84, 165), (20, 101), (86, 104), (189, 190), (27, 36), (88, 89), (91, 100), (27, 45), (85, 166), (0, 162), (101, 104), (207, 210), (85, 86), (204, 205), (138, 147), (27, 29), (198, 204), (20, 182)}
E2: {(81, 82), (203, 206), (38, 200), (58, 59), (4, 58), (28, 55), (3, 4), (55, 136), (84, 87), (162, 168), (87, 89), (31, 32), (64, 145), (38, 41), (82, 163), (40, 41), (61, 79), (38, 65), (218, 236), (34, 61), (28, 109), (136, 145), (81, 84), (130, 157), (168, 177), (49, 211), (163, 166), (78, 79), (3, 21), (31, 34), (31, 40), (40, 43), (55, 217), (40, 49), (134, 215), (41, 203), (31, 58), (25, 79), (206, 215), (18, 21), (162, 163), (71, 152), (217, 218), (135, 136), (18, 45), (3, 84), (21, 102), (65, 71), (49, 130), (28, 34), (61, 223)}
Obj: 36489

