Log for instance aco_tuning_out/inst24.txt.

Used ({'tau0': 8.613914963906393e-06, 'xi': 0.14574697859969848, 'q0': 0.4568549694035073, 'alpha': 1.0997466880204505, 'beta': 1.26467494952901, 'rho': 0.20648622793681415, 'ants': 10}) and found best instance after 64.21875 seconds.
E1: {(76, 92), (15, 79), (15, 143), (171, 235), (188, 190), (43, 171), (0, 2), (128, 160), (242, 243), (252, 253), (186, 250), (2, 130), (57, 185), (122, 250), (240, 242), (185, 187), (10, 42), (26, 90), (128, 144), (12, 76), (221, 253), (14, 15), (143, 159), (10, 14), (2, 10), (106, 122), (10, 26), (45, 173), (71, 79), (139, 143), (2, 34), (12, 14), (76, 108), (188, 252), (141, 143), (42, 58), (40, 42), (171, 187), (186, 187), (90, 122), (0, 128), (154, 186), (186, 190), (242, 250), (141, 173)}
E2: {(237, 253), (146, 178), (252, 253), (186, 250), (1, 3), (122, 250), (253, 255), (53, 181), (120, 122), (231, 239), (146, 147), (59, 63), (26, 90), (90, 218), (180, 188), (181, 183), (221, 253), (144, 146), (165, 181), (114, 242), (1, 5), (239, 255), (2, 10), (106, 122), (230, 231), (10, 26), (199, 231), (85, 93), (226, 230), (180, 181), (2, 34), (228, 230), (59, 187), (188, 252), (226, 242), (60, 188), (186, 187), (90, 122), (218, 222), (195, 199), (2, 3), (89, 93), (242, 250), (178, 186), (166, 230), (93, 221), (175, 239)}
Obj: 25904

