Log for instance aco_tuning_out/inst21.txt.

Used ({'tau0': 7.405500650510694e-06, 'xi': 0.0538011928337849, 'q0': 0.7808066118135257, 'alpha': 1.9053416179409846, 'beta': 1.1675645378953803, 'rho': 0.23263286946707473, 'ants': 25}) and found best instance after 13.96875 seconds.
E1: {(166, 175), (18, 20), (55, 136), (175, 202), (20, 23), (66, 228), (31, 32), (64, 145), (66, 75), (205, 206), (152, 233), (54, 55), (200, 206), (186, 213), (223, 232), (72, 75), (136, 145), (213, 240), (177, 186), (135, 216), (205, 214), (31, 58), (153, 234), (55, 58), (21, 75), (18, 21), (54, 72), (202, 205), (205, 232), (206, 233), (45, 72), (72, 153), (14, 23), (234, 240), (213, 214), (216, 234), (20, 182)}
E2: {(212, 239), (58, 59), (109, 190), (99, 100), (55, 136), (20, 23), (93, 120), (0, 54), (64, 145), (190, 199), (199, 205), (234, 236), (100, 101), (76, 79), (205, 206), (152, 233), (185, 239), (54, 55), (223, 232), (200, 206), (136, 145), (72, 78), (211, 212), (90, 93), (90, 99), (180, 182), (58, 76), (20, 101), (195, 197), (135, 216), (118, 145), (50, 212), (153, 234), (197, 206), (25, 79), (55, 58), (99, 153), (76, 157), (23, 185), (91, 118), (54, 72), (205, 232), (206, 233), (45, 72), (72, 153), (32, 50), (99, 180), (83, 89), (118, 199), (216, 234), (43, 205), (83, 101)}
Obj: 32512

