Log for instance aco_tuning_out/inst06.txt.

Used ({'tau_0': 6.895901444357542e-06, 'xi': 0.11930677293557751, 'q0': 0.7766820476791325, 'alpha': 1.762448247826621, 'beta': 0.8740652131662537, 'rho': 0.21713520092331218, 'ants': 13}) and found best instance after 12.203125 seconds.
E1: {(128, 130), (232, 236), (47, 175), (128, 136), (105, 107), (108, 109), (156, 158), (228, 244), (237, 253), (210, 211), (87, 95), (129, 131), (252, 253), (156, 188), (172, 236), (8, 24), (91, 95), (83, 211), (158, 222), (174, 175), (128, 129), (14, 46), (45, 61), (6, 14), (85, 213), (174, 190), (105, 109), (206, 222), (180, 182), (180, 188), (221, 253), (3, 131), (78, 79), (89, 91), (39, 47), (212, 213), (8, 136), (172, 174), (83, 87), (76, 78), (166, 167), (213, 221), (135, 167), (53, 61), (240, 244), (24, 28), (249, 253), (110, 238), (128, 192), (166, 182), (108, 110), (98, 99), (79, 95), (76, 108), (188, 252), (99, 107), (46, 110), (228, 236), (182, 190), (23, 87), (98, 114), (78, 206), (45, 47), (28, 156), (79, 207)}
E2: {(64, 66), (154, 155), (128, 136), (193, 195), (193, 201), (154, 158), (155, 187), (156, 158), (147, 155), (181, 245), (0, 2), (64, 96), (87, 95), (193, 225), (1, 3), (187, 191), (91, 95), (189, 191), (196, 212), (174, 175), (87, 119), (64, 68), (96, 97), (174, 190), (193, 197), (32, 36), (154, 218), (90, 218), (147, 151), (3, 131), (89, 91), (170, 171), (181, 189), (0, 1), (97, 101), (1, 5), (8, 136), (129, 145), (132, 196), (17, 145), (68, 196), (199, 231), (32, 96), (226, 230), (166, 182), (175, 191), (180, 181), (2, 34), (131, 163), (182, 190), (23, 87), (171, 187), (23, 151), (0, 64), (0, 128), (129, 193), (195, 199), (97, 225), (2, 18), (166, 230), (131, 147), (151, 159), (8, 40)}
Obj: 36890

