Log for instance aco_tuning_out/inst12.txt.

Used ({'tau0': 9.375317187382458e-06, 'xi': 0.1262899054888864, 'q0': 0.7055217120426633, 'alpha': 1.8010444237149952, 'beta': 1.3070739401200755, 'rho': 0.0819059266997208, 'ants': 15}) and found best instance after 33.296875 seconds.
E1: {(163, 164), (81, 82), (88, 115), (210, 211), (171, 198), (36, 37), (5, 86), (195, 204), (0, 81), (83, 164), (171, 173), (82, 83), (163, 166), (99, 102), (133, 134), (120, 201), (164, 173), (81, 99), (36, 198), (86, 89), (164, 182), (36, 45), (201, 204), (201, 210), (82, 91), (82, 88), (82, 109), (5, 32), (83, 86), (37, 43), (198, 201), (115, 133)}
E2: {(4, 58), (58, 59), (37, 64), (171, 177), (102, 129), (129, 131), (210, 211), (171, 198), (234, 236), (135, 153), (5, 86), (131, 134), (166, 220), (58, 220), (198, 200), (151, 152), (129, 210), (83, 164), (171, 173), (145, 151), (4, 5), (79, 160), (164, 173), (86, 89), (78, 79), (45, 207), (118, 145), (198, 199), (153, 234), (109, 118), (25, 79), (151, 160), (220, 223), (37, 199), (207, 210), (5, 32), (118, 199), (83, 86), (207, 234), (157, 160), (37, 43), (198, 207)}
Obj: 30136

