Log for instance aco_tuning_out/inst18.txt.

Used ({'tau0': 7.0057149642065636e-06, 'xi': 0.149252803480768, 'q0': 0.4567360890655719, 'alpha': 0.7950975145067807, 'beta': 0.7667552217352966, 'rho': 0.11974195928540937, 'ants': 28}) and found best instance after 237.28125 seconds.
E1: {(32, 34), (58, 59), (193, 201), (82, 90), (35, 39), (150, 151), (1, 3), (252, 253), (1, 9), (78, 110), (93, 95), (110, 111), (85, 213), (197, 213), (6, 70), (110, 126), (193, 197), (59, 63), (82, 86), (147, 151), (29, 31), (46, 47), (245, 253), (80, 82), (31, 95), (57, 59), (39, 47), (31, 159), (78, 94), (1, 5), (213, 215), (54, 118), (110, 238), (85, 93), (32, 160), (47, 63), (107, 111), (213, 245), (99, 107), (46, 110), (118, 126), (86, 94), (34, 35), (66, 70), (3, 35), (45, 47), (66, 82), (31, 63), (151, 159), (209, 213)}
E2: {(168, 172), (232, 236), (160, 168), (154, 158), (168, 184), (232, 248), (72, 88), (8, 9), (114, 115), (40, 56), (114, 118), (1, 9), (252, 253), (8, 24), (115, 123), (30, 94), (168, 232), (30, 158), (240, 248), (110, 126), (82, 86), (245, 253), (221, 253), (24, 56), (80, 82), (248, 252), (168, 169), (78, 94), (40, 168), (8, 72), (142, 158), (236, 238), (1, 5), (97, 101), (97, 113), (54, 118), (88, 89), (110, 238), (56, 60), (108, 110), (163, 171), (82, 210), (51, 115), (118, 126), (94, 126), (113, 115), (86, 94), (150, 158), (169, 171), (66, 82)}
Obj: 28457

