Log for instance aco_tuning_out/inst21.txt.

Used ({'tau0': 5.27015365896669e-06, 'xi': 0.12993599333145528, 'q0': 0.31614692226037566, 'alpha': 1.9457803192705339, 'beta': 1.0826765605366773, 'rho': 0.462237565316319, 'ants': 26}) and found best instance after 11.765625 seconds.
E1: {(54, 135), (118, 119), (15, 42), (64, 145), (29, 32), (147, 228), (125, 152), (205, 206), (200, 206), (15, 17), (145, 148), (209, 215), (147, 148), (125, 206), (38, 119), (118, 145), (182, 209), (36, 42), (196, 205), (27, 36), (27, 45), (119, 125), (206, 215), (169, 196), (196, 223), (27, 54), (14, 17), (15, 177), (27, 29), (36, 38), (166, 169)}
E2: {(54, 135), (84, 87), (93, 120), (0, 54), (52, 214), (6, 33), (87, 89), (190, 199), (84, 93), (29, 32), (208, 214), (36, 37), (190, 208), (198, 200), (54, 55), (145, 148), (72, 78), (6, 87), (36, 198), (25, 52), (118, 145), (27, 33), (27, 36), (109, 118), (72, 74), (55, 61), (27, 54), (55, 64), (54, 72), (91, 118), (59, 68), (182, 236), (74, 236), (45, 72), (71, 152), (211, 214), (37, 199), (65, 68), (65, 71), (118, 199), (33, 195), (65, 74), (27, 29), (37, 43), (148, 157), (61, 223)}
Obj: 30746

