Log for instance aco_tuning_out/inst06.txt.

Used ({'tau_0': 1.4630188820263259e-06, 'xi': 0.0776783694791692, 'q0': 0.7839075030693623, 'alpha': 0.5603503117369445, 'beta': 0.5204984007438819, 'rho': 0.4796233950660777, 'ants': 12}) and found best instance after 10.796875 seconds.
E1: {(128, 130), (128, 136), (136, 137), (200, 201), (84, 212), (180, 244), (61, 189), (0, 2), (210, 211), (87, 95), (39, 167), (114, 118), (83, 91), (129, 137), (91, 95), (206, 207), (53, 181), (68, 84), (174, 175), (14, 46), (45, 61), (143, 175), (6, 14), (174, 190), (64, 68), (105, 109), (206, 222), (29, 31), (221, 253), (89, 91), (135, 143), (31, 95), (31, 159), (143, 159), (10, 14), (172, 174), (2, 10), (28, 29), (85, 87), (166, 167), (29, 61), (45, 109), (174, 238), (135, 167), (109, 237), (53, 61), (24, 28), (249, 253), (240, 244), (137, 201), (128, 192), (180, 181), (126, 127), (23, 87), (46, 174), (200, 232), (143, 207), (78, 206), (0, 64), (118, 126), (0, 128), (2, 3), (83, 211), (189, 253), (95, 127)}
E2: {(90, 91), (119, 127), (193, 195), (42, 170), (188, 190), (91, 123), (12, 13), (70, 198), (61, 189), (5, 13), (0, 2), (17, 21), (36, 37), (156, 188), (187, 191), (129, 137), (196, 212), (128, 129), (174, 175), (166, 174), (128, 132), (64, 68), (174, 190), (193, 197), (10, 42), (96, 97), (220, 221), (26, 90), (163, 227), (188, 189), (180, 188), (245, 253), (221, 253), (89, 91), (97, 101), (10, 14), (17, 145), (198, 199), (132, 196), (129, 145), (2, 10), (199, 231), (53, 61), (10, 26), (226, 227), (37, 53), (137, 201), (175, 191), (2, 34), (12, 14), (156, 220), (126, 127), (40, 42), (0, 64), (66, 70), (0, 128), (129, 193), (2, 3), (122, 126), (196, 198), (227, 231), (37, 101), (97, 225), (2, 18), (122, 123), (21, 53), (159, 191)}
Obj: 37508

