Log for instance aco_tuning_out/inst15.txt.

Used ({'tau_0': 9.546586330686151e-06, 'xi': 0.07432857356120594, 'q0': 0.39855006298732903, 'alpha': 1.1362553523500754, 'beta': 1.13375631131127, 'rho': 0.39805176799684205, 'ants': 18}) and found best instance after 9.421875 seconds.
E1: {(118, 119), (66, 228), (11, 173), (38, 41), (40, 41), (75, 78), (66, 75), (195, 204), (57, 75), (198, 200), (63, 64), (11, 38), (177, 204), (58, 76), (173, 182), (40, 43), (31, 40), (38, 119), (173, 200), (31, 58), (63, 66), (109, 118), (76, 157), (91, 118), (57, 58), (198, 204)}
E2: {(48, 210), (54, 135), (180, 186), (118, 119), (162, 180), (75, 237), (162, 168), (125, 134), (87, 89), (199, 205), (210, 211), (234, 236), (75, 78), (39, 48), (14, 95), (87, 168), (54, 55), (48, 75), (186, 213), (72, 75), (30, 39), (177, 186), (180, 182), (228, 237), (77, 80), (168, 195), (210, 213), (86, 95), (75, 77), (95, 122), (166, 167), (205, 214), (30, 32), (109, 118), (119, 122), (26, 80), (119, 125), (55, 64), (54, 72), (0, 162), (45, 72), (199, 200), (234, 237), (59, 77), (86, 167), (213, 214), (118, 199), (43, 205), (25, 26)}
Obj: 29457

