Log for instance aco_tuning_out/inst18.txt.

Used ({'tau0': 1.3763468429827451e-06, 'xi': 0.13059886401904963, 'q0': 0.7970081104032578, 'alpha': 0.9961946895439933, 'beta': 0.8455334921092874, 'rho': 0.2687684260652423, 'ants': 32}) and found best instance after 44.9375 seconds.
E1: {(58, 62), (5, 7), (150, 151), (128, 160), (196, 197), (1, 3), (156, 188), (1, 9), (148, 150), (132, 148), (85, 213), (148, 156), (197, 213), (62, 126), (128, 132), (45, 61), (110, 111), (26, 90), (64, 80), (147, 151), (61, 63), (0, 1), (31, 95), (31, 159), (46, 62), (1, 5), (132, 196), (29, 61), (213, 215), (6, 7), (110, 238), (31, 63), (137, 201), (54, 62), (213, 245), (188, 252), (107, 111), (99, 107), (46, 110), (7, 39), (0, 64), (0, 128), (66, 70), (9, 137), (26, 58), (57, 61), (62, 63), (6, 70), (151, 159), (209, 213)}
E2: {(64, 66), (64, 72), (154, 158), (32, 40), (91, 123), (156, 158), (232, 248), (60, 62), (163, 179), (128, 160), (210, 211), (28, 30), (156, 188), (1, 9), (148, 150), (252, 253), (114, 118), (83, 91), (83, 211), (78, 110), (132, 148), (148, 156), (62, 126), (240, 248), (128, 132), (64, 80), (28, 60), (245, 253), (221, 253), (89, 91), (248, 252), (0, 1), (49, 113), (142, 158), (97, 101), (46, 62), (1, 5), (97, 113), (54, 118), (110, 238), (24, 28), (32, 160), (81, 83), (108, 110), (54, 62), (188, 252), (51, 179), (46, 110), (0, 64), (80, 81), (0, 128), (81, 113), (49, 51), (28, 156), (86, 118), (172, 188), (184, 248)}
Obj: 29353

