Log for instance aco_tuning_out/inst12.txt.

Used ({'tau_0': 3.023061298280671e-06, 'xi': 0.05271286661722294, 'q0': 0.5077385132207571, 'alpha': 0.4440555976676415, 'beta': 1.176945645340894, 'rho': 0.3517258170055353, 'ants': 22}) and found best instance after 30.96875 seconds.
E1: {(88, 97), (3, 4), (88, 115), (84, 102), (27, 28), (34, 43), (28, 109), (30, 39), (209, 215), (211, 212), (3, 30), (134, 215), (195, 197), (50, 212), (182, 209), (27, 30), (39, 120), (30, 32), (91, 97), (34, 115), (4, 166), (88, 89), (197, 215), (27, 45), (32, 50), (0, 3), (3, 84), (212, 215), (28, 34)}
E2: {(166, 175), (106, 133), (54, 135), (37, 64), (119, 200), (175, 202), (118, 119), (160, 241), (87, 89), (27, 28), (151, 152), (157, 160), (105, 106), (37, 118), (28, 109), (223, 241), (72, 78), (211, 212), (40, 202), (133, 134), (118, 124), (50, 212), (102, 105), (72, 74), (27, 45), (151, 160), (27, 54), (54, 72), (74, 236), (25, 106), (32, 50), (50, 77), (59, 77), (74, 77), (124, 151), (133, 160), (37, 40), (28, 37), (87, 105), (175, 178), (37, 43), (177, 178)}
Obj: 29868

