Log for instance aco_tuning_out/inst21.txt.

Used ({'tau_0': 3.0123184321619356e-06, 'xi': 0.12162366348291398, 'q0': 0.6525057095214953, 'alpha': 0.3418731697773203, 'beta': 1.7855031617760102, 'rho': 0.2482497904794193, 'ants': 32}) and found best instance after 249.78125 seconds.
E1: {(171, 180), (171, 198), (200, 206), (27, 36), (27, 45), (27, 54), (174, 228), (179, 206), (38, 41), (179, 233), (180, 182), (36, 198), (32, 50), (36, 38), (175, 178), (171, 174), (37, 64), (54, 135), (178, 179), (152, 233), (174, 175), (169, 178), (41, 50), (14, 41), (166, 175), (37, 38), (177, 179), (169, 223)}
E2: {(159, 160), (234, 236), (76, 79), (200, 206), (153, 155), (31, 58), (23, 77), (81, 84), (79, 160), (58, 67), (78, 79), (58, 76), (20, 101), (89, 170), (45, 48), (25, 79), (146, 152), (59, 77), (214, 215), (216, 234), (28, 34), (90, 91), (101, 155), (37, 64), (20, 23), (34, 196), (43, 52), (31, 32), (153, 159), (39, 48), (135, 153), (34, 52), (39, 66), (83, 164), (28, 109), (196, 205), (153, 234), (40, 67), (211, 214), (222, 223), (216, 222), (4, 58), (3, 4), (195, 222), (81, 90), (164, 170), (31, 34), (39, 120), (205, 214), (76, 157), (206, 215), (146, 155), (81, 83), (0, 3), (3, 84), (66, 67), (37, 40), (20, 182)}
Obj: 32243

