Log for instance aco_tuning_out/inst15.txt.

Used ({'tau_0': 4.324890613407541e-06, 'xi': 0.12290267674013398, 'q0': 0.47304418264323866, 'alpha': 0.9643516325370455, 'beta': 0.8937714391186662, 'rho': 0.17837160642396882, 'ants': 18}) and found best instance after 34.5625 seconds.
E1: {(55, 136), (171, 177), (54, 55), (136, 145), (171, 225), (171, 173), (195, 222), (72, 78), (118, 124), (58, 76), (173, 182), (43, 124), (54, 216), (118, 145), (173, 200), (55, 58), (76, 157), (91, 118), (109, 136), (55, 64), (54, 72), (225, 228), (216, 225), (216, 222)}
E2: {(212, 239), (219, 220), (51, 53), (55, 136), (171, 177), (24, 51), (40, 41), (217, 220), (230, 239), (236, 239), (166, 220), (171, 173), (219, 222), (195, 222), (211, 212), (176, 230), (173, 176), (173, 182), (40, 43), (55, 217), (50, 212), (173, 200), (45, 51), (59, 221), (88, 89), (24, 25), (14, 176), (109, 136), (55, 64), (53, 134), (82, 88), (228, 230), (219, 221), (41, 50), (50, 53), (18, 24), (32, 41), (135, 136), (51, 78), (0, 18), (221, 230), (82, 136)}
Obj: 25945

