Log for instance aco_tuning_out/inst18.txt.

Used ({'tau_0': 9.375317187382458e-06, 'xi': 0.1262899054888864, 'q0': 0.7055217120426633, 'alpha': 1.8010444237149952, 'beta': 1.3070739401200755, 'rho': 0.0819059266997208, 'ants': 15}) and found best instance after 21.75 seconds.
E1: {(128, 136), (136, 137), (81, 85), (58, 62), (156, 158), (206, 238), (70, 198), (0, 2), (3, 19), (128, 160), (87, 95), (2, 66), (1, 3), (156, 188), (198, 206), (158, 222), (85, 213), (62, 126), (197, 213), (45, 61), (209, 213), (19, 147), (206, 222), (61, 63), (0, 1), (39, 47), (46, 62), (1, 5), (83, 87), (29, 61), (213, 215), (110, 238), (137, 201), (47, 63), (81, 83), (54, 62), (107, 111), (188, 252), (213, 245), (99, 107), (46, 110), (150, 158), (80, 81), (90, 122), (57, 61), (66, 70), (122, 126), (0, 128), (9, 137), (2, 6), (19, 83), (62, 63), (158, 159), (47, 111)}
E2: {(232, 236), (128, 136), (136, 137), (154, 158), (156, 158), (206, 238), (70, 198), (86, 87), (0, 2), (128, 160), (210, 211), (161, 163), (114, 115), (2, 66), (252, 253), (156, 188), (172, 236), (8, 24), (132, 133), (198, 206), (115, 123), (244, 252), (30, 158), (62, 126), (160, 161), (128, 132), (83, 115), (221, 253), (142, 158), (97, 101), (8, 72), (46, 62), (8, 136), (236, 238), (83, 87), (244, 245), (97, 113), (184, 188), (110, 238), (240, 244), (108, 110), (81, 83), (81, 89), (188, 252), (51, 115), (60, 188), (46, 110), (113, 115), (78, 206), (150, 158), (5, 133), (80, 81), (66, 70), (0, 128), (70, 86), (9, 137), (83, 211), (172, 188), (54, 62), (8, 40)}
Obj: 30419

