Log for instance aco_tuning_out/inst15.txt.

Used ({'tau0': 8.93751488559124e-06, 'xi': 0.07498280708831719, 'q0': 0.7003533283222684, 'alpha': 1.84655149702223, 'beta': 0.36999618301213544, 'rho': 0.353807119950786, 'ants': 24}) and found best instance after 8.171875 seconds.
E1: {(83, 110), (203, 206), (226, 229), (110, 191), (228, 229), (66, 228), (176, 185), (66, 69), (109, 110), (205, 206), (15, 69), (176, 203), (200, 206), (82, 83), (103, 157), (182, 185), (191, 197), (64, 226), (195, 197), (100, 103), (197, 206), (91, 100), (202, 205), (82, 100), (69, 78), (202, 229), (15, 177), (43, 205)}
E2: {(201, 203), (38, 200), (3, 4), (39, 201), (162, 171), (99, 100), (162, 168), (171, 177), (84, 87), (4, 58), (20, 23), (23, 77), (78, 80), (234, 236), (171, 198), (180, 207), (100, 101), (87, 168), (27, 28), (63, 64), (39, 66), (162, 216), (28, 109), (202, 203), (4, 5), (180, 182), (84, 86), (36, 198), (168, 195), (77, 80), (86, 89), (63, 225), (20, 101), (58, 59), (135, 216), (19, 20), (153, 234), (63, 66), (27, 36), (36, 45), (4, 166), (99, 153), (128, 134), (229, 232), (202, 211), (205, 232), (201, 228), (5, 14), (32, 59), (202, 229), (3, 84), (225, 234), (19, 25), (101, 128), (36, 38), (216, 234), (43, 205), (198, 207), (0, 27)}
Obj: 32689

