Log for instance aco_tuning_out/inst15.txt.

Used ({'tau0': 5.984400518709856e-06, 'xi': 0.13241385165248287, 'q0': 0.4542903648549634, 'alpha': 0.4898957854025313, 'beta': 0.29966337375676566, 'rho': 0.06680927871977722, 'ants': 9}) and found best instance after 92.03125 seconds.
E1: {(55, 136), (139, 157), (222, 231), (34, 43), (34, 61), (136, 139), (83, 164), (82, 83), (195, 222), (60, 61), (228, 231), (164, 173), (164, 182), (173, 200), (177, 231), (60, 222), (55, 61), (82, 91), (55, 64), (82, 109), (60, 78), (82, 136)}
E2: {(43, 205), (166, 175), (54, 135), (66, 228), (6, 33), (16, 178), (57, 66), (27, 28), (13, 14), (6, 60), (6, 8), (28, 109), (200, 209), (209, 215), (16, 25), (13, 175), (209, 236), (57, 59), (134, 215), (182, 209), (27, 33), (205, 214), (54, 57), (27, 45), (178, 205), (64, 67), (27, 54), (211, 214), (32, 59), (60, 78), (0, 6), (66, 67), (13, 67), (8, 89), (33, 195), (214, 215), (175, 178), (177, 178)}
Obj: 25709

