Log for instance aco_tuning_out/inst27.txt.

Used ({'tau0': 7.814861621349648e-06, 'xi': 0.138307434456488, 'q0': 0.43841983460807055, 'alpha': 1.339632899369741, 'beta': 1.2581696145841696, 'rho': 0.4518495513690369, 'ants': 15}) and found best instance after 7.953125 seconds.
E1: {(140, 156), (128, 136), (55, 63), (154, 158), (58, 59), (27, 59), (156, 158), (50, 58), (52, 116), (51, 59), (3, 19), (29, 157), (248, 250), (34, 50), (140, 204), (186, 250), (221, 223), (54, 55), (30, 158), (23, 55), (110, 111), (36, 52), (59, 63), (19, 51), (156, 157), (58, 186), (10, 42), (128, 144), (52, 54), (248, 249), (52, 60), (49, 113), (142, 158), (2, 10), (36, 100), (100, 228), (110, 238), (209, 217), (2, 34), (42, 46), (158, 190), (59, 187), (46, 110), (43, 59), (217, 221), (49, 51), (186, 190), (39, 55), (157, 221), (132, 140), (215, 223), (136, 140)}
E2: {(25, 29), (243, 251), (125, 253), (216, 218), (248, 250), (242, 243), (57, 121), (97, 105), (123, 127), (251, 255), (211, 243), (56, 58), (166, 174), (14, 46), (240, 248), (6, 14), (13, 29), (25, 153), (125, 127), (202, 218), (105, 121), (221, 253), (14, 15), (127, 255), (48, 56), (97, 101), (10, 14), (115, 119), (30, 31), (56, 57), (13, 141), (111, 127), (218, 250), (147, 211), (145, 153), (15, 31), (226, 242), (144, 145), (46, 174), (25, 57), (121, 125), (115, 243), (242, 250), (13, 15)}
Obj: 29776

