Log for instance aco_tuning_out/inst03.txt.

Used ({'tau0': 5.342828546400694e-06, 'xi': 0.10757152839420789, 'q0': 0.48310874806332305, 'alpha': 0.7345220815729948, 'beta': 0.5000932542690112, 'rho': 0.1091478953450425, 'ants': 30}) and found best instance after 258.96875 seconds.
E1: {(210, 242), (196, 228), (219, 223), (155, 187), (211, 219), (147, 155), (210, 211), (49, 53), (187, 191), (211, 243), (221, 223), (36, 37), (37, 39), (240, 242), (9, 41), (65, 97), (52, 54), (147, 151), (41, 57), (20, 28), (49, 113), (97, 101), (207, 223), (155, 219), (115, 119), (20, 52), (149, 151), (97, 113), (68, 196), (200, 202), (24, 28), (37, 53), (175, 191), (52, 53), (200, 232), (113, 115), (49, 57), (205, 207), (204, 205), (196, 204), (135, 151), (115, 243), (28, 92), (195, 211), (200, 204)}
E2: {(192, 200), (177, 181), (200, 201), (32, 34), (32, 40), (132, 164), (41, 43), (98, 226), (146, 154), (107, 235), (200, 216), (43, 107), (150, 151), (181, 245), (164, 180), (40, 41), (210, 214), (196, 197), (1, 9), (34, 98), (192, 196), (9, 41), (146, 150), (32, 36), (1, 33), (32, 48), (150, 214), (15, 47), (0, 1), (1, 5), (132, 196), (214, 222), (36, 164), (1, 17), (198, 214), (32, 160), (47, 63), (180, 181), (164, 166), (107, 111), (99, 107), (164, 172), (98, 114), (107, 123), (196, 198), (45, 47), (151, 159), (47, 111)}
Obj: 28842

