Log for instance aco_tuning_out/inst15.txt.

Used ({'tau_0': 9.519734246967097e-06, 'xi': 0.07937813294122376, 'q0': 0.41673979688805995, 'alpha': 1.6749976300577816, 'beta': 0.7383106546614165, 'rho': 0.29031514757956295, 'ants': 27}) and found best instance after 12.1875 seconds.
E1: {(72, 73), (51, 53), (128, 209), (119, 200), (118, 119), (42, 51), (195, 213), (72, 78), (209, 215), (204, 231), (53, 80), (228, 231), (77, 80), (182, 209), (213, 215), (157, 158), (109, 118), (177, 231), (51, 213), (42, 43), (91, 118), (119, 128), (64, 73), (77, 158), (51, 78), (42, 204)}
E2: {(43, 205), (166, 175), (58, 59), (180, 186), (162, 180), (32, 113), (216, 218), (167, 176), (133, 214), (61, 79), (218, 221), (205, 206), (195, 213), (174, 175), (218, 236), (200, 206), (186, 213), (177, 186), (58, 61), (79, 160), (180, 182), (167, 221), (133, 134), (51, 52), (86, 89), (25, 52), (127, 133), (135, 216), (205, 214), (175, 176), (86, 113), (45, 51), (51, 213), (109, 127), (14, 176), (64, 73), (211, 214), (205, 232), (73, 79), (0, 162), (178, 232), (86, 167), (133, 160), (213, 214), (174, 228), (51, 78), (175, 178)}
Obj: 28988

