Log for instance aco_tuning_out/inst03.txt.

Used ({'tau0': 4.060261844275314e-06, 'xi': 0.08488866370438058, 'q0': 0.7517708033130077, 'alpha': 0.7568921075953849, 'beta': 1.442677676309637, 'rho': 0.31238065733584786, 'ants': 26}) and found best instance after 85.15625 seconds.
E1: {(76, 92), (193, 195), (193, 201), (196, 228), (211, 219), (133, 141), (228, 244), (201, 233), (210, 211), (187, 191), (36, 37), (133, 165), (78, 110), (206, 207), (53, 181), (37, 39), (76, 204), (143, 175), (202, 206), (83, 115), (220, 221), (92, 220), (20, 28), (165, 181), (135, 143), (133, 149), (57, 59), (9, 13), (46, 62), (115, 119), (76, 78), (68, 196), (240, 244), (13, 141), (24, 28), (37, 53), (137, 201), (175, 191), (147, 211), (59, 187), (141, 143), (46, 110), (113, 115), (143, 207), (78, 206), (9, 137), (65, 193), (196, 204), (28, 92), (37, 101), (83, 211), (195, 211), (232, 233), (54, 62)}
E2: {(154, 158), (44, 45), (98, 226), (107, 235), (43, 107), (5, 13), (197, 229), (216, 218), (128, 160), (40, 44), (38, 166), (196, 197), (34, 98), (148, 150), (78, 110), (198, 206), (158, 222), (132, 148), (128, 132), (1, 33), (206, 222), (148, 180), (44, 172), (229, 245), (0, 1), (38, 46), (49, 177), (9, 13), (46, 62), (1, 5), (132, 196), (1, 17), (13, 15), (128, 192), (137, 201), (98, 99), (33, 49), (107, 111), (44, 46), (99, 107), (46, 110), (98, 114), (48, 49), (78, 206), (107, 123), (218, 222), (0, 128), (9, 137), (210, 218), (34, 38), (196, 198), (36, 38), (62, 63), (158, 159)}
Obj: 32085

