Log for instance aco_tuning_out/inst12.txt.

Used ({'tau0': 3.1489754854725666e-06, 'xi': 0.09233871711137026, 'q0': 0.6750093896651443, 'alpha': 1.4767667958454729, 'beta': 1.3965639583348552, 'rho': 0.22070860434618855, 'ants': 29}) and found best instance after 19.796875 seconds.
E1: {(166, 175), (81, 82), (175, 202), (93, 120), (33, 51), (84, 93), (116, 134), (199, 205), (84, 102), (0, 81), (33, 35), (81, 84), (83, 164), (82, 83), (51, 52), (164, 182), (205, 214), (45, 51), (109, 118), (32, 35), (91, 118), (202, 205), (202, 211), (35, 116), (82, 109), (83, 89), (118, 199), (33, 195), (43, 205), (52, 214)}
E2: {(166, 175), (145, 146), (106, 133), (226, 232), (92, 119), (175, 202), (78, 80), (29, 32), (92, 146), (109, 110), (152, 233), (45, 46), (102, 104), (174, 175), (200, 206), (223, 232), (136, 145), (133, 134), (77, 80), (86, 89), (52, 133), (64, 226), (86, 104), (155, 158), (29, 110), (155, 236), (205, 214), (68, 77), (157, 158), (174, 177), (110, 119), (146, 155), (202, 205), (205, 232), (59, 68), (202, 211), (206, 233), (25, 106), (104, 158), (145, 226), (135, 136), (46, 52), (77, 158), (43, 205), (232, 233), (52, 214)}
Obj: 30926

