Log for instance aco_tuning_out/inst18.txt.

Used ({'tau0': 6.895901444357542e-06, 'xi': 0.11930677293557751, 'q0': 0.7766820476791325, 'alpha': 1.762448247826621, 'beta': 0.8740652131662537, 'rho': 0.21713520092331218, 'ants': 13}) and found best instance after 10.46875 seconds.
E1: {(55, 63), (136, 137), (128, 136), (193, 201), (105, 107), (58, 62), (156, 158), (128, 160), (2, 66), (252, 253), (156, 188), (1, 3), (30, 158), (62, 126), (85, 213), (45, 61), (6, 14), (209, 213), (193, 197), (105, 109), (26, 90), (61, 63), (147, 151), (193, 209), (245, 253), (31, 95), (14, 30), (31, 159), (46, 62), (10, 14), (1, 5), (2, 10), (29, 61), (213, 215), (45, 109), (110, 238), (151, 215), (137, 201), (188, 252), (84, 85), (107, 111), (99, 107), (46, 110), (30, 62), (150, 158), (80, 84), (26, 58), (57, 61), (9, 137), (2, 3), (39, 55), (62, 63), (30, 31), (151, 159), (54, 62)}
E2: {(55, 63), (136, 137), (128, 136), (136, 152), (108, 109), (156, 158), (163, 179), (86, 87), (206, 238), (152, 154), (101, 109), (128, 160), (210, 211), (87, 95), (82, 114), (252, 253), (156, 188), (8, 24), (91, 95), (83, 211), (54, 55), (30, 158), (152, 184), (136, 200), (110, 126), (82, 83), (83, 115), (72, 200), (245, 247), (221, 253), (89, 91), (31, 95), (49, 113), (142, 158), (179, 183), (152, 156), (112, 114), (46, 62), (83, 87), (8, 136), (244, 245), (1, 5), (76, 78), (183, 247), (80, 112), (110, 238), (55, 183), (240, 244), (42, 46), (76, 108), (188, 252), (60, 188), (46, 110), (200, 232), (113, 115), (78, 206), (150, 158), (40, 42), (9, 137), (0, 128), (49, 51), (122, 126), (122, 123), (66, 82), (62, 63), (30, 31), (31, 63), (172, 188), (0, 1)}
Obj: 34447

