Log for instance aco_tuning_out/inst09.txt.

Used ({'tau_0': 4.324890613407541e-06, 'xi': 0.12290267674013398, 'q0': 0.47304418264323866, 'alpha': 0.9643516325370455, 'beta': 0.8937714391186662, 'rho': 0.17837160642396882, 'ants': 18}) and found best instance after 123.375 seconds.
E1: {(18, 72), (15, 24), (88, 106), (135, 138), (106, 160), (75, 78), (57, 75), (157, 160), (105, 106), (72, 75), (0, 18), (12, 15), (88, 169), (24, 105), (40, 43), (102, 105), (12, 39), (39, 120), (88, 89), (57, 138), (72, 74), (18, 24), (12, 14), (74, 236), (169, 223), (39, 40), (15, 177), (166, 169)}
E2: {(166, 175), (68, 149), (39, 201), (19, 46), (88, 106), (175, 202), (107, 134), (149, 152), (195, 204), (45, 46), (39, 66), (201, 202), (149, 158), (88, 169), (177, 204), (166, 169), (0, 1), (66, 68), (106, 107), (39, 120), (157, 158), (88, 89), (201, 204), (202, 211), (59, 68), (25, 106), (169, 223), (32, 59), (19, 25), (1, 19)}
Obj: 25890

