Log for instance aco_tuning_out/inst21.txt.

Used ({'tau0': 7.0057149642065636e-06, 'xi': 0.149252803480768, 'q0': 0.4567360890655719, 'alpha': 0.7950975145067807, 'beta': 0.7667552217352966, 'rho': 0.11974195928540937, 'ants': 28}) and found best instance after 295.984375 seconds.
E1: {(145, 146), (166, 175), (39, 201), (64, 145), (217, 223), (92, 146), (39, 48), (174, 175), (92, 173), (136, 145), (30, 48), (173, 176), (173, 182), (173, 200), (30, 32), (45, 48), (174, 177), (14, 176), (146, 152), (136, 217), (174, 201), (135, 136), (201, 228), (174, 176)}
E2: {(226, 232), (25, 52), (64, 226), (205, 232), (5, 32), (48, 51), (121, 148), (223, 232), (51, 52), (209, 236), (45, 48), (91, 118), (146, 152), (33, 195), (214, 215), (145, 146), (5, 59), (151, 232), (6, 33), (43, 52), (33, 51), (39, 48), (6, 8), (136, 145), (209, 215), (118, 121), (211, 214), (0, 6), (148, 151), (200, 209), (173, 182), (118, 145), (173, 200), (39, 120), (205, 214), (109, 118), (135, 136), (5, 8), (51, 78), (8, 89), (148, 157), (52, 214)}
Obj: 26627

