Log for instance aco_tuning_out/inst03.txt.

Used ({'tau0': 9.926534885232458e-06, 'xi': 0.06692036828162971, 'q0': 0.3019379808030227, 'alpha': 1.9521308295520166, 'beta': 1.4674217120935573, 'rho': 0.15756254670228562, 'ants': 22}) and found best instance after 97.1875 seconds.
E1: {(76, 92), (193, 195), (165, 167), (228, 229), (211, 219), (197, 229), (228, 244), (210, 211), (39, 167), (49, 53), (53, 181), (205, 221), (76, 204), (36, 52), (193, 197), (52, 54), (165, 181), (49, 113), (167, 175), (187, 251), (20, 52), (115, 119), (9, 25), (135, 167), (24, 25), (200, 202), (240, 244), (147, 211), (149, 181), (165, 229), (52, 53), (101, 229), (200, 232), (113, 115), (25, 57), (65, 193), (49, 57), (219, 251), (204, 205), (205, 207), (195, 211), (68, 76), (197, 205), (200, 204)}
E2: {(201, 203), (193, 201), (132, 164), (32, 34), (32, 40), (146, 154), (98, 226), (15, 143), (216, 218), (1, 9), (34, 98), (148, 150), (48, 176), (132, 148), (192, 193), (160, 164), (197, 213), (33, 35), (192, 196), (146, 150), (0, 32), (193, 197), (32, 36), (160, 176), (1, 33), (148, 180), (154, 218), (15, 47), (0, 1), (203, 235), (143, 159), (1, 5), (132, 196), (1, 17), (32, 160), (146, 210), (47, 63), (98, 99), (164, 166), (43, 47), (213, 245), (35, 43), (164, 172), (98, 114), (176, 177), (218, 222), (196, 198), (114, 122), (122, 123), (45, 47), (47, 111)}
Obj: 29497

