Log for instance aco_tuning_out/inst18.txt.

Used ({'tau_0': 9.701809206152345e-06, 'xi': 0.09407325991753526, 'q0': 0.3044948820351523, 'alpha': 1.8442079342859672, 'beta': 1.893720745386587, 'rho': 0.3120024078765271, 'ants': 29}) and found best instance after 19.90625 seconds.
E1: {(136, 137), (25, 29), (128, 136), (90, 91), (81, 85), (3, 7), (58, 62), (5, 7), (5, 13), (150, 151), (128, 160), (91, 95), (85, 213), (197, 213), (238, 254), (81, 209), (25, 89), (110, 126), (147, 151), (89, 91), (39, 47), (9, 13), (46, 62), (213, 215), (9, 25), (6, 7), (151, 215), (110, 238), (137, 201), (47, 63), (81, 89), (54, 62), (213, 245), (107, 111), (99, 107), (46, 110), (25, 57), (7, 39), (80, 81), (9, 137), (66, 70), (252, 254), (45, 47), (62, 63), (6, 70), (151, 159), (47, 111)}
E2: {(241, 245), (90, 91), (72, 76), (108, 109), (91, 123), (211, 219), (163, 179), (60, 62), (5, 13), (101, 109), (40, 44), (210, 211), (252, 253), (28, 30), (78, 110), (30, 158), (24, 26), (110, 126), (177, 241), (224, 240), (26, 90), (44, 108), (26, 154), (28, 60), (245, 253), (221, 253), (84, 86), (70, 78), (89, 91), (49, 113), (142, 158), (49, 177), (9, 13), (46, 62), (91, 219), (240, 241), (184, 188), (13, 77), (160, 224), (24, 28), (177, 179), (110, 238), (108, 110), (188, 252), (76, 108), (60, 188), (46, 110), (150, 158), (80, 84), (66, 70), (49, 51), (122, 126), (70, 86), (114, 122), (76, 77), (172, 188), (224, 232), (54, 62)}
Obj: 30601

