Log for instance aco_tuning_out/inst12.txt.

Used ({'tau_0': 5.886189817315941e-06, 'xi': 0.08222368157872886, 'q0': 0.5177131034654385, 'alpha': 1.8715621976373542, 'beta': 1.496250370264296, 'rho': 0.33920762188241993, 'ants': 22}) and found best instance after 8.875 seconds.
E1: {(166, 175), (39, 201), (109, 190), (99, 100), (32, 113), (171, 180), (190, 199), (199, 205), (171, 198), (102, 104), (201, 202), (89, 116), (171, 173), (99, 102), (180, 182), (173, 176), (36, 198), (113, 116), (116, 197), (195, 197), (198, 199), (39, 120), (175, 176), (113, 131), (91, 100), (27, 36), (128, 131), (104, 131), (27, 45), (128, 134), (202, 211), (99, 180), (43, 205), (198, 201), (0, 27)}
E2: {(166, 175), (81, 82), (162, 171), (84, 87), (171, 177), (21, 22), (87, 89), (64, 145), (208, 211), (29, 32), (208, 214), (133, 214), (162, 189), (234, 236), (66, 75), (72, 234), (125, 152), (172, 175), (208, 235), (189, 191), (102, 104), (162, 216), (200, 206), (72, 75), (136, 145), (81, 84), (82, 83), (72, 78), (145, 154), (133, 134), (22, 25), (191, 197), (234, 235), (66, 68), (125, 206), (135, 216), (86, 104), (205, 214), (197, 206), (76, 157), (21, 75), (109, 136), (171, 172), (59, 68), (197, 224), (45, 72), (154, 235), (81, 162), (75, 76), (83, 86), (216, 234), (43, 205), (29, 191), (223, 224)}
Obj: 35110

