Log for instance aco_tuning_out/inst27.txt.

Used ({'tau_0': 2.924453704862743e-06, 'xi': 0.10102715591656777, 'q0': 0.8483785554218048, 'alpha': 1.0515532863745962, 'beta': 0.39867352753450425, 'rho': 0.28727195311451986, 'ants': 26}) and found best instance after 20.359375 seconds.
E1: {(154, 158), (99, 103), (243, 251), (196, 228), (43, 107), (99, 115), (52, 180), (206, 238), (39, 103), (23, 31), (242, 243), (114, 118), (30, 158), (76, 204), (249, 251), (209, 213), (62, 190), (36, 52), (52, 54), (116, 118), (29, 31), (221, 253), (52, 60), (14, 30), (142, 158), (10, 11), (114, 242), (10, 14), (2, 10), (187, 251), (213, 215), (213, 221), (54, 118), (76, 78), (132, 196), (144, 176), (249, 253), (2, 34), (3, 11), (158, 190), (99, 107), (107, 111), (14, 78), (113, 115), (78, 206), (176, 180), (242, 250), (115, 243), (196, 204), (62, 63), (30, 31), (11, 27), (54, 62)}
E2: {(105, 107), (99, 103), (243, 251), (108, 109), (125, 253), (216, 218), (176, 240), (242, 243), (97, 105), (178, 182), (48, 176), (253, 255), (56, 58), (240, 242), (249, 251), (109, 125), (6, 14), (105, 109), (147, 151), (202, 218), (221, 253), (176, 178), (14, 15), (14, 30), (97, 101), (48, 56), (31, 159), (10, 14), (76, 78), (123, 251), (144, 176), (13, 15), (249, 253), (56, 57), (13, 141), (166, 182), (218, 250), (76, 108), (107, 111), (226, 242), (99, 107), (14, 78), (103, 119), (242, 250), (30, 31), (151, 159)}
Obj: 27545

