Log for instance aco_tuning_out/inst30.txt.

Used ({'tau_0': 1.7311092028219667e-06, 'xi': 0.08252852050291277, 'q0': 0.30102382451999166, 'alpha': 1.4307200972470873, 'beta': 1.366990204180299, 'rho': 0.3910589486840866, 'ants': 12}) and found best instance after 6.34375 seconds.
E1: {(201, 203), (226, 232), (28, 55), (99, 100), (55, 136), (0, 27), (29, 32), (179, 233), (176, 179), (27, 28), (236, 242), (134, 161), (161, 242), (152, 233), (176, 203), (200, 203), (136, 145), (67, 70), (16, 25), (136, 154), (99, 102), (120, 201), (58, 67), (73, 235), (196, 205), (127, 154), (16, 70), (55, 58), (224, 233), (177, 179), (14, 176), (64, 73), (100, 127), (224, 242), (205, 232), (109, 136), (55, 73), (145, 226), (211, 238), (91, 145), (195, 196), (235, 238), (27, 29), (232, 233)}
E2: {(132, 213), (115, 142), (3, 4), (4, 58), (162, 165), (55, 136), (162, 168), (34, 196), (162, 180), (171, 180), (171, 198), (236, 239), (204, 213), (198, 200), (185, 239), (81, 84), (136, 145), (136, 142), (168, 177), (165, 166), (180, 182), (142, 143), (7, 25), (7, 34), (58, 76), (31, 34), (18, 180), (31, 58), (109, 115), (55, 58), (81, 135), (76, 157), (55, 64), (0, 162), (81, 162), (165, 174), (165, 183), (18, 45), (143, 152), (3, 84), (91, 145), (132, 134), (174, 228), (195, 196), (198, 204), (183, 185)}
Obj: 37051

