Log for instance aco_tuning_out/inst21.txt.

Used ({'tau0': 2.0274933728523487e-06, 'xi': 0.13405703789383258, 'q0': 0.526091823657158, 'alpha': 1.6793374858698646, 'beta': 0.6970800710605479, 'rho': 0.13613590490376215, 'ants': 11}) and found best instance after 9.9375 seconds.
E1: {(162, 171), (162, 168), (171, 177), (171, 180), (64, 145), (29, 32), (222, 231), (171, 198), (198, 200), (98, 152), (171, 173), (163, 166), (180, 182), (228, 231), (17, 179), (36, 198), (173, 179), (98, 179), (108, 135), (118, 145), (198, 199), (168, 222), (27, 36), (36, 45), (162, 163), (222, 223), (14, 17), (118, 199), (27, 29), (27, 108)}
E2: {(81, 82), (54, 135), (162, 171), (20, 23), (162, 168), (23, 77), (171, 198), (101, 182), (75, 78), (36, 37), (72, 234), (152, 233), (198, 200), (54, 55), (231, 233), (72, 75), (204, 231), (195, 222), (49, 211), (36, 198), (234, 235), (20, 101), (75, 77), (36, 39), (235, 236), (19, 20), (39, 120), (168, 222), (36, 45), (49, 76), (76, 157), (55, 64), (81, 83), (54, 72), (82, 91), (0, 162), (222, 223), (81, 162), (32, 59), (59, 77), (82, 109), (19, 25), (76, 77), (83, 89), (198, 204), (37, 43), (83, 101)}
Obj: 30375

