Log for instance aco_tuning_out/inst09.txt.

Used ({'tau0': 8.037069826251222e-06, 'xi': 0.09645020294268639, 'q0': 0.6378636958577493, 'alpha': 1.5874523603304216, 'beta': 1.117749324798499, 'rho': 0.3122873583242921, 'ants': 22}) and found best instance after 11.625 seconds.
E1: {(93, 102), (188, 242), (185, 188), (226, 232), (166, 175), (226, 229), (175, 202), (176, 185), (234, 236), (185, 239), (12, 174), (223, 232), (140, 158), (240, 242), (40, 202), (120, 201), (3, 12), (86, 89), (40, 43), (135, 216), (175, 176), (157, 158), (174, 177), (78, 240), (158, 239), (12, 14), (86, 140), (174, 201), (0, 3), (12, 93), (202, 229), (234, 240), (216, 234), (174, 176)}
E2: {(83, 110), (139, 142), (139, 148), (118, 119), (120, 147), (59, 140), (142, 223), (195, 213), (240, 242), (186, 213), (82, 83), (213, 240), (147, 148), (177, 186), (211, 212), (36, 198), (86, 89), (150, 159), (3, 30), (85, 139), (27, 30), (198, 199), (30, 32), (27, 36), (24, 25), (36, 45), (110, 119), (128, 134), (139, 140), (82, 85), (119, 128), (147, 150), (85, 166), (215, 242), (150, 152), (0, 3), (24, 186), (159, 240), (118, 199), (83, 86), (212, 215), (148, 157)}
Obj: 30450

