Log for instance aco_tuning_out/inst09.txt.

Used ({'tau0': 1.34326092400037e-06, 'xi': 0.13441645763893803, 'q0': 0.4083523399061119, 'alpha': 0.5070175800996563, 'beta': 0.9994669821848109, 'rho': 0.2873914507152631, 'ants': 17}) and found best instance after 26.578125 seconds.
E1: {(162, 171), (171, 177), (139, 157), (217, 223), (217, 220), (236, 239), (75, 78), (5, 86), (238, 239), (162, 216), (12, 21), (86, 89), (216, 217), (139, 220), (40, 43), (85, 139), (135, 216), (12, 39), (39, 120), (21, 75), (85, 166), (0, 162), (12, 14), (5, 14), (220, 238), (39, 40), (21, 102), (85, 86)}
E2: {(123, 204), (47, 53), (139, 157), (62, 224), (5, 86), (195, 204), (152, 233), (231, 233), (6, 8), (204, 231), (211, 212), (177, 204), (86, 89), (26, 53), (85, 139), (50, 212), (8, 26), (224, 233), (53, 134), (85, 166), (59, 62), (47, 50), (8, 62), (5, 8), (0, 6), (5, 32), (85, 86), (45, 47), (223, 224), (25, 26), (120, 123)}
Obj: 25895

