Log for instance aco_tuning_out/inst30.txt.

Used ({'tau0': 5.572049615801917e-06, 'xi': 0.06325004225542018, 'q0': 0.8461092587771804, 'alpha': 1.389681207393384, 'beta': 0.3366413033928038, 'rho': 0.4612946765120627, 'ants': 22}) and found best instance after 7.6875 seconds.
E1: {(106, 133), (39, 201), (212, 215), (128, 209), (175, 202), (0, 54), (208, 211), (190, 199), (64, 145), (103, 106), (176, 185), (208, 214), (190, 208), (152, 233), (30, 33), (102, 104), (201, 202), (21, 183), (72, 75), (30, 39), (209, 215), (25, 52), (209, 236), (52, 133), (50, 212), (118, 145), (39, 120), (205, 214), (175, 176), (109, 118), (174, 177), (128, 134), (21, 75), (14, 176), (91, 118), (54, 72), (205, 232), (32, 50), (174, 201), (199, 200), (103, 104), (118, 199), (33, 195), (214, 215), (183, 185), (104, 185), (232, 233), (52, 214)}
E2: {(1, 28), (81, 82), (38, 200), (33, 42), (3, 4), (4, 58), (19, 46), (34, 196), (118, 119), (179, 233), (38, 47), (38, 44), (83, 137), (171, 198), (152, 233), (45, 46), (81, 84), (83, 164), (82, 83), (171, 173), (209, 215), (42, 44), (28, 109), (47, 128), (164, 173), (58, 67), (164, 167), (36, 198), (173, 179), (58, 76), (135, 137), (209, 236), (0, 1), (31, 34), (38, 119), (19, 20), (31, 58), (196, 205), (205, 214), (166, 167), (174, 177), (76, 157), (128, 134), (64, 67), (91, 118), (174, 201), (1, 19), (3, 84), (19, 25), (174, 228), (33, 195), (36, 38), (214, 215), (28, 34), (198, 201), (20, 182)}
Obj: 39475

