Log for instance aco_tuning_out/inst30.txt.

Used ({'tau0': 6.013615341921658e-06, 'xi': 0.14211938125893342, 'q0': 0.3248975661404837, 'alpha': 1.1289454136305503, 'beta': 1.4285276537384943, 'rho': 0.3107997616316016, 'ants': 20}) and found best instance after 27.1875 seconds.
E1: {(106, 133), (33, 42), (14, 68), (181, 187), (33, 51), (29, 32), (97, 151), (39, 42), (151, 152), (63, 64), (39, 66), (106, 187), (105, 106), (181, 235), (49, 211), (51, 52), (133, 134), (177, 204), (191, 200), (49, 52), (66, 68), (52, 133), (235, 236), (39, 120), (27, 33), (91, 97), (109, 115), (63, 66), (25, 106), (97, 106), (42, 204), (27, 29), (33, 195), (102, 105), (29, 191), (0, 27), (115, 133)}
E2: {(101, 155), (4, 58), (54, 135), (171, 177), (228, 229), (0, 54), (106, 160), (4, 85), (171, 198), (101, 182), (100, 101), (67, 229), (198, 200), (54, 55), (157, 160), (58, 67), (27, 189), (100, 106), (91, 100), (55, 58), (27, 45), (128, 134), (82, 85), (27, 54), (146, 155), (85, 166), (146, 152), (64, 67), (25, 106), (128, 155), (82, 100), (82, 109), (189, 195), (189, 198), (155, 236)}
Obj: 32396

