Log for instance aco_tuning_out/inst06.txt.

Used ({'tau_0': 9.342356314703797e-06, 'xi': 0.11093798894348852, 'q0': 0.3936504222796646, 'alpha': 1.8613339066625738, 'beta': 0.5900213499937936, 'rho': 0.2538267278899345, 'ants': 22}) and found best instance after 21.28125 seconds.
E1: {(232, 248), (52, 180), (86, 87), (0, 2), (210, 214), (2, 66), (2, 130), (156, 188), (221, 223), (212, 214), (121, 249), (128, 129), (14, 46), (174, 175), (166, 174), (6, 14), (143, 175), (174, 190), (240, 248), (180, 188), (173, 237), (105, 121), (248, 249), (86, 214), (135, 143), (38, 46), (234, 238), (207, 223), (10, 14), (172, 174), (83, 87), (2, 10), (85, 87), (232, 234), (214, 222), (45, 173), (174, 238), (24, 28), (128, 192), (89, 121), (66, 98), (222, 223), (52, 53), (173, 175), (14, 78), (46, 174), (38, 39), (143, 207), (98, 114), (23, 87), (0, 128), (2, 3), (28, 156), (172, 188)}
E2: {(90, 91), (193, 195), (193, 201), (132, 164), (162, 226), (188, 190), (42, 170), (229, 231), (84, 212), (197, 229), (164, 180), (193, 225), (103, 231), (2, 66), (1, 3), (156, 188), (157, 159), (68, 84), (96, 97), (193, 197), (156, 157), (4, 5), (188, 189), (180, 188), (229, 245), (170, 171), (89, 91), (97, 101), (80, 88), (1, 5), (1, 17), (36, 164), (88, 89), (162, 166), (162, 163), (163, 171), (164, 166), (2, 34), (171, 175), (4, 68), (4, 132), (171, 187), (40, 42), (80, 84), (129, 193), (103, 119), (2, 3), (1, 129), (97, 225), (2, 18)}
Obj: 31640

