Log for instance aco_tuning_out/inst24.txt.

Used ({'tau0': 1.8744203829802787e-06, 'xi': 0.06974601013646063, 'q0': 0.6646227429685135, 'alpha': 0.837812461347453, 'beta': 0.9110718814664547, 'rho': 0.3627109167529502, 'ants': 14}) and found best instance after 17.34375 seconds.
E1: {(177, 181), (132, 164), (15, 143), (154, 158), (146, 154), (107, 235), (156, 158), (99, 103), (50, 58), (43, 107), (243, 251), (44, 45), (13, 45), (12, 13), (0, 2), (40, 44), (44, 60), (252, 253), (2, 130), (156, 188), (122, 250), (132, 148), (148, 156), (160, 164), (240, 242), (10, 42), (44, 108), (188, 189), (142, 143), (92, 124), (221, 253), (144, 146), (181, 189), (142, 158), (143, 159), (114, 242), (17, 145), (106, 107), (2, 10), (106, 122), (13, 141), (139, 143), (2, 34), (50, 114), (158, 190), (60, 124), (99, 107), (71, 103), (60, 188), (42, 58), (25, 57), (145, 177), (90, 122), (114, 122), (17, 25), (130, 146), (189, 253), (250, 251)}
E2: {(90, 91), (55, 63), (193, 195), (155, 187), (156, 158), (147, 155), (50, 58), (165, 167), (0, 2), (167, 231), (173, 189), (146, 178), (187, 191), (156, 188), (189, 191), (253, 255), (158, 222), (53, 181), (120, 122), (85, 213), (128, 129), (146, 147), (10, 42), (188, 189), (180, 188), (173, 237), (221, 253), (144, 146), (89, 91), (0, 1), (181, 189), (167, 175), (1, 5), (2, 10), (106, 122), (213, 221), (166, 167), (230, 231), (53, 55), (55, 183), (226, 230), (50, 114), (2, 34), (228, 230), (50, 178), (60, 188), (173, 175), (42, 58), (90, 122), (0, 128), (129, 193), (114, 122), (189, 253)}
Obj: 30572

