Log for instance aco_tuning_out/inst09.txt.

Used ({'tau_0': 2.924453704862743e-06, 'xi': 0.10102715591656777, 'q0': 0.8483785554218048, 'alpha': 1.0515532863745962, 'beta': 0.39867352753450425, 'rho': 0.28727195311451986, 'ants': 26}) and found best instance after 11.328125 seconds.
E1: {(166, 175), (162, 168), (84, 87), (87, 89), (159, 160), (97, 151), (84, 102), (142, 223), (236, 242), (13, 14), (97, 178), (240, 242), (96, 97), (81, 84), (168, 177), (13, 175), (40, 43), (175, 178), (81, 135), (151, 160), (78, 240), (0, 162), (13, 40), (81, 162), (96, 123), (142, 151), (159, 240), (157, 160), (177, 178), (120, 123)}
E2: {(166, 175), (81, 82), (5, 59), (84, 87), (166, 193), (6, 33), (87, 89), (92, 146), (5, 86), (142, 223), (97, 178), (157, 160), (160, 161), (96, 97), (81, 84), (19, 100), (82, 83), (6, 87), (27, 33), (155, 161), (27, 45), (128, 134), (146, 155), (0, 162), (193, 211), (81, 162), (128, 155), (82, 100), (87, 96), (96, 123), (152, 161), (142, 160), (19, 25), (5, 32), (83, 86), (83, 92), (33, 195), (175, 178), (177, 178), (120, 123)}
Obj: 27312

