Log for instance aco_tuning_out/inst30.txt.

Used ({'tau_0': 5.984400518709856e-06, 'xi': 0.13241385165248287, 'q0': 0.4542903648549634, 'alpha': 0.4898957854025313, 'beta': 0.29966337375676566, 'rho': 0.06680927871977722, 'ants': 9}) and found best instance after 89.5625 seconds.
E1: {(162, 165), (165, 167), (125, 134), (64, 145), (184, 211), (162, 189), (125, 152), (189, 191), (117, 123), (183, 184), (102, 183), (189, 195), (177, 186), (209, 236), (191, 200), (191, 209), (118, 145), (109, 118), (24, 25), (183, 186), (5, 167), (117, 198), (91, 118), (0, 162), (5, 14), (165, 183), (24, 186), (123, 125), (5, 32), (117, 118), (189, 198), (120, 123)}
E2: {(162, 165), (189, 216), (125, 134), (10, 64), (162, 189), (125, 152), (189, 191), (200, 206), (10, 91), (177, 186), (165, 166), (22, 25), (191, 200), (9, 10), (209, 236), (191, 209), (125, 206), (135, 216), (182, 209), (109, 118), (24, 25), (174, 177), (76, 157), (91, 118), (0, 162), (18, 24), (22, 76), (165, 174), (18, 45), (24, 186), (9, 18), (174, 228), (189, 195)}
Obj: 28194

