Log for instance aco_tuning_out/inst18.txt.

Used ({'tau_0': 9.926534885232458e-06, 'xi': 0.06692036828162971, 'q0': 0.3019379808030227, 'alpha': 1.9521308295520166, 'beta': 1.4674217120935573, 'rho': 0.15756254670228562, 'ants': 22}) and found best instance after 29.953125 seconds.
E1: {(25, 29), (81, 85), (35, 39), (50, 58), (1, 3), (252, 253), (1, 9), (148, 150), (78, 110), (85, 213), (6, 70), (110, 126), (50, 54), (35, 99), (201, 217), (245, 253), (46, 47), (70, 78), (31, 95), (69, 85), (39, 47), (31, 159), (212, 213), (1, 5), (74, 78), (213, 215), (9, 25), (47, 111), (74, 90), (209, 211), (110, 238), (47, 63), (147, 211), (209, 217), (213, 245), (50, 178), (162, 178), (46, 110), (5, 69), (38, 39), (69, 197), (25, 57), (80, 81), (38, 54), (66, 70), (3, 35), (45, 47), (148, 212), (31, 63), (160, 162), (209, 213)}
E2: {(24, 88), (72, 76), (146, 154), (72, 88), (35, 51), (40, 44), (113, 117), (44, 60), (112, 240), (146, 178), (1, 3), (123, 127), (220, 252), (1, 9), (78, 110), (244, 252), (184, 186), (146, 150), (110, 126), (50, 54), (224, 240), (220, 221), (44, 108), (44, 172), (35, 163), (70, 78), (101, 117), (14, 30), (112, 114), (80, 88), (1, 5), (244, 245), (76, 78), (88, 89), (80, 112), (110, 238), (240, 244), (146, 210), (162, 163), (50, 114), (76, 108), (50, 178), (162, 178), (126, 127), (14, 78), (14, 142), (112, 113), (66, 70), (70, 86), (3, 35), (178, 186), (160, 162), (224, 232)}
Obj: 29822

