Log for instance aco_tuning_out/inst24.txt.

Used ({'tau0': 8.839185575249679e-06, 'xi': 0.14550623661925266, 'q0': 0.34798186644897255, 'alpha': 1.259708246474134, 'beta': 0.9832315705511097, 'rho': 0.4534262478421148, 'ants': 24}) and found best instance after 16.953125 seconds.
E1: {(42, 106), (58, 59), (90, 94), (243, 251), (44, 45), (15, 143), (0, 2), (128, 160), (40, 44), (242, 243), (92, 94), (186, 250), (2, 130), (220, 252), (122, 250), (7, 71), (240, 242), (220, 221), (44, 108), (128, 144), (57, 59), (143, 159), (34, 42), (106, 122), (235, 251), (6, 7), (7, 15), (139, 143), (2, 34), (141, 143), (42, 58), (40, 42), (43, 59), (90, 122), (0, 128), (154, 186), (186, 190), (242, 250), (2, 6), (92, 220), (12, 44)}
E2: {(183, 191), (90, 91), (90, 94), (165, 167), (60, 62), (151, 183), (69, 71), (237, 253), (103, 231), (146, 178), (187, 191), (253, 255), (53, 181), (120, 122), (94, 222), (146, 147), (147, 151), (221, 253), (191, 255), (165, 181), (89, 91), (144, 146), (69, 85), (2, 10), (106, 122), (166, 167), (230, 231), (63, 191), (226, 227), (226, 230), (175, 191), (180, 181), (2, 34), (50, 114), (228, 230), (50, 178), (62, 63), (195, 227), (71, 103), (5, 69), (90, 122), (167, 183), (114, 122), (166, 230), (34, 50)}
Obj: 25850

