Log for instance aco_tuning_out/inst09.txt.

Used ({'tau0': 7.271888129177242e-06, 'xi': 0.05984220487362216, 'q0': 0.5127813632941683, 'alpha': 0.28049908432308224, 'beta': 1.9767044196304102, 'rho': 0.05712818954691315, 'ants': 28}) and found best instance after 225.0625 seconds.
E1: {(87, 89), (135, 138), (40, 41), (40, 43), (54, 72), (174, 201), (166, 169), (177, 178), (84, 102), (81, 84), (39, 41), (72, 74), (147, 150), (216, 234), (175, 178), (39, 201), (72, 234), (39, 66), (174, 175), (84, 138), (120, 201), (169, 178), (74, 236), (222, 223), (216, 222), (14, 41), (84, 87), (150, 151), (0, 81), (72, 78), (63, 66), (54, 63), (66, 147), (151, 160), (138, 147), (157, 160)}
E2: {(96, 177), (87, 89), (30, 192), (25, 187), (30, 39), (214, 241), (68, 77), (192, 195), (123, 125), (81, 82), (45, 126), (82, 163), (49, 50), (33, 35), (117, 126), (81, 84), (163, 166), (111, 192), (66, 68), (3, 30), (201, 204), (53, 134), (59, 77), (204, 205), (39, 201), (6, 33), (76, 238), (217, 223), (98, 125), (39, 66), (117, 123), (98, 152), (87, 88), (169, 187), (238, 241), (50, 53), (96, 123), (111, 120), (84, 87), (0, 81), (6, 87), (49, 211), (33, 114), (88, 169), (114, 123), (205, 214), (163, 217), (76, 157), (32, 35), (50, 77), (3, 84)}
Obj: 32948

