Log for instance aco_tuning_out/inst24.txt.

Used ({'tau_0': 1.774794369235601e-06, 'xi': 0.05178086251934671, 'q0': 0.765199417754037, 'alpha': 1.7110920267750438, 'beta': 1.3090193389783644, 'rho': 0.2964096563219366, 'ants': 12}) and found best instance after 7.4375 seconds.
E1: {(128, 130), (76, 92), (25, 29), (105, 107), (99, 103), (82, 90), (107, 235), (44, 45), (0, 2), (40, 44), (114, 115), (57, 121), (252, 253), (121, 249), (142, 174), (244, 252), (158, 222), (249, 251), (45, 61), (174, 190), (82, 83), (83, 115), (13, 29), (10, 42), (26, 90), (25, 153), (206, 222), (26, 154), (12, 76), (142, 143), (105, 121), (221, 253), (14, 15), (142, 158), (143, 159), (10, 14), (2, 10), (29, 61), (106, 122), (76, 78), (10, 26), (249, 253), (32, 96), (13, 141), (32, 160), (240, 244), (42, 43), (145, 153), (2, 34), (250, 251), (139, 143), (76, 108), (99, 107), (71, 103), (144, 145), (42, 58), (14, 78), (113, 115), (98, 114), (25, 57), (78, 206), (0, 128), (113, 121), (114, 122), (115, 243), (96, 98)}
E2: {(177, 181), (105, 107), (99, 103), (26, 30), (132, 164), (108, 109), (98, 226), (5, 7), (151, 183), (237, 253), (0, 2), (252, 253), (187, 191), (178, 182), (253, 255), (53, 181), (85, 213), (7, 71), (30, 158), (128, 132), (71, 199), (105, 109), (206, 222), (32, 36), (26, 90), (128, 144), (108, 236), (142, 143), (151, 159), (105, 121), (221, 253), (159, 223), (147, 151), (134, 142), (96, 98), (226, 234), (165, 181), (49, 113), (142, 158), (49, 177), (143, 159), (46, 62), (2, 10), (180, 182), (76, 78), (213, 215), (109, 237), (36, 164), (199, 231), (120, 121), (32, 96), (89, 121), (108, 110), (175, 191), (2, 34), (164, 166), (166, 182), (76, 108), (60, 124), (124, 252), (99, 107), (71, 103), (228, 236), (46, 110), (98, 114), (78, 206), (223, 255), (0, 128), (113, 121), (195, 199), (132, 134), (106, 234), (62, 63), (159, 191), (215, 223)}
Obj: 38716

