Log for instance aco_tuning_out/inst18.txt.

Used ({'tau0': 5.888779735025123e-06, 'xi': 0.14210673593322504, 'q0': 0.5532221197439141, 'alpha': 1.4492226579119356, 'beta': 1.732090480737235, 'rho': 0.42744550361996797, 'ants': 10}) and found best instance after 6.40625 seconds.
E1: {(128, 136), (136, 137), (193, 201), (99, 103), (58, 59), (154, 158), (84, 212), (20, 148), (86, 87), (20, 84), (52, 180), (150, 151), (126, 254), (0, 2), (39, 103), (87, 95), (17, 21), (196, 197), (1, 3), (148, 150), (196, 212), (85, 213), (110, 111), (45, 61), (110, 126), (238, 254), (193, 197), (160, 176), (154, 218), (52, 54), (147, 151), (21, 85), (90, 218), (57, 59), (39, 47), (46, 62), (1, 5), (20, 52), (85, 87), (213, 215), (29, 61), (1, 17), (54, 62), (213, 245), (20, 21), (46, 110), (21, 29), (80, 84), (150, 158), (66, 70), (0, 128), (70, 86), (2, 3), (176, 180), (9, 137), (57, 61), (252, 254), (45, 47), (62, 63), (6, 70), (151, 159), (209, 213)}
E2: {(128, 136), (136, 137), (105, 107), (160, 168), (58, 59), (146, 154), (156, 158), (220, 222), (168, 184), (50, 58), (163, 179), (206, 238), (51, 59), (40, 44), (128, 160), (97, 105), (210, 214), (9, 11), (40, 56), (156, 188), (1, 3), (114, 118), (244, 252), (158, 222), (30, 94), (110, 126), (206, 222), (220, 221), (44, 108), (44, 172), (24, 56), (40, 104), (78, 94), (97, 101), (142, 158), (40, 168), (104, 232), (74, 78), (1, 5), (244, 245), (66, 74), (97, 113), (54, 118), (214, 222), (72, 74), (110, 238), (240, 244), (146, 210), (111, 127), (108, 110), (42, 46), (50, 114), (59, 123), (107, 111), (188, 252), (3, 11), (81, 89), (46, 110), (51, 179), (126, 127), (42, 58), (60, 188), (78, 206), (150, 158), (80, 81), (81, 113), (9, 137), (86, 118)}
Obj: 38332

