Log for instance aco_tuning_out/inst18.txt.

Used ({'tau0': 8.613914963906393e-06, 'xi': 0.14574697859969848, 'q0': 0.4568549694035073, 'alpha': 1.0997466880204505, 'beta': 1.26467494952901, 'rho': 0.20648622793681415, 'ants': 10}) and found best instance after 50.140625 seconds.
E1: {(55, 63), (81, 85), (150, 151), (0, 2), (128, 160), (2, 66), (252, 253), (1, 3), (1, 9), (85, 213), (62, 126), (197, 213), (88, 90), (110, 111), (45, 61), (10, 42), (61, 63), (147, 151), (245, 253), (31, 95), (0, 1), (31, 159), (80, 88), (46, 62), (1, 5), (2, 10), (29, 61), (213, 215), (151, 215), (110, 238), (137, 201), (42, 46), (54, 62), (213, 245), (107, 111), (99, 107), (46, 110), (42, 58), (80, 81), (57, 61), (0, 128), (9, 137), (2, 6), (39, 55), (62, 63), (31, 63), (151, 159), (209, 213)}
E2: {(168, 172), (160, 168), (146, 154), (232, 248), (168, 184), (163, 179), (72, 88), (60, 62), (113, 117), (8, 9), (114, 115), (82, 114), (2, 66), (252, 253), (115, 123), (8, 24), (78, 110), (5, 37), (117, 245), (168, 232), (62, 126), (240, 248), (146, 150), (10, 42), (82, 86), (245, 253), (221, 253), (101, 117), (248, 252), (80, 82), (14, 30), (46, 62), (10, 14), (80, 88), (2, 10), (88, 89), (110, 238), (146, 210), (108, 110), (82, 210), (42, 46), (51, 115), (51, 179), (46, 110), (113, 115), (40, 42), (14, 142), (37, 101), (66, 82), (54, 62), (8, 40)}
Obj: 28268

