Log for instance aco_tuning_out/inst27.txt.

Used ({'tau0': 6.7016855702575265e-06, 'xi': 0.11061032973207813, 'q0': 0.8522979141088549, 'alpha': 0.9933756089527778, 'beta': 1.0108153997499625, 'rho': 0.20257431029412304, 'ants': 17}) and found best instance after 22.734375 seconds.
E1: {(55, 63), (196, 228), (243, 251), (146, 154), (155, 187), (147, 155), (206, 238), (242, 243), (147, 179), (34, 98), (142, 174), (198, 206), (54, 55), (76, 204), (249, 251), (174, 190), (146, 147), (32, 36), (61, 63), (142, 143), (147, 151), (60, 61), (221, 253), (96, 98), (144, 146), (112, 114), (31, 159), (39, 47), (143, 159), (114, 242), (11, 27), (27, 155), (29, 61), (213, 215), (76, 78), (47, 111), (132, 196), (151, 215), (249, 253), (32, 96), (47, 63), (43, 47), (3, 11), (142, 206), (98, 114), (23, 151), (112, 113), (78, 206), (112, 116), (179, 243), (196, 198), (242, 250), (30, 31), (31, 63), (151, 159), (209, 213)}
E2: {(119, 127), (105, 107), (243, 251), (98, 226), (125, 253), (176, 240), (38, 166), (242, 243), (97, 105), (48, 176), (147, 179), (123, 127), (253, 255), (56, 58), (240, 242), (249, 251), (6, 14), (10, 42), (220, 221), (125, 127), (221, 253), (14, 15), (6, 38), (216, 220), (14, 30), (48, 56), (97, 101), (114, 242), (10, 14), (144, 176), (56, 57), (13, 141), (249, 253), (111, 127), (107, 111), (42, 58), (98, 114), (138, 202), (179, 243), (242, 250), (10, 138), (13, 15)}
Obj: 28117

