Log for instance aco_tuning_out/inst15.txt.

Used ({'tau_0': 3.0612586277534457e-06, 'xi': 0.1329622135219483, 'q0': 0.7756772068120196, 'alpha': 1.8931956829423289, 'beta': 1.9972080014998133, 'rho': 0.18753105830604566, 'ants': 22}) and found best instance after 23.0625 seconds.
E1: {(81, 82), (175, 202), (11, 173), (139, 157), (10, 64), (195, 204), (83, 164), (10, 91), (82, 83), (204, 231), (180, 182), (51, 52), (173, 176), (164, 173), (228, 231), (81, 99), (10, 11), (85, 139), (173, 200), (205, 214), (175, 176), (174, 177), (82, 85), (109, 136), (202, 205), (99, 180), (51, 78), (204, 205), (43, 205), (174, 176), (82, 136), (52, 214)}
E2: {(83, 110), (81, 82), (166, 175), (39, 201), (171, 177), (11, 173), (171, 180), (66, 228), (208, 211), (43, 52), (32, 113), (10, 64), (171, 198), (46, 127), (190, 208), (14, 95), (189, 191), (0, 81), (45, 46), (198, 200), (39, 66), (83, 164), (82, 83), (180, 182), (51, 52), (173, 176), (164, 173), (7, 25), (133, 134), (209, 236), (127, 133), (10, 11), (52, 133), (164, 191), (175, 176), (88, 89), (110, 113), (81, 135), (109, 127), (82, 88), (7, 88), (190, 191), (208, 209), (32, 59), (82, 109), (95, 176), (51, 78), (189, 195), (198, 201), (189, 198)}
Obj: 30957

