Log for instance aco_tuning_out/inst27.txt.

Used ({'tau_0': 5.572049615801917e-06, 'xi': 0.06325004225542018, 'q0': 0.8461092587771804, 'alpha': 1.389681207393384, 'beta': 0.3366413033928038, 'rho': 0.4612946765120627, 'ants': 22}) and found best instance after 8.65625 seconds.
E1: {(105, 107), (28, 30), (156, 188), (114, 118), (105, 109), (147, 151), (31, 95), (112, 114), (56, 60), (42, 43), (2, 34), (0, 128), (112, 116), (151, 159), (209, 213), (243, 251), (108, 109), (156, 158), (147, 155), (0, 2), (158, 222), (249, 251), (0, 32), (10, 42), (128, 144), (142, 143), (132, 196), (213, 215), (214, 222), (249, 253), (47, 63), (188, 252), (76, 108), (214, 215), (30, 31), (54, 62), (47, 111), (196, 228), (154, 158), (155, 187), (87, 95), (76, 204), (128, 132), (32, 36), (221, 253), (143, 159), (114, 242), (28, 29), (2, 10), (76, 78), (110, 238), (3, 11), (46, 110), (42, 58), (23, 87), (78, 206), (196, 198), (115, 243), (242, 250), (62, 63), (252, 253), (198, 206), (56, 58), (174, 190), (206, 222), (142, 158), (39, 47), (10, 11), (46, 62), (27, 155), (54, 118), (174, 238), (107, 111), (113, 115), (28, 156)}
E2: {(105, 107), (156, 188), (105, 109), (147, 151), (90, 218), (14, 15), (134, 142), (31, 95), (31, 159), (48, 56), (240, 244), (0, 128), (151, 159), (90, 94), (243, 251), (108, 109), (91, 123), (156, 158), (216, 218), (0, 2), (158, 222), (249, 251), (10, 42), (142, 143), (97, 101), (230, 231), (56, 57), (249, 253), (128, 192), (76, 108), (188, 252), (14, 78), (98, 114), (103, 119), (30, 31), (42, 106), (99, 103), (97, 105), (91, 95), (253, 255), (244, 252), (221, 253), (49, 113), (49, 177), (143, 159), (114, 242), (10, 14), (2, 10), (76, 78), (134, 166), (199, 231), (144, 176), (42, 58), (78, 206), (176, 177), (242, 250), (115, 243), (192, 194), (252, 253), (198, 206), (30, 94), (56, 58), (109, 125), (6, 14), (206, 222), (194, 202), (98, 106), (142, 158), (198, 199), (226, 230), (107, 111), (141, 143), (99, 107), (113, 115)}
Obj: 38325

