Log for instance aco_tuning_out/inst15.txt.

Used ({'tau0': 9.84719681858141e-06, 'xi': 0.07010842379960239, 'q0': 0.6134461647846249, 'alpha': 1.8618032848172066, 'beta': 0.8495777604552623, 'rho': 0.35523900559656113, 'ants': 21}) and found best instance after 9.203125 seconds.
E1: {(189, 207), (171, 174), (28, 55), (55, 136), (171, 177), (171, 180), (171, 198), (180, 207), (130, 133), (34, 43), (132, 133), (189, 191), (198, 200), (15, 69), (28, 109), (136, 145), (130, 157), (15, 96), (180, 182), (55, 217), (118, 145), (123, 132), (191, 218), (91, 118), (55, 64), (217, 218), (96, 123), (60, 69), (60, 78), (15, 177), (174, 228), (189, 195), (28, 34)}
E2: {(81, 82), (3, 4), (4, 58), (58, 59), (18, 20), (162, 171), (162, 168), (171, 174), (171, 177), (171, 180), (31, 32), (82, 163), (181, 184), (184, 211), (10, 64), (75, 78), (100, 101), (34, 43), (227, 236), (7, 16), (81, 84), (171, 173), (163, 166), (180, 182), (173, 176), (7, 25), (163, 181), (168, 195), (7, 34), (20, 101), (31, 34), (173, 200), (31, 58), (81, 135), (109, 127), (128, 134), (21, 75), (18, 21), (100, 127), (180, 181), (14, 176), (0, 162), (173, 227), (174, 201), (201, 228), (82, 100), (18, 45), (3, 84), (10, 16), (83, 89), (101, 128), (92, 101), (83, 92)}
Obj: 32869

