Log for instance aco_tuning_out/inst03.txt.

Used ({'tau_0': 7.271888129177242e-06, 'xi': 0.05984220487362216, 'q0': 0.5127813632941683, 'alpha': 0.28049908432308224, 'beta': 1.9767044196304102, 'rho': 0.05712818954691315, 'ants': 28}) and found best instance after 282.28125 seconds.
E1: {(147, 151), (57, 59), (115, 119), (149, 151), (68, 196), (53, 55), (240, 244), (59, 187), (151, 159), (136, 137), (55, 63), (132, 164), (210, 211), (69, 101), (59, 63), (217, 219), (132, 196), (36, 164), (52, 53), (217, 221), (9, 137), (39, 55), (76, 92), (200, 201), (193, 195), (196, 228), (211, 219), (228, 244), (8, 24), (54, 55), (76, 204), (128, 132), (146, 147), (143, 159), (65, 69), (8, 136), (137, 201), (200, 232), (143, 207), (128, 136), (193, 201), (68, 69), (143, 175), (83, 115), (201, 217), (135, 143), (20, 52), (200, 202), (146, 210), (55, 119), (113, 115), (196, 204), (83, 211)}
E2: {(244, 246), (146, 150), (1, 33), (61, 63), (147, 151), (32, 160), (59, 123), (33, 49), (0, 128), (151, 159), (136, 137), (132, 164), (216, 218), (164, 180), (160, 164), (59, 63), (154, 218), (1, 5), (132, 196), (36, 164), (128, 192), (43, 59), (9, 137), (132, 134), (166, 230), (34, 50), (8, 40), (32, 34), (146, 154), (107, 235), (50, 58), (43, 107), (45, 61), (128, 132), (193, 197), (146, 147), (49, 177), (143, 159), (8, 136), (244, 245), (134, 166), (137, 201), (134, 150), (196, 198), (17, 49), (128, 136), (193, 201), (15, 143), (58, 59), (198, 206), (206, 222), (0, 1), (48, 50), (226, 230), (146, 210), (230, 246), (50, 114), (107, 111), (99, 107), (164, 172)}
Obj: 31573

