Log for instance aco_tuning_out/inst12.txt.

Used ({'tau_0': 2.693231228771534e-06, 'xi': 0.06741045013783678, 'q0': 0.34341334065428447, 'alpha': 1.6251653731737596, 'beta': 0.8948148014172467, 'rho': 0.1267448319977672, 'ants': 32}) and found best instance after 151.65625 seconds.
E1: {(192, 194), (120, 129), (162, 165), (165, 167), (102, 129), (32, 113), (43, 52), (167, 176), (89, 98), (130, 133), (112, 130), (167, 194), (165, 166), (51, 52), (173, 176), (133, 134), (173, 182), (97, 98), (129, 130), (52, 133), (45, 51), (91, 97), (109, 112), (192, 195), (130, 211), (0, 162), (124, 133), (112, 113), (113, 194), (97, 124)}
E2: {(194, 197), (45, 126), (102, 129), (42, 51), (32, 113), (126, 129), (169, 170), (7, 169), (218, 224), (131, 134), (112, 130), (152, 233), (218, 236), (64, 65), (130, 157), (7, 25), (191, 197), (166, 169), (191, 200), (108, 126), (129, 130), (169, 178), (108, 135), (45, 51), (89, 170), (109, 112), (130, 211), (177, 178), (224, 233), (42, 43), (59, 68), (197, 224), (32, 59), (112, 113), (130, 131), (65, 68), (51, 78), (113, 194), (170, 197), (223, 224)}
Obj: 29726

