Log for instance aco_tuning_out/inst03.txt.

Used ({'tau0': 6.937615535889433e-06, 'xi': 0.07000322226687372, 'q0': 0.8259328344322499, 'alpha': 1.4144702071977722, 'beta': 1.897582215362626, 'rho': 0.08176475094706645, 'ants': 18}) and found best instance after 38.390625 seconds.
E1: {(204, 220), (200, 201), (193, 195), (193, 201), (211, 219), (68, 100), (228, 244), (39, 103), (210, 211), (49, 53), (92, 94), (187, 191), (100, 101), (143, 175), (83, 115), (65, 97), (220, 221), (147, 151), (92, 220), (20, 22), (24, 56), (49, 113), (22, 86), (97, 101), (143, 159), (115, 119), (97, 113), (149, 151), (36, 100), (100, 228), (200, 202), (56, 57), (240, 244), (137, 201), (175, 191), (147, 211), (200, 232), (113, 115), (143, 207), (86, 94), (9, 137), (103, 119), (49, 57), (65, 193), (135, 151), (83, 211), (22, 54), (151, 159), (200, 204)}
E2: {(128, 136), (136, 137), (200, 201), (132, 164), (15, 143), (200, 216), (44, 45), (146, 154), (107, 235), (43, 107), (180, 244), (150, 151), (164, 180), (0, 2), (40, 44), (210, 211), (196, 197), (114, 115), (115, 123), (158, 222), (160, 164), (128, 132), (166, 230), (146, 147), (83, 115), (59, 63), (4, 5), (44, 172), (147, 151), (14, 15), (49, 113), (49, 177), (0, 4), (143, 159), (10, 14), (244, 245), (132, 196), (2, 10), (36, 164), (137, 201), (128, 192), (226, 230), (147, 211), (2, 34), (164, 166), (33, 49), (59, 123), (107, 111), (99, 107), (164, 172), (113, 115), (43, 59), (48, 49), (150, 158), (0, 128), (9, 137), (196, 198), (83, 211), (151, 159), (17, 49)}
Obj: 31310

