Log for instance aco_tuning_out/inst12.txt.

Used ({'tau0': 8.613914963906393e-06, 'xi': 0.14574697859969848, 'q0': 0.4568549694035073, 'alpha': 1.0997466880204505, 'beta': 1.26467494952901, 'rho': 0.20648622793681415, 'ants': 10}) and found best instance after 18.25 seconds.
E1: {(92, 119), (20, 23), (118, 119), (125, 134), (208, 211), (199, 208), (36, 37), (23, 104), (5, 86), (102, 104), (37, 118), (86, 89), (27, 189), (86, 104), (36, 39), (39, 120), (109, 118), (27, 36), (27, 45), (119, 125), (91, 118), (85, 166), (5, 32), (85, 86), (118, 199), (83, 86), (83, 92), (189, 195), (37, 43), (20, 182), (0, 27)}
E2: {(56, 65), (19, 46), (119, 200), (162, 168), (118, 119), (217, 223), (210, 211), (153, 156), (234, 236), (169, 170), (75, 78), (135, 153), (102, 156), (45, 46), (162, 216), (55, 56), (37, 118), (168, 177), (156, 157), (166, 169), (216, 217), (45, 207), (168, 169), (55, 217), (134, 215), (153, 234), (89, 170), (109, 118), (75, 156), (55, 64), (71, 152), (32, 59), (207, 210), (210, 212), (65, 71), (19, 25), (207, 234), (216, 234), (212, 215), (37, 43), (37, 46), (56, 59)}
Obj: 31109

