Log for instance aco_tuning_out/inst27.txt.

Used ({'tau_0': 3.0612586277534457e-06, 'xi': 0.1329622135219483, 'q0': 0.7756772068120196, 'alpha': 1.8931956829423289, 'beta': 1.9972080014998133, 'rho': 0.18753105830604566, 'ants': 22}) and found best instance after 14.4375 seconds.
E1: {(154, 155), (196, 228), (243, 251), (155, 187), (147, 155), (43, 107), (52, 116), (43, 171), (206, 238), (116, 244), (228, 244), (28, 30), (48, 176), (249, 251), (209, 213), (36, 52), (52, 54), (147, 151), (28, 60), (221, 253), (52, 60), (14, 30), (31, 159), (142, 158), (39, 47), (204, 206), (10, 14), (2, 10), (28, 29), (27, 155), (187, 251), (213, 215), (132, 196), (144, 176), (249, 253), (151, 215), (2, 34), (250, 251), (158, 190), (107, 111), (158, 159), (142, 206), (171, 187), (23, 151), (113, 115), (48, 52), (2, 3), (115, 243), (30, 31), (31, 63), (151, 159), (47, 111)}
E2: {(185, 249), (243, 251), (155, 187), (147, 155), (20, 148), (101, 109), (87, 95), (251, 255), (57, 185), (132, 148), (87, 119), (249, 251), (240, 248), (6, 14), (216, 248), (10, 42), (194, 202), (125, 127), (147, 151), (20, 22), (221, 253), (248, 249), (14, 15), (127, 255), (31, 95), (31, 159), (194, 226), (10, 14), (132, 196), (20, 52), (187, 251), (123, 251), (13, 15), (249, 253), (13, 141), (226, 230), (111, 127), (194, 198), (250, 251), (15, 31), (6, 22), (42, 58), (144, 148), (48, 52), (196, 198), (109, 111), (166, 230), (30, 31), (151, 159)}
Obj: 28198

