Log for instance aco_tuning_out/inst27.txt.

Used ({'tau_0': 8.839185575249679e-06, 'xi': 0.14550623661925266, 'q0': 0.34798186644897255, 'alpha': 1.259708246474134, 'beta': 0.9832315705511097, 'rho': 0.4534262478421148, 'ants': 24}) and found best instance after 14.859375 seconds.
E1: {(204, 220), (250, 254), (132, 164), (27, 59), (52, 116), (216, 218), (144, 208), (23, 31), (115, 123), (27, 31), (249, 251), (36, 52), (62, 190), (238, 254), (59, 63), (220, 221), (154, 218), (52, 54), (164, 228), (29, 31), (216, 220), (52, 60), (208, 216), (14, 30), (39, 47), (10, 14), (187, 251), (2, 10), (123, 251), (47, 111), (36, 164), (47, 63), (218, 250), (59, 123), (2, 34), (208, 209), (23, 87), (113, 115), (43, 59), (87, 215), (14, 142), (2, 3), (62, 63), (30, 31), (250, 251), (54, 62)}
E2: {(119, 127), (58, 59), (243, 251), (101, 103), (125, 253), (144, 208), (146, 178), (178, 182), (123, 127), (48, 176), (251, 255), (240, 242), (6, 14), (146, 147), (10, 42), (194, 202), (125, 127), (221, 253), (176, 178), (14, 15), (208, 216), (14, 30), (57, 59), (194, 226), (10, 14), (123, 251), (144, 176), (208, 240), (13, 141), (166, 182), (111, 127), (59, 123), (226, 242), (42, 58), (103, 119), (242, 250), (13, 15), (250, 251)}
Obj: 24782

