Log for instance aco_tuning_out/inst12.txt.

Used ({'tau0': 1.774794369235601e-06, 'xi': 0.05178086251934671, 'q0': 0.765199417754037, 'alpha': 1.7110920267750438, 'beta': 1.3090193389783644, 'rho': 0.2964096563219366, 'ants': 12}) and found best instance after 4.390625 seconds.
E1: {(166, 175), (81, 82), (43, 205), (106, 133), (6, 15), (3, 4), (4, 58), (33, 42), (18, 20), (84, 87), (175, 202), (32, 113), (87, 89), (15, 42), (194, 212), (190, 199), (208, 214), (50, 131), (101, 182), (20, 47), (190, 208), (131, 134), (45, 46), (121, 148), (105, 106), (81, 84), (31, 193), (148, 229), (211, 212), (6, 87), (46, 47), (3, 21), (20, 101), (113, 122), (52, 133), (94, 148), (50, 212), (102, 105), (31, 58), (205, 214), (95, 122), (120, 121), (18, 21), (91, 118), (202, 205), (193, 202), (0, 162), (81, 162), (82, 109), (3, 84), (202, 229), (118, 199), (33, 195), (113, 194), (94, 95), (52, 214)}
E2: {(166, 175), (81, 82), (43, 205), (115, 142), (38, 200), (3, 4), (226, 229), (4, 58), (39, 201), (175, 202), (147, 149), (78, 80), (29, 32), (176, 185), (171, 198), (107, 134), (236, 239), (27, 28), (76, 79), (142, 223), (185, 239), (39, 66), (102, 104), (83, 164), (171, 173), (82, 83), (81, 84), (107, 161), (28, 109), (214, 241), (173, 176), (164, 173), (58, 67), (36, 198), (86, 89), (22, 25), (58, 76), (135, 137), (31, 34), (66, 68), (64, 226), (68, 71), (31, 58), (175, 176), (205, 214), (34, 115), (27, 36), (66, 147), (238, 241), (79, 80), (76, 157), (80, 161), (174, 177), (27, 45), (146, 149), (137, 146), (202, 205), (59, 68), (71, 152), (174, 201), (4, 22), (202, 229), (3, 84), (66, 67), (211, 238), (83, 86), (36, 38), (27, 29), (104, 185)}
Obj: 45363

