Log for instance aco_tuning_out/inst06.txt.

Used ({'tau_0': 4.020220899909005e-06, 'xi': 0.13174644598316573, 'q0': 0.6110235189733683, 'alpha': 1.6598844502421457, 'beta': 1.4439786122174993, 'rho': 0.18623233223962188, 'ants': 32}) and found best instance after 26.96875 seconds.
E1: {(232, 236), (105, 107), (220, 222), (180, 244), (206, 238), (129, 131), (17, 21), (82, 114), (1, 3), (212, 220), (172, 236), (206, 207), (174, 175), (14, 46), (166, 174), (6, 14), (174, 190), (82, 83), (206, 222), (220, 221), (212, 244), (192, 208), (21, 85), (46, 47), (208, 210), (39, 47), (17, 81), (236, 238), (172, 174), (28, 29), (1, 17), (217, 249), (240, 244), (24, 28), (81, 83), (82, 210), (81, 89), (21, 23), (107, 111), (21, 29), (46, 174), (208, 212), (78, 206), (217, 221), (130, 131), (236, 237), (1, 129), (45, 47), (131, 135), (21, 53), (47, 111)}
E2: {(193, 195), (32, 34), (193, 201), (162, 226), (32, 40), (18, 26), (101, 103), (180, 244), (103, 231), (87, 95), (193, 225), (196, 197), (2, 66), (1, 3), (187, 191), (157, 159), (34, 162), (189, 191), (196, 212), (166, 174), (174, 175), (87, 119), (93, 95), (174, 190), (193, 197), (32, 36), (156, 157), (26, 90), (212, 244), (162, 170), (157, 189), (1, 5), (244, 245), (132, 196), (68, 196), (230, 231), (1, 17), (32, 96), (226, 230), (175, 191), (162, 163), (2, 34), (129, 193), (103, 119), (2, 3), (1, 129), (89, 93), (2, 18), (166, 230)}
Obj: 29408

