Log for instance aco_tuning_out/inst06.txt.

Used ({'tau_0': 8.613914963906393e-06, 'xi': 0.14574697859969848, 'q0': 0.4568549694035073, 'alpha': 1.0997466880204505, 'beta': 1.26467494952901, 'rho': 0.20648622793681415, 'ants': 10}) and found best instance after 13.875 seconds.
E1: {(192, 194), (111, 239), (210, 242), (105, 107), (81, 85), (188, 190), (3, 7), (206, 238), (104, 105), (210, 214), (89, 217), (130, 194), (1, 3), (212, 214), (238, 239), (206, 207), (174, 175), (166, 174), (14, 46), (23, 55), (7, 135), (6, 14), (174, 190), (85, 213), (25, 89), (206, 222), (240, 242), (180, 188), (39, 47), (104, 232), (114, 242), (212, 213), (172, 174), (47, 111), (214, 222), (53, 55), (217, 249), (24, 25), (81, 83), (81, 89), (237, 239), (107, 111), (194, 210), (46, 174), (78, 206), (7, 39), (217, 221), (1, 129), (45, 47), (39, 55), (175, 239)}
E2: {(193, 195), (193, 201), (162, 226), (188, 190), (98, 226), (156, 158), (101, 103), (197, 229), (193, 225), (103, 231), (196, 197), (34, 50), (18, 50), (1, 3), (100, 101), (34, 98), (212, 214), (158, 222), (196, 212), (193, 197), (96, 100), (73, 89), (188, 189), (162, 170), (180, 188), (229, 245), (170, 171), (1, 5), (17, 145), (129, 145), (132, 196), (34, 42), (66, 74), (68, 196), (36, 100), (214, 222), (74, 90), (162, 166), (162, 163), (66, 98), (73, 201), (158, 190), (171, 175), (101, 229), (171, 187), (40, 42), (129, 193), (103, 119), (1, 129), (158, 159), (96, 98)}
Obj: 30577

