Log for instance aco_tuning_out/inst21.txt.

Used ({'tau0': 3.5413625395276035e-06, 'xi': 0.13677021617214064, 'q0': 0.40454797157881806, 'alpha': 1.9054287973649844, 'beta': 1.2761266989533575, 'rho': 0.43117638553854254, 'ants': 24}) and found best instance after 10.546875 seconds.
E1: {(175, 184), (166, 184), (39, 201), (99, 100), (55, 136), (64, 145), (29, 32), (217, 223), (153, 159), (189, 191), (174, 175), (136, 145), (136, 154), (27, 189), (191, 200), (141, 159), (20, 101), (55, 217), (36, 39), (100, 103), (103, 184), (175, 176), (27, 36), (174, 177), (99, 153), (27, 45), (14, 176), (99, 101), (141, 143), (174, 201), (135, 136), (201, 228), (143, 152), (100, 154), (27, 29), (20, 182)}
E2: {(81, 82), (4, 58), (87, 141), (119, 200), (84, 87), (118, 119), (41, 122), (43, 52), (64, 145), (38, 41), (124, 205), (234, 236), (101, 182), (100, 101), (61, 223), (195, 204), (1, 82), (120, 122), (81, 84), (136, 145), (82, 83), (58, 61), (51, 52), (103, 157), (118, 124), (25, 52), (118, 127), (0, 1), (118, 145), (38, 119), (100, 103), (205, 214), (45, 51), (144, 225), (109, 127), (100, 127), (91, 118), (211, 214), (41, 50), (59, 68), (141, 143), (32, 50), (144, 145), (135, 136), (41, 68), (216, 225), (143, 152), (1, 4), (51, 78), (204, 205), (83, 89), (216, 234), (82, 136), (52, 214)}
Obj: 34380

