Log for instance aco_tuning_out/inst06.txt.

Used ({'tau0': 5.726334506587264e-06, 'xi': 0.09378720394945064, 'q0': 0.4650245999867171, 'alpha': 1.6109205787989367, 'beta': 0.9785683305047798, 'rho': 0.3960780669283891, 'ants': 24}) and found best instance after 17.53125 seconds.
E1: {(128, 130), (128, 136), (136, 137), (47, 175), (55, 63), (132, 164), (192, 194), (219, 223), (232, 248), (211, 219), (206, 238), (86, 87), (164, 180), (210, 211), (23, 31), (0, 8), (130, 194), (1, 3), (1, 9), (114, 118), (221, 223), (8, 24), (172, 236), (121, 249), (128, 129), (85, 213), (249, 251), (240, 248), (128, 132), (6, 14), (143, 175), (62, 190), (206, 222), (142, 143), (86, 118), (105, 121), (46, 47), (248, 249), (134, 142), (135, 143), (39, 47), (212, 213), (83, 87), (236, 238), (213, 215), (134, 166), (53, 55), (89, 121), (47, 63), (62, 63), (194, 210), (164, 172), (14, 142), (143, 207), (78, 206), (0, 128), (9, 137), (236, 237), (219, 251), (132, 134), (45, 47), (83, 211), (31, 63), (215, 223)}
E2: {(128, 130), (128, 136), (136, 137), (193, 195), (32, 34), (32, 40), (132, 164), (193, 201), (18, 26), (188, 190), (119, 127), (229, 231), (164, 180), (193, 225), (196, 197), (130, 194), (1, 3), (1, 9), (2, 130), (66, 194), (156, 188), (187, 191), (196, 212), (128, 129), (174, 175), (128, 132), (62, 190), (174, 190), (193, 197), (32, 36), (25, 89), (26, 90), (162, 170), (180, 188), (188, 189), (229, 245), (194, 226), (225, 229), (1, 5), (132, 196), (9, 25), (68, 196), (63, 127), (63, 191), (32, 96), (130, 162), (162, 166), (162, 163), (2, 34), (101, 229), (9, 137), (17, 25), (2, 18), (62, 63), (159, 191)}
Obj: 34307

