Log for instance aco_tuning_out/inst09.txt.

Used ({'tau_0': 4.498936448740942e-06, 'xi': 0.13853729626942535, 'q0': 0.527822666374638, 'alpha': 1.6196713237028468, 'beta': 0.6656100225587412, 'rho': 0.18622598889901743, 'ants': 24}) and found best instance after 14.21875 seconds.
E1: {(162, 165), (84, 87), (87, 89), (84, 102), (234, 236), (75, 78), (72, 234), (162, 216), (201, 202), (72, 75), (165, 166), (120, 201), (84, 165), (135, 216), (196, 205), (174, 177), (76, 157), (196, 223), (14, 176), (202, 205), (0, 162), (165, 174), (174, 201), (75, 76), (216, 234), (43, 205), (174, 176)}
E2: {(68, 149), (58, 59), (4, 58), (3, 4), (83, 137), (195, 204), (166, 220), (58, 220), (211, 212), (177, 204), (36, 198), (39, 41), (58, 76), (22, 25), (36, 39), (50, 212), (39, 120), (36, 45), (76, 157), (128, 134), (146, 149), (137, 146), (146, 155), (146, 152), (32, 41), (41, 50), (59, 68), (220, 223), (22, 76), (128, 155), (41, 68), (0, 3), (83, 89), (198, 204)}
Obj: 26445

