Log for instance aco_tuning_out/inst09.txt.

Used ({'tau0': 3.023061298280671e-06, 'xi': 0.05271286661722294, 'q0': 0.5077385132207571, 'alpha': 0.4440555976676415, 'beta': 1.176945645340894, 'rho': 0.3517258170055353, 'ants': 22}) and found best instance after 36.734375 seconds.
E1: {(166, 184), (15, 42), (76, 238), (39, 42), (236, 239), (75, 78), (238, 239), (184, 238), (140, 158), (223, 241), (12, 21), (86, 89), (135, 137), (12, 39), (238, 241), (39, 120), (76, 157), (21, 75), (137, 140), (18, 21), (42, 43), (158, 239), (12, 14), (86, 140), (21, 102), (15, 177), (75, 76), (0, 18)}
E2: {(185, 188), (3, 4), (4, 58), (58, 59), (139, 157), (176, 185), (5, 86), (149, 152), (166, 220), (58, 220), (195, 213), (26, 188), (120, 122), (186, 213), (177, 186), (4, 5), (86, 89), (139, 220), (86, 95), (134, 215), (186, 188), (213, 215), (95, 122), (45, 51), (51, 213), (220, 223), (211, 214), (95, 149), (0, 3), (95, 176), (5, 32), (214, 215), (25, 26)}
Obj: 26608

