Log for instance aco_tuning_out/inst15.txt.

Used ({'tau0': 3.986574795084688e-06, 'xi': 0.12869898263116974, 'q0': 0.7324104580466773, 'alpha': 0.38736117587741714, 'beta': 0.6247624947394189, 'rho': 0.4525392981526261, 'ants': 9}) and found best instance after 7.53125 seconds.
E1: {(226, 232), (226, 229), (180, 186), (228, 229), (151, 232), (159, 160), (199, 205), (78, 159), (195, 213), (157, 160), (186, 213), (177, 186), (180, 182), (64, 226), (205, 214), (109, 118), (151, 160), (91, 118), (205, 232), (199, 200), (213, 214), (118, 199), (43, 205)}
E2: {(166, 175), (226, 229), (14, 68), (175, 202), (228, 229), (66, 228), (6, 33), (207, 209), (38, 47), (29, 38), (29, 32), (180, 207), (75, 78), (66, 75), (109, 110), (6, 8), (200, 209), (18, 19), (209, 215), (0, 18), (180, 182), (209, 236), (66, 68), (134, 215), (108, 135), (64, 226), (29, 110), (18, 180), (205, 214), (174, 177), (108, 110), (211, 214), (202, 205), (59, 68), (202, 229), (0, 6), (47, 209), (19, 25), (174, 228), (33, 195), (214, 215), (45, 47), (43, 205), (8, 89)}
Obj: 26775

