Log for instance aco_tuning_out/inst27.txt.

Used ({'tau0': 9.24915798617957e-06, 'xi': 0.05399113180694906, 'q0': 0.5348646852525689, 'alpha': 0.8177192610685395, 'beta': 1.9504865720120417, 'rho': 0.35361961105123524, 'ants': 16}) and found best instance after 32.546875 seconds.
E1: {(196, 228), (146, 154), (27, 59), (60, 62), (146, 178), (82, 114), (1, 3), (36, 37), (28, 30), (221, 223), (132, 133), (5, 37), (121, 249), (37, 39), (110, 111), (62, 190), (82, 83), (81, 209), (50, 54), (59, 63), (28, 60), (144, 146), (112, 114), (14, 30), (114, 242), (83, 87), (46, 62), (1, 5), (132, 196), (28, 29), (110, 238), (81, 83), (2, 34), (50, 114), (50, 178), (59, 187), (46, 110), (23, 87), (43, 59), (87, 215), (112, 113), (5, 133), (14, 142), (112, 116), (2, 3), (113, 121), (242, 250), (196, 204), (62, 63), (34, 50), (215, 223), (54, 62)}
E2: {(58, 59), (15, 143), (98, 226), (125, 253), (216, 218), (113, 117), (112, 240), (82, 114), (48, 112), (186, 250), (211, 243), (178, 182), (115, 123), (253, 255), (30, 94), (6, 14), (58, 186), (82, 86), (202, 218), (221, 253), (14, 15), (15, 47), (101, 117), (112, 114), (14, 30), (57, 59), (10, 14), (115, 119), (117, 125), (166, 182), (218, 250), (59, 123), (147, 211), (145, 147), (141, 143), (144, 145), (113, 115), (112, 113), (98, 114), (86, 94), (115, 243), (178, 186), (47, 111)}
Obj: 28684

