Log for instance aco_tuning_out/inst09.txt.

Used ({'tau0': 3.5413625395276035e-06, 'xi': 0.13677021617214064, 'q0': 0.40454797157881806, 'alpha': 1.9054287973649844, 'beta': 1.2761266989533575, 'rho': 0.43117638553854254, 'ants': 24}) and found best instance after 8.578125 seconds.
E1: {(93, 102), (13, 94), (39, 201), (171, 174), (162, 171), (139, 148), (93, 120), (162, 168), (139, 157), (217, 220), (166, 220), (13, 14), (15, 69), (218, 236), (12, 15), (139, 220), (94, 148), (39, 120), (13, 16), (89, 170), (15, 16), (201, 204), (168, 170), (220, 223), (0, 162), (136, 217), (174, 201), (217, 218), (135, 136), (69, 78), (12, 93), (15, 177), (204, 205), (43, 205)}
E2: {(194, 197), (226, 232), (58, 59), (162, 165), (226, 229), (98, 107), (19, 46), (162, 168), (165, 167), (175, 202), (93, 120), (116, 134), (167, 176), (45, 46), (89, 107), (167, 194), (98, 152), (223, 232), (168, 177), (165, 166), (40, 202), (58, 67), (20, 101), (116, 197), (195, 197), (94, 148), (32, 194), (19, 20), (175, 176), (93, 94), (40, 67), (94, 175), (0, 162), (202, 211), (101, 107), (202, 229), (19, 25), (93, 96), (148, 157), (96, 98)}
Obj: 30574

