Log for instance aco_tuning_out/inst06.txt.

Used ({'tau_0': 6.2578016549988135e-06, 'xi': 0.07695855038194482, 'q0': 0.6338595363337294, 'alpha': 1.3781099098119947, 'beta': 1.0918136498914073, 'rho': 0.20985761634934252, 'ants': 15}) and found best instance after 16.53125 seconds.
E1: {(192, 194), (47, 175), (232, 236), (145, 149), (180, 244), (86, 87), (237, 253), (210, 211), (87, 95), (210, 214), (130, 194), (114, 118), (212, 214), (91, 95), (206, 207), (149, 213), (174, 175), (166, 174), (14, 46), (45, 61), (6, 14), (85, 213), (174, 190), (105, 109), (206, 222), (212, 244), (46, 47), (221, 253), (86, 214), (89, 91), (39, 47), (10, 11), (212, 213), (10, 14), (172, 174), (236, 238), (28, 29), (29, 61), (129, 145), (213, 221), (134, 166), (214, 222), (174, 238), (53, 61), (109, 237), (240, 244), (24, 28), (249, 253), (3, 11), (134, 135), (194, 210), (23, 87), (78, 206), (130, 134), (45, 47), (83, 211), (86, 118)}
E2: {(90, 91), (119, 127), (193, 195), (193, 201), (32, 40), (32, 34), (132, 164), (18, 26), (228, 244), (164, 180), (193, 225), (196, 197), (2, 66), (1, 3), (187, 191), (156, 188), (157, 159), (132, 133), (91, 95), (166, 174), (174, 175), (96, 97), (143, 175), (174, 190), (193, 197), (32, 36), (212, 244), (26, 90), (164, 228), (188, 189), (157, 189), (89, 91), (31, 95), (97, 101), (31, 159), (143, 159), (170, 174), (17, 145), (1, 5), (129, 145), (132, 196), (244, 245), (68, 196), (230, 231), (32, 96), (226, 230), (175, 191), (163, 171), (2, 34), (228, 230), (171, 187), (5, 133), (129, 193), (97, 225), (166, 230), (95, 127)}
Obj: 33466

