Log for instance aco_tuning_out/inst18.txt.

Used ({'tau_0': 1.6998009274389792e-06, 'xi': 0.07574288908876978, 'q0': 0.3437997878588728, 'alpha': 0.9960324515524092, 'beta': 0.6033193519507508, 'rho': 0.22849098583736227, 'ants': 30}) and found best instance after 135.625 seconds.
E1: {(90, 94), (99, 103), (124, 126), (82, 90), (58, 62), (5, 7), (128, 160), (39, 103), (252, 253), (1, 3), (1, 9), (85, 213), (62, 126), (197, 213), (209, 213), (45, 61), (61, 63), (147, 151), (128, 144), (245, 253), (80, 82), (22, 150), (103, 111), (46, 62), (1, 5), (29, 61), (213, 215), (6, 7), (151, 215), (110, 238), (145, 147), (73, 201), (6, 22), (213, 245), (124, 252), (46, 110), (144, 145), (94, 126), (7, 39), (9, 73), (57, 61), (66, 82), (62, 63), (94, 95), (22, 54), (151, 159), (54, 62)}
E2: {(232, 236), (24, 88), (24, 152), (124, 126), (44, 45), (35, 51), (72, 88), (152, 154), (40, 44), (108, 124), (114, 115), (82, 114), (252, 253), (115, 123), (172, 236), (5, 37), (30, 94), (37, 45), (152, 184), (224, 240), (82, 86), (44, 108), (73, 89), (35, 163), (108, 236), (245, 253), (221, 253), (80, 82), (22, 86), (14, 30), (78, 94), (22, 150), (80, 88), (236, 238), (88, 89), (160, 224), (82, 210), (51, 115), (60, 124), (124, 252), (94, 126), (113, 115), (86, 94), (14, 142), (9, 73), (37, 101), (66, 82), (22, 54), (224, 232)}
Obj: 28011

