Log for instance aco_tuning_out/inst18.txt.

Used ({'tau_0': 6.651390889237055e-06, 'xi': 0.11158156951036152, 'q0': 0.3891327832249725, 'alpha': 0.5704086329673803, 'beta': 0.45022269695520334, 'rho': 0.05657845121910911, 'ants': 23}) and found best instance after 150.828125 seconds.
E1: {(81, 85), (61, 63), (103, 111), (29, 61), (63, 127), (209, 211), (213, 245), (0, 64), (80, 81), (57, 61), (0, 128), (95, 127), (64, 66), (39, 103), (128, 160), (1, 3), (62, 126), (211, 215), (193, 209), (46, 47), (159, 223), (95, 223), (1, 5), (213, 215), (65, 81), (215, 223), (54, 62), (47, 111), (99, 103), (58, 62), (5, 13), (244, 252), (64, 65), (14, 46), (45, 61), (81, 209), (193, 197), (244, 245), (110, 238), (147, 211), (46, 110), (26, 58), (62, 63), (22, 54), (193, 201), (6, 14), (13, 29), (26, 90), (22, 150), (9, 13), (46, 62)}
E2: {(232, 236), (24, 88), (114, 118), (100, 101), (240, 242), (58, 186), (88, 120), (32, 160), (162, 163), (228, 236), (80, 81), (154, 186), (160, 162), (12, 13), (60, 62), (114, 115), (40, 56), (115, 123), (62, 126), (14, 30), (1, 5), (76, 108), (14, 142), (66, 70), (70, 86), (54, 62), (58, 62), (72, 88), (5, 13), (1, 9), (172, 236), (78, 110), (14, 46), (108, 236), (12, 76), (245, 253), (221, 253), (114, 242), (76, 78), (100, 228), (110, 238), (120, 121), (51, 115), (46, 110), (81, 113), (22, 54), (236, 252), (56, 120), (56, 184), (210, 242), (32, 40), (252, 253), (56, 58), (22, 150), (46, 62), (54, 118), (89, 121), (113, 115), (86, 118)}
Obj: 31790

