Log for instance aco_tuning_out/inst30.txt.

Used ({'tau0': 8.93751488559124e-06, 'xi': 0.07498280708831719, 'q0': 0.7003533283222684, 'alpha': 1.84655149702223, 'beta': 0.36999618301213544, 'rho': 0.353807119950786, 'ants': 24}) and found best instance after 8.46875 seconds.
E1: {(162, 168), (20, 23), (162, 180), (32, 113), (102, 129), (207, 209), (50, 131), (129, 131), (180, 207), (131, 134), (14, 95), (149, 152), (112, 130), (120, 122), (200, 206), (209, 215), (168, 177), (211, 212), (209, 236), (113, 122), (64, 226), (195, 197), (50, 212), (118, 145), (19, 20), (95, 122), (197, 206), (109, 112), (109, 118), (206, 215), (0, 162), (95, 149), (145, 226), (130, 131), (112, 113), (91, 145), (19, 25), (212, 215), (23, 50)}
E2: {(166, 175), (185, 188), (45, 126), (99, 100), (118, 119), (127, 128), (176, 185), (100, 101), (172, 175), (172, 181), (176, 203), (174, 175), (200, 203), (162, 164), (181, 235), (103, 157), (173, 176), (164, 173), (118, 127), (135, 137), (20, 101), (172, 226), (64, 226), (99, 126), (195, 197), (100, 103), (235, 236), (19, 20), (118, 145), (175, 176), (109, 118), (174, 177), (197, 215), (128, 134), (91, 118), (137, 146), (0, 162), (181, 182), (146, 152), (145, 226), (119, 146), (19, 181), (19, 25), (174, 228), (188, 215)}
Obj: 34376

