Log for instance aco_tuning_out/inst30.txt.

Used ({'tau0': 1.6439317200303233e-06, 'xi': 0.07746694961935612, 'q0': 0.6106338054732293, 'alpha': 1.8489351800014946, 'beta': 0.9702307798494468, 'rho': 0.2665529796010956, 'ants': 30}) and found best instance after 16.28125 seconds.
E1: {(175, 184), (101, 155), (171, 174), (162, 171), (92, 119), (162, 168), (175, 202), (11, 173), (73, 154), (170, 224), (9, 11), (25, 187), (2, 11), (91, 92), (100, 101), (2, 5), (109, 110), (152, 233), (102, 104), (201, 202), (92, 173), (120, 201), (168, 195), (173, 200), (174, 177), (110, 119), (168, 170), (224, 233), (128, 134), (64, 73), (184, 187), (0, 162), (9, 171), (110, 128), (202, 211), (101, 104), (174, 201), (128, 155), (5, 14), (100, 154), (5, 32), (155, 236)}
E2: {(166, 175), (33, 42), (162, 171), (39, 201), (128, 209), (175, 202), (118, 119), (66, 228), (139, 157), (73, 154), (171, 198), (61, 79), (36, 37), (65, 146), (39, 66), (201, 202), (34, 61), (37, 118), (28, 109), (200, 209), (154, 160), (79, 160), (36, 198), (177, 204), (135, 137), (209, 236), (31, 34), (66, 68), (182, 209), (68, 71), (31, 58), (36, 42), (36, 45), (25, 79), (128, 134), (64, 73), (91, 118), (119, 128), (0, 162), (137, 146), (71, 152), (58, 139), (65, 71), (33, 195), (28, 37), (198, 204), (28, 34), (198, 201)}
Obj: 36234

