Log for instance aco_tuning_out/inst09.txt.

Used ({'tau_0': 4.426929263156353e-06, 'xi': 0.06025838234537617, 'q0': 0.705001489203017, 'alpha': 1.7379886783859488, 'beta': 1.7095931918554976, 'rho': 0.10716913974093385, 'ants': 23}) and found best instance after 29.984375 seconds.
E1: {(166, 175), (3, 4), (4, 58), (162, 171), (171, 177), (135, 138), (120, 147), (199, 205), (176, 185), (84, 102), (236, 239), (75, 78), (172, 175), (185, 239), (223, 232), (172, 199), (81, 84), (84, 138), (58, 76), (175, 176), (76, 157), (14, 176), (81, 83), (171, 172), (0, 162), (205, 232), (81, 162), (3, 84), (75, 76), (83, 89), (138, 147), (43, 205)}
E2: {(166, 175), (171, 174), (162, 171), (39, 201), (162, 168), (171, 177), (175, 202), (217, 223), (107, 134), (20, 47), (100, 101), (152, 233), (39, 66), (174, 175), (83, 164), (162, 164), (103, 157), (120, 201), (168, 195), (68, 230), (20, 101), (66, 68), (100, 103), (19, 20), (164, 218), (0, 162), (59, 68), (202, 211), (174, 201), (217, 218), (101, 107), (32, 59), (83, 89), (19, 25), (45, 47), (230, 233), (83, 101)}
Obj: 28372

