Log for instance aco_tuning_out/inst18.txt.

Used ({'tau_0': 8.908613414444593e-06, 'xi': 0.1316659796537964, 'q0': 0.44184378094598165, 'alpha': 1.5856828467501214, 'beta': 0.9751219636880748, 'rho': 0.2735558699054583, 'ants': 18}) and found best instance after 16.765625 seconds.
E1: {(197, 205), (136, 137), (128, 136), (105, 107), (81, 85), (211, 219), (50, 58), (4, 6), (150, 151), (70, 198), (206, 238), (29, 157), (128, 160), (57, 121), (252, 253), (114, 118), (1, 9), (157, 159), (1, 3), (198, 206), (205, 221), (201, 205), (6, 70), (81, 209), (4, 5), (147, 151), (90, 218), (245, 253), (221, 253), (46, 47), (105, 121), (112, 114), (39, 47), (1, 5), (63, 127), (54, 118), (80, 112), (209, 211), (151, 215), (137, 201), (147, 211), (50, 114), (111, 127), (107, 111), (99, 107), (118, 126), (126, 127), (80, 81), (9, 137), (66, 70), (218, 219), (45, 47), (157, 221), (95, 127), (151, 159), (47, 111)}
E2: {(90, 91), (136, 137), (168, 172), (160, 168), (163, 167), (91, 123), (168, 184), (108, 124), (112, 240), (252, 253), (114, 118), (1, 9), (142, 174), (174, 175), (16, 80), (62, 126), (168, 232), (50, 51), (110, 126), (82, 86), (245, 253), (150, 214), (221, 253), (86, 214), (80, 82), (89, 91), (112, 114), (97, 101), (40, 168), (167, 175), (74, 78), (138, 142), (172, 174), (66, 74), (1, 5), (97, 113), (54, 118), (74, 90), (80, 112), (174, 238), (72, 74), (110, 238), (136, 138), (138, 154), (16, 24), (108, 110), (82, 210), (50, 114), (60, 124), (124, 252), (30, 62), (112, 113), (9, 137), (66, 82), (54, 62)}
Obj: 32142

