Log for instance aco_tuning_out/inst06.txt.

Used ({'tau0': 4.426929263156353e-06, 'xi': 0.06025838234537617, 'q0': 0.705001489203017, 'alpha': 1.7379886783859488, 'beta': 1.7095931918554976, 'rho': 0.10716913974093385, 'ants': 23}) and found best instance after 29.265625 seconds.
E1: {(47, 175), (192, 200), (105, 107), (81, 85), (156, 158), (180, 244), (206, 238), (237, 253), (38, 166), (129, 131), (200, 204), (82, 114), (156, 188), (2, 130), (131, 135), (206, 207), (158, 222), (53, 181), (85, 213), (82, 83), (206, 222), (212, 244), (180, 188), (221, 253), (46, 47), (6, 38), (39, 47), (204, 206), (212, 213), (83, 87), (213, 221), (249, 253), (110, 238), (24, 28), (240, 244), (81, 83), (82, 210), (180, 181), (81, 89), (158, 190), (107, 111), (46, 110), (23, 87), (38, 39), (200, 232), (78, 206), (130, 131), (2, 3), (2, 6), (45, 47), (28, 156), (172, 188), (47, 111)}
E2: {(90, 91), (193, 195), (193, 201), (162, 226), (156, 158), (180, 244), (70, 198), (3, 19), (40, 44), (193, 225), (196, 197), (1, 3), (187, 191), (83, 91), (34, 162), (189, 191), (196, 212), (96, 97), (193, 197), (18, 19), (212, 244), (44, 108), (162, 170), (245, 247), (89, 91), (181, 189), (97, 101), (1, 5), (244, 245), (132, 196), (226, 227), (119, 247), (162, 166), (175, 191), (180, 181), (162, 163), (76, 108), (195, 227), (158, 190), (158, 159), (17, 19), (66, 70), (129, 193), (1, 129), (196, 198), (68, 70), (97, 225), (19, 83), (227, 231), (36, 44), (68, 76), (159, 191)}
Obj: 31590

