Log for instance aco_tuning_out/inst15.txt.

Used ({'tau0': 8.990632486830376e-06, 'xi': 0.09595706500151588, 'q0': 0.4417965567940394, 'alpha': 1.6457162341639056, 'beta': 1.8792939670585154, 'rho': 0.14228615039412212, 'ants': 30}) and found best instance after 105.875 seconds.
E1: {(43, 205), (198, 225), (171, 180), (171, 198), (195, 204), (63, 64), (154, 157), (145, 154), (180, 182), (177, 204), (63, 225), (118, 145), (198, 199), (109, 118), (63, 69), (91, 118), (199, 200), (69, 78), (225, 228), (204, 205), (118, 199), (198, 204)}
E2: {(109, 190), (14, 68), (6, 24), (66, 228), (24, 51), (208, 211), (190, 199), (39, 42), (199, 208), (195, 204), (3, 165), (199, 226), (39, 66), (6, 8), (81, 84), (30, 39), (209, 215), (165, 166), (3, 6), (177, 204), (209, 236), (3, 30), (66, 68), (134, 215), (64, 226), (182, 209), (198, 199), (45, 51), (30, 32), (24, 25), (81, 135), (42, 43), (59, 68), (199, 200), (208, 209), (3, 84), (0, 6), (51, 78), (42, 204), (8, 89), (198, 204)}
Obj: 25520

