Log for instance aco_tuning_out/inst12.txt.

Used ({'tau0': 7.35696843598511e-06, 'xi': 0.13099405837312028, 'q0': 0.39430175087041053, 'alpha': 1.838983583452214, 'beta': 0.7213281426644318, 'rho': 0.11968092308615733, 'ants': 31}) and found best instance after 129.96875 seconds.
E1: {(166, 193), (18, 99), (199, 205), (107, 134), (101, 182), (117, 120), (89, 107), (117, 126), (193, 194), (0, 18), (99, 102), (99, 126), (32, 194), (196, 205), (109, 118), (193, 196), (99, 101), (91, 118), (193, 211), (101, 107), (18, 45), (195, 196), (118, 199), (117, 118), (43, 205)}
E2: {(81, 82), (101, 155), (166, 184), (5, 59), (171, 177), (171, 180), (18, 99), (184, 211), (70, 79), (171, 198), (43, 70), (5, 86), (134, 161), (198, 200), (160, 161), (22, 184), (82, 83), (79, 160), (99, 102), (81, 99), (86, 89), (22, 25), (166, 169), (78, 79), (155, 161), (25, 79), (81, 135), (64, 70), (99, 101), (169, 223), (99, 180), (18, 45), (152, 161), (82, 109), (5, 32), (83, 86), (157, 160), (155, 236)}
Obj: 27864

