Log for instance aco_tuning_out/inst12.txt.

Used ({'tau_0': 8.613914963906393e-06, 'xi': 0.14574697859969848, 'q0': 0.4568549694035073, 'alpha': 1.0997466880204505, 'beta': 1.26467494952901, 'rho': 0.20648622793681415, 'ants': 10}) and found best instance after 10.265625 seconds.
E1: {(48, 210), (92, 119), (162, 171), (162, 168), (118, 119), (20, 23), (125, 134), (210, 211), (171, 198), (5, 86), (120, 122), (168, 195), (198, 199), (21, 48), (166, 167), (45, 48), (109, 118), (119, 122), (5, 167), (119, 125), (91, 118), (0, 162), (21, 23), (37, 199), (5, 23), (21, 102), (83, 89), (5, 32), (118, 199), (83, 86), (83, 92), (37, 43), (20, 182)}
E2: {(56, 65), (4, 58), (3, 4), (58, 59), (48, 210), (55, 136), (43, 52), (53, 215), (217, 223), (210, 211), (3, 165), (24, 78), (55, 56), (218, 236), (165, 166), (21, 24), (84, 86), (3, 21), (58, 76), (191, 200), (48, 50), (55, 217), (134, 215), (21, 48), (191, 218), (45, 48), (24, 25), (55, 58), (174, 177), (76, 157), (109, 136), (55, 64), (50, 53), (71, 152), (52, 53), (32, 50), (165, 174), (135, 136), (217, 218), (3, 84), (21, 102), (65, 71), (83, 89), (83, 86)}
Obj: 31396

