Log for instance aco_tuning_out/inst24.txt.

Used ({'tau0': 6.2578016549988135e-06, 'xi': 0.07695855038194482, 'q0': 0.6338595363337294, 'alpha': 1.3781099098119947, 'beta': 1.0918136498914073, 'rho': 0.20985761634934252, 'ants': 15}) and found best instance after 11.875 seconds.
E1: {(76, 92), (42, 106), (99, 103), (171, 235), (154, 158), (146, 154), (107, 235), (12, 13), (13, 45), (43, 171), (0, 2), (108, 124), (242, 243), (40, 56), (2, 130), (252, 253), (158, 222), (56, 58), (240, 242), (10, 42), (90, 218), (12, 76), (221, 253), (14, 15), (144, 146), (139, 171), (106, 107), (10, 14), (2, 10), (56, 57), (130, 162), (13, 141), (218, 250), (2, 34), (12, 14), (76, 108), (158, 190), (99, 107), (71, 103), (124, 252), (42, 58), (218, 222), (242, 250), (130, 146), (158, 159), (160, 162)}
E2: {(55, 63), (90, 94), (132, 164), (164, 165), (84, 212), (60, 62), (0, 2), (146, 178), (187, 191), (221, 223), (133, 165), (53, 181), (196, 212), (94, 222), (88, 90), (128, 132), (166, 230), (146, 147), (128, 144), (164, 228), (181, 183), (191, 255), (88, 120), (165, 181), (144, 146), (239, 255), (2, 10), (132, 196), (106, 122), (230, 231), (63, 191), (199, 231), (88, 89), (55, 183), (226, 230), (180, 181), (2, 34), (237, 239), (164, 166), (84, 85), (222, 223), (223, 255), (5, 133), (0, 128), (90, 122), (195, 199), (114, 122), (62, 63), (175, 239)}
Obj: 28602

