Log for instance aco_tuning_out/inst15.txt.

Used ({'tau_0': 7.199516623553175e-06, 'xi': 0.11757684122784635, 'q0': 0.8950304976400971, 'alpha': 1.7862372914817117, 'beta': 1.3396042945590478, 'rho': 0.08070539620138223, 'ants': 25}) and found best instance after 57.890625 seconds.
E1: {(118, 119), (66, 228), (171, 198), (75, 78), (66, 75), (34, 43), (171, 173), (58, 67), (36, 198), (58, 76), (173, 182), (31, 34), (38, 119), (173, 200), (31, 58), (109, 118), (174, 177), (76, 157), (33, 34), (64, 67), (91, 118), (174, 201), (66, 67), (174, 228), (33, 195), (36, 38), (198, 201)}
E2: {(166, 175), (58, 59), (54, 135), (28, 55), (55, 136), (175, 202), (0, 54), (31, 32), (171, 198), (75, 78), (174, 176), (34, 43), (227, 236), (54, 55), (34, 52), (72, 75), (136, 145), (171, 173), (83, 164), (28, 109), (133, 134), (164, 173), (36, 198), (25, 52), (173, 182), (31, 34), (52, 133), (64, 226), (173, 200), (31, 58), (175, 176), (36, 45), (174, 177), (226, 227), (33, 34), (14, 176), (54, 72), (202, 211), (173, 227), (145, 226), (174, 201), (83, 89), (174, 228), (33, 195), (28, 34), (198, 201)}
Obj: 27340

