Log for instance aco_tuning_out/inst15.txt.

Used ({'tau0': 5.888779735025123e-06, 'xi': 0.14210673593322504, 'q0': 0.5532221197439141, 'alpha': 1.4492226579119356, 'beta': 1.732090480737235, 'rho': 0.42744550361996797, 'ants': 10}) and found best instance after 4.09375 seconds.
E1: {(81, 82), (4, 58), (162, 171), (37, 64), (171, 177), (162, 180), (4, 85), (112, 115), (162, 189), (171, 198), (75, 78), (36, 37), (189, 191), (198, 200), (85, 112), (180, 182), (36, 198), (191, 197), (58, 76), (195, 197), (109, 115), (76, 157), (82, 85), (171, 172), (81, 162), (201, 228), (75, 76), (37, 43), (198, 201), (91, 172)}
E2: {(166, 175), (226, 232), (3, 4), (58, 59), (4, 58), (162, 171), (18, 20), (84, 87), (162, 168), (226, 229), (66, 228), (175, 202), (108, 109), (43, 52), (171, 198), (234, 236), (66, 75), (72, 234), (198, 200), (0, 81), (39, 66), (72, 75), (30, 39), (81, 87), (72, 78), (229, 230), (214, 241), (195, 222), (168, 186), (177, 186), (86, 89), (25, 52), (68, 230), (81, 108), (20, 101), (66, 68), (64, 226), (108, 135), (238, 241), (30, 32), (205, 214), (168, 222), (36, 45), (128, 134), (21, 75), (18, 21), (202, 205), (9, 171), (205, 232), (84, 85), (81, 162), (41, 68), (3, 84), (211, 238), (85, 86), (9, 18), (101, 128), (14, 41), (20, 182), (9, 36), (52, 214)}
Obj: 33056

