Log for instance aco_tuning_out/inst18.txt.

Used ({'tau0': 3.023061298280671e-06, 'xi': 0.05271286661722294, 'q0': 0.5077385132207571, 'alpha': 0.4440555976676415, 'beta': 1.176945645340894, 'rho': 0.3517258170055353, 'ants': 22}) and found best instance after 198.703125 seconds.
E1: {(90, 91), (193, 201), (132, 164), (81, 85), (99, 103), (58, 62), (5, 7), (86, 87), (39, 103), (87, 95), (1, 3), (156, 188), (1, 9), (157, 159), (91, 95), (85, 213), (62, 126), (197, 213), (45, 61), (160, 164), (193, 197), (156, 157), (61, 63), (147, 151), (22, 86), (22, 150), (22, 54), (103, 111), (46, 62), (1, 5), (29, 61), (213, 215), (85, 87), (6, 7), (151, 215), (110, 238), (54, 62), (213, 245), (188, 252), (46, 110), (7, 39), (80, 81), (66, 70), (57, 61), (70, 86), (134, 150), (132, 134), (62, 63), (6, 70), (151, 159), (209, 213)}
E2: {(168, 172), (160, 168), (154, 158), (91, 123), (168, 184), (163, 179), (86, 87), (8, 9), (87, 95), (112, 240), (28, 30), (114, 118), (1, 9), (252, 253), (8, 24), (91, 95), (172, 236), (30, 158), (168, 232), (82, 86), (108, 236), (28, 60), (245, 253), (221, 253), (70, 78), (89, 91), (80, 82), (22, 86), (49, 113), (112, 114), (142, 158), (8, 72), (22, 150), (40, 168), (1, 5), (97, 101), (236, 238), (97, 113), (54, 118), (24, 28), (82, 210), (51, 179), (118, 126), (22, 30), (112, 113), (66, 70), (70, 86), (49, 51), (22, 54), (236, 252), (8, 40)}
Obj: 29465

