Log for instance aco_tuning_out/inst15.txt.

Used ({'tau_0': 5.984400518709856e-06, 'xi': 0.13241385165248287, 'q0': 0.4542903648549634, 'alpha': 0.4898957854025313, 'beta': 0.29966337375676566, 'rho': 0.06680927871977722, 'ants': 9}) and found best instance after 181.40625 seconds.
E1: {(171, 177), (64, 145), (43, 70), (195, 204), (145, 148), (171, 173), (204, 231), (69, 70), (228, 231), (173, 182), (118, 145), (173, 200), (177, 231), (109, 118), (69, 231), (64, 70), (91, 118), (69, 78), (148, 157)}
E2: {(171, 177), (0, 54), (50, 131), (222, 231), (49, 50), (43, 70), (167, 176), (66, 69), (131, 134), (112, 130), (171, 173), (195, 222), (16, 25), (69, 70), (228, 231), (173, 176), (86, 89), (173, 182), (54, 216), (66, 68), (135, 216), (173, 200), (166, 167), (177, 231), (16, 70), (130, 211), (69, 231), (109, 112), (64, 70), (14, 176), (54, 72), (41, 50), (59, 68), (32, 41), (45, 72), (182, 236), (41, 68), (69, 78), (216, 222), (86, 167), (49, 130)}
Obj: 24328

