Log for instance aco_tuning_out/inst27.txt.

Used ({'tau_0': 5.984400518709856e-06, 'xi': 0.13241385165248287, 'q0': 0.4542903648549634, 'alpha': 0.4898957854025313, 'beta': 0.29966337375676566, 'rho': 0.06680927871977722, 'ants': 9}) and found best instance after 138.421875 seconds.
E1: {(154, 155), (146, 154), (155, 187), (52, 116), (60, 62), (0, 2), (23, 31), (221, 223), (27, 31), (142, 174), (249, 251), (215, 223), (128, 132), (62, 190), (174, 190), (36, 52), (128, 144), (52, 54), (29, 31), (221, 253), (52, 60), (144, 146), (113, 241), (39, 47), (236, 238), (187, 251), (27, 155), (174, 238), (249, 253), (241, 249), (47, 63), (2, 34), (43, 47), (204, 236), (228, 236), (30, 62), (209, 241), (0, 128), (2, 3), (62, 63), (30, 31), (250, 251), (47, 111)}
E2: {(119, 127), (58, 62), (216, 218), (176, 240), (242, 243), (48, 176), (123, 127), (253, 255), (56, 58), (240, 242), (6, 14), (166, 230), (125, 127), (202, 218), (221, 253), (14, 15), (101, 117), (127, 255), (14, 30), (48, 56), (10, 14), (117, 119), (144, 176), (56, 57), (13, 141), (226, 230), (47, 63), (111, 127), (218, 250), (145, 147), (226, 242), (144, 145), (30, 62), (242, 250), (62, 63), (13, 15), (47, 111)}
Obj: 23929

