Log for instance aco_tuning_out/inst30.txt.

Used ({'tau_0': 6.293660666238772e-06, 'xi': 0.0765998967889499, 'q0': 0.6265340995784354, 'alpha': 0.31196112568590606, 'beta': 0.6324794380700602, 'rho': 0.3069899243645694, 'ants': 19}) and found best instance after 76.375 seconds.
E1: {(93, 102), (92, 119), (162, 171), (162, 168), (118, 119), (93, 120), (146, 227), (208, 211), (92, 146), (10, 64), (199, 208), (11, 14), (227, 236), (10, 91), (168, 177), (16, 25), (90, 93), (168, 195), (200, 227), (10, 11), (109, 118), (11, 92), (128, 134), (90, 92), (119, 128), (146, 152), (0, 162), (5, 14), (90, 171), (10, 16), (5, 32), (118, 199)}
E2: {(166, 184), (162, 168), (228, 229), (146, 227), (10, 64), (20, 47), (109, 110), (184, 238), (227, 236), (22, 184), (10, 91), (157, 238), (168, 177), (47, 128), (168, 195), (200, 227), (135, 137), (0, 1), (19, 20), (128, 134), (137, 146), (0, 162), (146, 152), (110, 128), (110, 137), (229, 238), (19, 25), (19, 22), (10, 19), (1, 10), (45, 47), (20, 182)}
Obj: 28327

