Log for instance aco_tuning_out/inst06.txt.

Used ({'tau_0': 1.6998009274389792e-06, 'xi': 0.07574288908876978, 'q0': 0.3437997878588728, 'alpha': 0.9960324515524092, 'beta': 0.6033193519507508, 'rho': 0.22849098583736227, 'ants': 30}) and found best instance after 215.734375 seconds.
E1: {(192, 194), (232, 236), (180, 244), (206, 238), (129, 131), (210, 214), (130, 194), (89, 217), (2, 130), (212, 214), (172, 236), (206, 207), (37, 45), (37, 39), (85, 213), (166, 174), (240, 242), (174, 175), (174, 190), (25, 89), (206, 222), (105, 109), (212, 244), (3, 131), (114, 242), (212, 213), (83, 87), (236, 238), (172, 174), (85, 87), (213, 221), (45, 109), (214, 222), (217, 249), (109, 237), (24, 25), (240, 244), (37, 53), (194, 210), (23, 87), (46, 174), (78, 206), (217, 221), (236, 237), (2, 3), (2, 6), (131, 135)}
E2: {(193, 195), (193, 201), (162, 226), (132, 164), (98, 226), (82, 90), (101, 103), (193, 225), (103, 231), (1, 3), (187, 191), (34, 98), (68, 69), (69, 101), (189, 191), (132, 148), (148, 156), (166, 174), (197, 213), (174, 175), (88, 90), (174, 190), (193, 197), (148, 180), (162, 170), (212, 213), (1, 5), (34, 42), (1, 17), (36, 164), (88, 89), (162, 166), (175, 191), (162, 163), (2, 34), (66, 98), (213, 245), (5, 69), (40, 42), (69, 197), (129, 193), (103, 119), (2, 3), (2, 18), (148, 212), (66, 82), (159, 191), (96, 98)}
Obj: 28643

