Log for instance aco_tuning_out/inst12.txt.

Used ({'tau0': 9.119507042405133e-06, 'xi': 0.08312134642286392, 'q0': 0.652583610347572, 'alpha': 1.9538629702340153, 'beta': 0.5827075905861862, 'rho': 0.2829709186785237, 'ants': 20}) and found best instance after 9.15625 seconds.
E1: {(81, 82), (39, 201), (84, 87), (171, 180), (84, 102), (171, 198), (131, 134), (103, 130), (6, 8), (81, 84), (30, 39), (165, 166), (6, 87), (180, 182), (120, 201), (36, 198), (27, 189), (84, 165), (3, 30), (100, 103), (36, 42), (30, 32), (27, 36), (91, 100), (130, 211), (27, 45), (42, 43), (82, 100), (130, 131), (82, 109), (0, 3), (3, 84), (8, 89), (189, 195), (198, 201)}
E2: {(83, 110), (166, 175), (58, 59), (171, 177), (175, 202), (32, 113), (234, 236), (75, 78), (135, 153), (72, 234), (142, 223), (109, 110), (27, 28), (64, 65), (24, 26), (72, 75), (171, 173), (83, 164), (82, 83), (136, 142), (42, 44), (28, 109), (173, 176), (164, 173), (21, 24), (58, 76), (44, 71), (173, 200), (175, 176), (153, 234), (110, 113), (72, 74), (110, 119), (76, 157), (128, 134), (27, 45), (21, 75), (18, 21), (119, 128), (42, 43), (9, 171), (202, 211), (71, 152), (21, 102), (75, 76), (65, 71), (9, 18), (83, 89), (65, 74), (82, 136), (25, 26)}
Obj: 34370

