Log for instance aco_tuning_out/inst18.txt.

Used ({'tau0': 1.3887935962446564e-06, 'xi': 0.06336511258122715, 'q0': 0.5149941610044446, 'alpha': 1.5531450358806447, 'beta': 0.41875271579630713, 'rho': 0.16981098283759344, 'ants': 13}) and found best instance after 15.390625 seconds.
E1: {(90, 91), (132, 164), (99, 103), (70, 198), (86, 87), (87, 95), (252, 253), (1, 9), (1, 3), (148, 150), (91, 95), (132, 148), (160, 164), (85, 213), (197, 213), (45, 61), (14, 46), (6, 14), (110, 126), (10, 42), (82, 86), (73, 89), (147, 151), (29, 31), (245, 253), (89, 91), (80, 82), (31, 95), (31, 159), (39, 47), (103, 111), (10, 14), (1, 5), (198, 199), (132, 196), (29, 61), (85, 87), (54, 118), (47, 111), (151, 215), (110, 238), (47, 63), (73, 201), (213, 245), (46, 110), (118, 126), (42, 58), (9, 73), (66, 70), (57, 61), (70, 86), (199, 215), (196, 198), (45, 47), (86, 118), (209, 213)}
E2: {(232, 236), (168, 172), (160, 168), (163, 167), (146, 154), (91, 123), (168, 184), (60, 62), (70, 198), (86, 87), (51, 59), (5, 7), (8, 9), (87, 95), (114, 115), (252, 253), (114, 118), (148, 150), (8, 24), (78, 110), (91, 95), (244, 252), (5, 37), (132, 148), (174, 175), (62, 126), (146, 150), (143, 175), (110, 126), (238, 254), (7, 135), (82, 86), (142, 143), (245, 253), (221, 253), (70, 78), (89, 91), (80, 82), (167, 175), (40, 168), (8, 72), (172, 174), (236, 238), (132, 196), (76, 78), (54, 118), (174, 238), (135, 167), (110, 238), (240, 244), (82, 210), (59, 123), (76, 108), (118, 126), (30, 62), (113, 115), (66, 70), (196, 198), (37, 101), (252, 254), (86, 118), (8, 40)}
Obj: 32664

