Log for instance aco_tuning_out/inst27.txt.

Used ({'tau0': 1.774794369235601e-06, 'xi': 0.05178086251934671, 'q0': 0.765199417754037, 'alpha': 1.7110920267750438, 'beta': 1.3090193389783644, 'rho': 0.2964096563219366, 'ants': 12}) and found best instance after 4.859375 seconds.
E1: {(105, 107), (146, 178), (114, 118), (156, 188), (105, 109), (147, 151), (176, 178), (31, 95), (31, 159), (83, 87), (2, 34), (228, 236), (112, 116), (236, 237), (151, 159), (209, 213), (132, 164), (108, 109), (156, 158), (147, 155), (60, 62), (0, 2), (114, 115), (1, 3), (121, 249), (142, 143), (29, 31), (213, 215), (249, 253), (76, 108), (98, 114), (112, 113), (30, 31), (172, 188), (47, 111), (32, 34), (154, 158), (146, 154), (155, 187), (43, 107), (87, 95), (187, 191), (34, 98), (238, 239), (91, 95), (76, 204), (81, 209), (32, 36), (221, 253), (143, 159), (114, 242), (144, 176), (110, 238), (46, 110), (23, 87), (242, 250), (62, 63), (142, 174), (174, 190), (83, 115), (89, 91), (0, 1), (142, 158), (39, 47), (46, 62), (27, 155), (54, 118), (109, 237), (89, 121), (81, 83), (175, 191), (237, 239), (107, 111), (164, 172), (113, 115), (175, 239)}
E2: {(105, 107), (132, 164), (58, 59), (243, 251), (90, 94), (108, 109), (12, 13), (216, 218), (228, 244), (97, 105), (121, 249), (48, 176), (122, 250), (91, 95), (253, 255), (30, 94), (56, 58), (249, 251), (6, 14), (10, 42), (105, 109), (243, 247), (194, 202), (125, 127), (142, 143), (147, 151), (90, 218), (164, 228), (221, 253), (12, 76), (198, 230), (134, 142), (14, 15), (89, 91), (31, 95), (14, 30), (31, 159), (48, 56), (143, 159), (78, 94), (10, 14), (97, 101), (132, 196), (76, 78), (144, 176), (119, 247), (249, 253), (56, 57), (240, 244), (89, 121), (13, 141), (226, 230), (194, 198), (59, 123), (164, 166), (76, 108), (107, 111), (126, 127), (94, 126), (42, 58), (122, 126), (132, 134), (196, 198), (30, 31), (151, 159)}
Obj: 39082

