Log for instance aco_tuning_out/inst12.txt.

Used ({'tau0': 1.4630188820263259e-06, 'xi': 0.0776783694791692, 'q0': 0.7839075030693623, 'alpha': 0.5603503117369445, 'beta': 0.5204984007438819, 'rho': 0.4796233950660777, 'ants': 12}) and found best instance after 7.09375 seconds.
E1: {(81, 82), (68, 149), (33, 42), (3, 4), (39, 201), (84, 87), (87, 89), (29, 32), (84, 102), (171, 198), (34, 43), (117, 120), (0, 81), (39, 66), (28, 109), (81, 84), (82, 83), (83, 164), (171, 173), (49, 211), (164, 173), (36, 198), (31, 34), (66, 68), (164, 182), (31, 49), (28, 29), (36, 42), (4, 166), (36, 45), (128, 134), (117, 198), (146, 149), (146, 155), (91, 118), (128, 155), (3, 84), (4, 31), (33, 195), (117, 118), (28, 34), (198, 201)}
E2: {(81, 82), (226, 232), (4, 58), (166, 184), (3, 4), (226, 229), (58, 59), (21, 22), (29, 32), (29, 38), (184, 211), (84, 102), (171, 198), (75, 78), (135, 153), (67, 229), (198, 200), (223, 232), (22, 184), (81, 84), (82, 83), (83, 164), (171, 173), (72, 75), (164, 173), (58, 67), (36, 198), (22, 25), (86, 89), (58, 76), (153, 155), (174, 177), (76, 157), (128, 134), (21, 75), (64, 67), (146, 155), (109, 136), (205, 232), (146, 152), (45, 72), (72, 153), (174, 201), (128, 155), (4, 22), (3, 84), (83, 86), (36, 38), (43, 205), (82, 136), (198, 201), (155, 236)}
Obj: 35582

