Log for instance aco_tuning_out/inst09.txt.

Used ({'tau0': 6.013615341921658e-06, 'xi': 0.14211938125893342, 'q0': 0.3248975661404837, 'alpha': 1.1289454136305503, 'beta': 1.4285276537384943, 'rho': 0.3107997616316016, 'ants': 20}) and found best instance after 42.78125 seconds.
E1: {(166, 175), (231, 240), (33, 42), (13, 94), (6, 33), (69, 71), (42, 69), (234, 236), (135, 153), (143, 224), (13, 14), (174, 175), (62, 71), (102, 183), (204, 231), (120, 201), (89, 143), (94, 148), (153, 234), (201, 204), (174, 183), (174, 177), (42, 43), (94, 175), (62, 143), (174, 201), (69, 78), (234, 240), (0, 6), (42, 204), (148, 157), (223, 224)}
E2: {(5, 59), (0, 2), (217, 223), (2, 5), (217, 235), (195, 204), (157, 238), (163, 166), (89, 143), (177, 204), (26, 53), (8, 26), (36, 42), (121, 202), (27, 36), (120, 121), (27, 45), (163, 217), (53, 134), (202, 205), (202, 211), (5, 8), (143, 152), (211, 238), (5, 32), (204, 205), (235, 238), (8, 89), (42, 204), (0, 27), (25, 26)}
Obj: 28367

