Log for instance aco_tuning_out/inst06.txt.

Used ({'tau_0': 2.760703391532889e-06, 'xi': 0.11284095755067615, 'q0': 0.39431429333058177, 'alpha': 1.2851296972235255, 'beta': 1.3966465894197229, 'rho': 0.20591685095973755, 'ants': 13}) and found best instance after 20.75 seconds.
E1: {(44, 45), (220, 222), (84, 212), (86, 87), (233, 237), (2, 130), (34, 98), (233, 249), (238, 239), (78, 110), (212, 220), (207, 239), (132, 148), (174, 175), (166, 174), (128, 129), (148, 156), (128, 132), (23, 55), (174, 190), (25, 89), (220, 221), (148, 180), (84, 86), (208, 210), (28, 156), (83, 87), (172, 174), (134, 166), (53, 55), (24, 25), (208, 240), (110, 238), (24, 28), (105, 233), (128, 192), (2, 34), (237, 239), (84, 85), (44, 46), (134, 135), (46, 110), (23, 87), (98, 114), (208, 212), (130, 134), (2, 3), (132, 134), (2, 6), (39, 55), (148, 212), (232, 233), (175, 239)}
E2: {(90, 91), (193, 195), (32, 34), (32, 40), (193, 201), (188, 190), (90, 94), (101, 103), (0, 2), (193, 225), (103, 231), (2, 66), (92, 94), (156, 188), (187, 191), (212, 220), (189, 191), (132, 148), (128, 129), (148, 156), (128, 132), (193, 197), (32, 36), (4, 5), (148, 180), (163, 227), (188, 189), (226, 234), (92, 220), (89, 91), (0, 4), (212, 213), (17, 145), (129, 145), (134, 166), (226, 227), (32, 96), (175, 191), (2, 34), (213, 245), (195, 227), (4, 68), (0, 128), (129, 193), (103, 119), (2, 3), (170, 234), (132, 134), (227, 231), (2, 18), (148, 212), (159, 191)}
Obj: 30390

