Log for instance aco_tuning_out/inst24.txt.

Used ({'tau_0': 9.701809206152345e-06, 'xi': 0.09407325991753526, 'q0': 0.3044948820351523, 'alpha': 1.8442079342859672, 'beta': 1.893720745386587, 'rho': 0.3120024078765271, 'ants': 29}) and found best instance after 19.0625 seconds.
E1: {(128, 130), (136, 137), (128, 136), (137, 139), (76, 92), (58, 59), (42, 106), (136, 152), (188, 190), (243, 251), (152, 154), (0, 2), (128, 160), (112, 240), (2, 66), (252, 253), (156, 188), (122, 250), (45, 61), (137, 141), (10, 42), (12, 76), (221, 253), (14, 15), (144, 152), (57, 59), (152, 156), (112, 114), (143, 159), (10, 14), (2, 10), (106, 122), (235, 251), (42, 43), (139, 143), (2, 34), (12, 14), (76, 108), (188, 252), (70, 71), (42, 58), (40, 42), (0, 128), (66, 70), (90, 122), (57, 61), (114, 122), (250, 251)}
E2: {(146, 154), (220, 222), (229, 237), (228, 229), (118, 119), (152, 154), (89, 217), (146, 178), (156, 188), (114, 118), (179, 187), (53, 181), (120, 122), (87, 119), (146, 147), (129, 161), (59, 63), (220, 221), (26, 90), (180, 188), (26, 154), (181, 183), (165, 181), (144, 152), (179, 183), (161, 165), (152, 156), (1, 5), (239, 255), (2, 10), (106, 122), (230, 231), (85, 87), (10, 26), (226, 230), (180, 181), (2, 34), (237, 239), (228, 230), (59, 187), (195, 227), (165, 229), (60, 188), (156, 220), (217, 221), (90, 122), (1, 129), (114, 122), (227, 231), (166, 230), (175, 239)}
Obj: 28986

