Log for instance aco_tuning_out/inst21.txt.

Used ({'tau0': 6.544509853368331e-06, 'xi': 0.05105112966369988, 'q0': 0.3218040775925436, 'alpha': 1.317829237345747, 'beta': 0.4388545186115663, 'rho': 0.34888292737798793, 'ants': 30}) and found best instance after 17.96875 seconds.
E1: {(56, 65), (67, 68), (4, 58), (54, 135), (14, 68), (171, 177), (66, 228), (29, 32), (29, 47), (171, 198), (29, 56), (20, 47), (198, 200), (58, 61), (58, 67), (200, 227), (66, 68), (4, 166), (66, 147), (64, 67), (147, 150), (65, 227), (150, 152), (65, 68), (54, 56), (45, 47), (20, 182), (61, 223)}
E2: {(111, 120), (145, 146), (58, 59), (54, 135), (119, 200), (0, 54), (31, 32), (64, 145), (83, 137), (27, 28), (34, 43), (58, 220), (28, 109), (18, 19), (157, 238), (72, 78), (135, 137), (31, 34), (27, 33), (31, 58), (111, 112), (72, 74), (27, 45), (27, 54), (137, 146), (54, 72), (146, 152), (182, 236), (220, 223), (74, 236), (193, 211), (119, 146), (193, 220), (220, 238), (91, 145), (83, 89), (31, 112), (33, 195), (19, 25), (0, 18), (28, 34)}
Obj: 30126

