Log for instance aco_tuning_out/inst09.txt.

Used ({'tau0': 6.651155935593466e-06, 'xi': 0.0698190378741818, 'q0': 0.8638669115585977, 'alpha': 1.1622049190539232, 'beta': 1.595958584283492, 'rho': 0.31540247478897615, 'ants': 9}) and found best instance after 7.28125 seconds.
E1: {(3, 4), (39, 201), (162, 171), (55, 136), (84, 87), (139, 157), (137, 218), (38, 41), (217, 223), (171, 198), (75, 78), (66, 75), (39, 66), (149, 158), (102, 104), (218, 236), (6, 8), (136, 139), (81, 84), (42, 44), (6, 87), (120, 201), (36, 198), (135, 137), (55, 217), (85, 139), (4, 166), (174, 177), (41, 44), (42, 43), (146, 149), (137, 146), (0, 162), (84, 85), (104, 158), (81, 162), (174, 201), (217, 218), (3, 84), (8, 89), (36, 38), (14, 41), (198, 201)}
E2: {(166, 175), (81, 82), (68, 149), (115, 142), (33, 42), (3, 4), (39, 201), (4, 58), (175, 202), (171, 177), (88, 115), (29, 35), (29, 32), (97, 151), (39, 42), (92, 146), (171, 198), (20, 47), (142, 223), (45, 46), (39, 66), (201, 202), (97, 178), (83, 164), (171, 173), (82, 83), (81, 84), (42, 44), (79, 160), (35, 44), (120, 201), (164, 173), (46, 47), (86, 89), (58, 76), (20, 101), (66, 68), (155, 161), (25, 79), (76, 157), (151, 160), (128, 134), (146, 149), (146, 155), (202, 211), (82, 88), (0, 162), (59, 68), (81, 162), (128, 155), (152, 161), (3, 84), (83, 86), (92, 101), (33, 195), (175, 178), (198, 201)}
Obj: 36177

