Log for instance aco_tuning_out/inst18.txt.

Used ({'tau0': 8.524494344253886e-06, 'xi': 0.09819260408139344, 'q0': 0.8088391626043536, 'alpha': 1.5978494389623978, 'beta': 0.3615392099783453, 'rho': 0.32122496368584613, 'ants': 32}) and found best instance after 26.015625 seconds.
E1: {(136, 137), (128, 136), (105, 107), (193, 201), (90, 94), (58, 62), (70, 198), (150, 151), (201, 233), (128, 160), (29, 157), (252, 253), (1, 9), (1, 3), (157, 159), (198, 206), (56, 58), (85, 213), (62, 126), (197, 213), (209, 213), (14, 46), (6, 14), (88, 90), (193, 197), (147, 151), (188, 189), (245, 253), (157, 189), (31, 95), (78, 94), (31, 159), (39, 47), (46, 62), (80, 88), (1, 5), (213, 215), (47, 111), (110, 238), (56, 57), (105, 233), (137, 201), (111, 127), (107, 111), (188, 252), (99, 107), (46, 110), (126, 127), (78, 206), (66, 70), (9, 137), (45, 47), (62, 63), (94, 95), (95, 127), (151, 159), (54, 62)}
E2: {(128, 136), (136, 137), (200, 201), (154, 158), (32, 40), (72, 76), (91, 123), (156, 158), (163, 179), (60, 62), (201, 233), (210, 211), (114, 115), (97, 105), (9, 11), (28, 30), (114, 118), (83, 91), (156, 188), (252, 253), (148, 150), (1, 3), (132, 148), (148, 156), (62, 126), (128, 132), (72, 200), (83, 115), (245, 253), (221, 253), (89, 91), (142, 158), (28, 156), (97, 101), (46, 62), (1, 5), (97, 113), (76, 78), (54, 118), (240, 241), (184, 188), (110, 238), (32, 96), (241, 243), (24, 28), (32, 160), (105, 233), (81, 83), (66, 98), (51, 115), (188, 252), (76, 108), (60, 188), (46, 110), (3, 11), (200, 232), (113, 115), (98, 114), (80, 81), (9, 137), (179, 243), (115, 243), (83, 211), (86, 118), (172, 188), (96, 98), (54, 62)}
Obj: 35088

