Log for instance aco_tuning_out/inst12.txt.

Used ({'tau0': 2.0274933728523487e-06, 'xi': 0.13405703789383258, 'q0': 0.526091823657158, 'alpha': 1.6793374858698646, 'beta': 0.6970800710605479, 'rho': 0.13613590490376215, 'ants': 11}) and found best instance after 6.984375 seconds.
E1: {(166, 193), (31, 32), (208, 211), (18, 99), (127, 128), (190, 196), (84, 102), (101, 182), (46, 127), (190, 208), (117, 120), (45, 46), (31, 193), (0, 18), (99, 102), (84, 86), (86, 89), (118, 127), (196, 205), (109, 118), (193, 196), (46, 208), (128, 134), (99, 101), (91, 118), (195, 196), (101, 128), (117, 118), (43, 205)}
E2: {(166, 175), (226, 232), (102, 129), (29, 35), (139, 157), (29, 32), (51, 132), (124, 205), (227, 236), (44, 206), (200, 206), (223, 232), (35, 44), (51, 52), (118, 124), (44, 53), (150, 159), (25, 52), (135, 137), (86, 89), (64, 226), (85, 139), (29, 110), (205, 214), (45, 51), (109, 118), (226, 227), (178, 205), (53, 134), (43, 44), (211, 214), (205, 232), (132, 159), (85, 166), (150, 152), (52, 53), (110, 137), (32, 59), (129, 132), (51, 78), (85, 86), (175, 178), (177, 178), (52, 214)}
Obj: 31295

