Log for instance aco_tuning_out/inst18.txt.

Used ({'tau0': 6.233831045293282e-06, 'xi': 0.10451661342493951, 'q0': 0.8893124268375978, 'alpha': 1.349306787935924, 'beta': 0.6109712049564031, 'rho': 0.46309129670203547, 'ants': 8}) and found best instance after 4.25 seconds.
E1: {(105, 107), (114, 118), (148, 150), (105, 109), (147, 151), (31, 95), (31, 159), (29, 61), (32, 96), (32, 160), (228, 236), (80, 81), (0, 128), (151, 159), (209, 213), (136, 137), (90, 94), (243, 251), (108, 109), (5, 7), (70, 198), (99, 115), (0, 2), (1, 3), (132, 148), (62, 126), (7, 71), (249, 251), (10, 42), (29, 31), (14, 30), (95, 223), (1, 5), (132, 196), (213, 215), (56, 57), (249, 253), (66, 98), (76, 108), (71, 103), (98, 114), (9, 137), (66, 70), (30, 31), (215, 223), (96, 98), (47, 111), (99, 103), (228, 244), (103, 231), (76, 204), (14, 46), (45, 61), (128, 132), (193, 197), (10, 14), (244, 245), (2, 10), (199, 231), (110, 238), (137, 201), (46, 110), (42, 58), (196, 198), (115, 243), (62, 63), (128, 136), (193, 201), (252, 253), (30, 94), (56, 58), (85, 213), (6, 14), (83, 115), (39, 47), (46, 62), (198, 199), (54, 118), (81, 83), (107, 111), (204, 236), (99, 107)}
E2: {(105, 107), (8, 9), (244, 246), (114, 118), (148, 150), (105, 109), (147, 151), (31, 95), (31, 159), (106, 107), (240, 244), (56, 60), (80, 81), (0, 128), (122, 126), (114, 122), (151, 159), (136, 137), (132, 164), (243, 251), (108, 109), (91, 123), (5, 7), (70, 198), (0, 2), (210, 211), (132, 148), (160, 164), (7, 71), (249, 251), (10, 42), (142, 143), (97, 101), (132, 196), (106, 122), (230, 231), (72, 74), (249, 253), (76, 108), (71, 103), (9, 137), (66, 70), (10, 74), (30, 31), (8, 40), (200, 201), (99, 103), (146, 154), (168, 184), (163, 179), (86, 87), (87, 95), (97, 105), (8, 24), (91, 95), (174, 175), (146, 147), (74, 106), (221, 253), (169, 233), (106, 110), (143, 159), (172, 174), (244, 245), (2, 10), (76, 78), (199, 231), (110, 238), (137, 201), (105, 233), (51, 115), (42, 58), (200, 232), (196, 198), (115, 243), (128, 136), (252, 253), (233, 249), (56, 58), (143, 175), (83, 115), (89, 91), (198, 199), (54, 118), (230, 246), (81, 83), (99, 107), (70, 71), (113, 115), (179, 243), (83, 211), (86, 118), (168, 169)}
Obj: 44382

