Log for instance aco_tuning_out/inst12.txt.

Used ({'tau_0': 1.34326092400037e-06, 'xi': 0.13441645763893803, 'q0': 0.4083523399061119, 'alpha': 0.5070175800996563, 'beta': 0.9994669821848109, 'rho': 0.2873914507152631, 'ants': 17}) and found best instance after 48.796875 seconds.
E1: {(99, 100), (162, 168), (41, 122), (208, 211), (38, 41), (107, 134), (101, 182), (46, 127), (100, 101), (45, 46), (89, 107), (120, 122), (99, 102), (81, 99), (168, 195), (168, 169), (37, 38), (91, 100), (109, 127), (100, 127), (0, 162), (32, 41), (81, 162), (101, 107), (127, 208), (166, 169), (37, 43), (37, 46)}
E2: {(47, 53), (105, 107), (166, 184), (99, 100), (105, 186), (181, 184), (184, 211), (70, 79), (107, 134), (43, 70), (20, 47), (100, 101), (45, 46), (89, 107), (223, 232), (160, 161), (200, 209), (107, 161), (177, 186), (79, 160), (70, 232), (99, 102), (46, 47), (78, 79), (209, 236), (35, 53), (20, 101), (25, 79), (64, 70), (32, 35), (109, 136), (135, 136), (82, 100), (101, 107), (32, 59), (152, 161), (47, 209), (157, 160), (82, 136), (100, 181)}
Obj: 28770

