Log for instance aco_tuning_out/inst06.txt.

Used ({'tau0': 4.585564497822685e-06, 'xi': 0.058757171197309443, 'q0': 0.34722321487260577, 'alpha': 1.3834921966172709, 'beta': 0.8673616661090202, 'rho': 0.2097770542871472, 'ants': 11}) and found best instance after 13.40625 seconds.
E1: {(192, 194), (24, 88), (220, 222), (84, 212), (237, 253), (233, 237), (135, 199), (130, 194), (82, 114), (1, 3), (212, 220), (189, 191), (53, 181), (174, 175), (23, 55), (166, 174), (45, 61), (14, 46), (6, 14), (174, 190), (82, 83), (224, 240), (220, 221), (221, 253), (224, 232), (181, 189), (199, 207), (172, 174), (53, 55), (88, 89), (53, 61), (174, 238), (85, 93), (249, 253), (105, 233), (175, 191), (180, 181), (82, 210), (84, 85), (134, 135), (194, 210), (46, 174), (14, 78), (130, 134), (89, 93), (2, 3), (1, 129), (2, 6), (39, 55), (189, 253), (232, 233), (6, 134)}
E2: {(32, 34), (32, 40), (162, 226), (156, 158), (118, 119), (84, 212), (229, 231), (52, 180), (20, 84), (129, 131), (17, 21), (187, 191), (4, 36), (129, 137), (131, 195), (34, 162), (189, 191), (68, 84), (30, 158), (32, 36), (18, 22), (52, 54), (226, 234), (20, 22), (3, 131), (67, 195), (229, 245), (5, 21), (225, 229), (66, 74), (20, 52), (54, 118), (74, 90), (199, 231), (85, 93), (32, 96), (162, 166), (137, 201), (175, 191), (162, 163), (84, 85), (20, 21), (131, 163), (158, 190), (4, 68), (101, 229), (4, 132), (22, 30), (170, 234), (89, 93), (195, 199), (66, 67), (197, 199), (158, 159), (159, 191)}
Obj: 32341

