Log for instance aco_tuning_out/inst21.txt.

Used ({'tau_0': 6.937615535889433e-06, 'xi': 0.07000322226687372, 'q0': 0.8259328344322499, 'alpha': 1.4144702071977722, 'beta': 1.897582215362626, 'rho': 0.08176475094706645, 'ants': 18}) and found best instance after 38.375 seconds.
E1: {(166, 175), (226, 229), (45, 126), (228, 229), (171, 177), (171, 180), (179, 233), (135, 153), (5, 86), (175, 229), (152, 233), (83, 164), (171, 173), (180, 182), (173, 176), (164, 173), (173, 179), (64, 226), (99, 126), (173, 200), (175, 176), (99, 153), (224, 233), (14, 176), (99, 180), (5, 32), (83, 86), (223, 224)}
E2: {(83, 110), (43, 205), (33, 42), (39, 201), (162, 171), (171, 180), (29, 32), (199, 205), (171, 198), (61, 79), (109, 110), (151, 152), (39, 66), (157, 160), (83, 164), (136, 145), (171, 173), (209, 215), (145, 151), (79, 160), (180, 182), (120, 201), (164, 173), (36, 198), (78, 79), (209, 236), (66, 68), (64, 226), (118, 145), (198, 199), (29, 110), (173, 200), (205, 214), (36, 42), (36, 45), (25, 79), (151, 160), (91, 118), (211, 214), (0, 162), (59, 68), (145, 226), (135, 136), (83, 89), (118, 199), (214, 215), (33, 195), (198, 201), (61, 223)}
Obj: 29626

