Log for instance aco_tuning_out/inst12.txt.

Used ({'tau_0': 6.651390889237055e-06, 'xi': 0.11158156951036152, 'q0': 0.3891327832249725, 'alpha': 0.5704086329673803, 'beta': 0.45022269695520334, 'rho': 0.05657845121910911, 'ants': 23}) and found best instance after 249.53125 seconds.
E1: {(93, 102), (81, 82), (47, 53), (109, 190), (93, 120), (43, 52), (208, 211), (84, 93), (29, 32), (190, 196), (29, 47), (190, 208), (0, 81), (81, 84), (88, 169), (182, 209), (88, 89), (169, 196), (53, 134), (82, 91), (82, 88), (52, 53), (208, 209), (47, 209), (195, 196), (45, 47), (166, 169)}
E2: {(52, 214), (207, 209), (52, 79), (25, 52), (81, 135), (82, 88), (59, 68), (166, 169), (177, 178), (81, 82), (208, 214), (84, 102), (81, 84), (79, 160), (78, 79), (209, 236), (187, 214), (53, 134), (146, 152), (52, 53), (32, 50), (208, 209), (145, 146), (109, 190), (43, 52), (208, 211), (190, 208), (136, 145), (169, 178), (169, 187), (88, 89), (146, 149), (50, 53), (68, 149), (64, 145), (200, 209), (88, 169), (45, 207), (169, 223), (157, 160), (82, 136)}
Obj: 27550

