Log for instance aco_tuning_out/inst03.txt.

Used ({'tau0': 7.812894719628246e-06, 'xi': 0.0766649900567211, 'q0': 0.3937027431240757, 'alpha': 1.3517471324904988, 'beta': 1.9563494025351882, 'rho': 0.17338412974172868, 'ants': 20}) and found best instance after 35.890625 seconds.
E1: {(204, 220), (219, 223), (101, 103), (211, 219), (20, 84), (210, 211), (36, 37), (187, 191), (221, 223), (37, 39), (53, 181), (68, 84), (224, 228), (143, 175), (65, 97), (224, 240), (220, 221), (52, 54), (20, 28), (135, 143), (97, 101), (207, 223), (20, 52), (97, 113), (9, 25), (24, 25), (200, 202), (24, 28), (37, 53), (175, 191), (147, 211), (149, 181), (52, 53), (200, 232), (143, 207), (25, 57), (103, 119), (28, 92), (37, 101), (92, 220), (195, 211), (224, 232), (200, 204)}
E2: {(177, 181), (128, 136), (136, 137), (41, 43), (132, 164), (162, 226), (136, 152), (107, 235), (43, 107), (181, 245), (164, 180), (152, 154), (40, 41), (196, 197), (210, 214), (34, 162), (160, 164), (128, 132), (9, 41), (1, 33), (33, 41), (150, 214), (15, 47), (48, 50), (1, 5), (132, 196), (214, 222), (36, 164), (63, 191), (1, 17), (198, 214), (162, 166), (137, 201), (128, 192), (180, 181), (50, 114), (47, 63), (107, 111), (99, 107), (164, 172), (107, 123), (152, 216), (0, 128), (9, 137), (196, 198), (45, 47), (34, 50), (159, 191), (160, 162), (47, 111)}
Obj: 29022

