Log for instance aco_tuning_out/inst03.txt.

Used ({'tau0': 6.1953877645287985e-06, 'xi': 0.12592428493863295, 'q0': 0.5371346552036473, 'alpha': 0.6164150020009103, 'beta': 1.0047990339648631, 'rho': 0.10018538445968772, 'ants': 21}) and found best instance after 294.734375 seconds.
E1: {(201, 203), (76, 92), (232, 236), (155, 187), (211, 219), (147, 155), (20, 84), (228, 244), (210, 211), (49, 53), (36, 37), (37, 39), (68, 84), (76, 204), (64, 65), (205, 221), (143, 175), (64, 68), (202, 203), (52, 54), (147, 151), (49, 113), (143, 159), (20, 52), (149, 151), (195, 203), (9, 25), (24, 25), (115, 119), (240, 244), (37, 53), (137, 201), (147, 211), (203, 207), (204, 236), (52, 53), (203, 219), (228, 236), (113, 115), (25, 57), (9, 137), (49, 57), (205, 207), (135, 151), (204, 205), (37, 101), (151, 159)}
E2: {(241, 245), (32, 34), (15, 143), (132, 164), (32, 40), (107, 235), (13, 45), (5, 13), (164, 180), (216, 218), (128, 160), (196, 197), (114, 115), (148, 150), (115, 123), (132, 148), (32, 33), (0, 32), (128, 132), (177, 241), (1, 33), (32, 36), (154, 218), (32, 48), (15, 47), (49, 113), (194, 226), (9, 13), (143, 159), (1, 5), (49, 177), (132, 196), (1, 17), (32, 160), (128, 192), (47, 63), (194, 198), (137, 201), (43, 47), (107, 111), (99, 107), (194, 210), (164, 172), (164, 166), (113, 115), (48, 49), (218, 222), (9, 137), (210, 218), (196, 198), (13, 15), (47, 111)}
Obj: 29837

