Log for instance aco_tuning_out/inst27.txt.

Used ({'tau0': 7.0057149642065636e-06, 'xi': 0.149252803480768, 'q0': 0.4567360890655719, 'alpha': 0.7950975145067807, 'beta': 0.7667552217352966, 'rho': 0.11974195928540937, 'ants': 28}) and found best instance after 289.90625 seconds.
E1: {(250, 254), (52, 116), (60, 62), (0, 2), (23, 31), (221, 223), (27, 31), (249, 251), (215, 223), (62, 190), (238, 254), (128, 132), (36, 52), (128, 144), (221, 253), (29, 31), (52, 60), (14, 30), (39, 47), (113, 241), (10, 14), (236, 238), (187, 251), (2, 10), (249, 253), (241, 249), (47, 63), (2, 34), (54, 62), (43, 47), (204, 236), (228, 236), (30, 62), (14, 142), (186, 187), (154, 186), (0, 128), (209, 241), (186, 190), (2, 3), (62, 63), (30, 31), (250, 251), (47, 111)}
E2: {(119, 127), (216, 218), (0, 2), (176, 240), (141, 157), (242, 243), (251, 255), (121, 249), (48, 176), (56, 58), (249, 251), (240, 242), (6, 14), (166, 230), (146, 147), (125, 127), (128, 144), (202, 218), (221, 253), (14, 15), (101, 117), (144, 146), (121, 123), (14, 30), (48, 56), (10, 14), (2, 10), (144, 176), (117, 125), (249, 253), (56, 57), (226, 230), (111, 127), (218, 250), (226, 242), (121, 125), (0, 128), (242, 250), (157, 221), (250, 251)}
Obj: 24105

