Log for instance aco_tuning_out/inst09.txt.

Used ({'tau_0': 5.420704371762057e-06, 'xi': 0.09688583805471983, 'q0': 0.31023948946680013, 'alpha': 0.7611440380801126, 'beta': 1.2418611307887504, 'rho': 0.4656758616586811, 'ants': 22}) and found best instance after 16.09375 seconds.
E1: {(6, 24), (139, 157), (121, 124), (75, 78), (112, 121), (5, 86), (166, 220), (6, 8), (136, 139), (72, 75), (85, 112), (177, 186), (21, 24), (86, 89), (43, 124), (139, 220), (85, 139), (72, 74), (120, 121), (21, 75), (220, 223), (74, 236), (135, 136), (5, 8), (5, 14), (24, 186), (0, 6), (21, 102), (85, 86)}
E2: {(5, 59), (151, 232), (139, 157), (133, 214), (25, 187), (5, 86), (166, 220), (151, 152), (192, 193), (223, 232), (133, 134), (120, 201), (86, 89), (139, 220), (85, 139), (205, 214), (231, 232), (177, 231), (192, 195), (187, 214), (192, 201), (220, 223), (205, 232), (3, 5), (211, 214), (193, 220), (0, 3), (18, 45), (5, 32), (85, 86), (0, 18)}
Obj: 26021

