Log for instance aco_tuning_out/inst30.txt.

Used ({'tau0': 6.7016855702575265e-06, 'xi': 0.11061032973207813, 'q0': 0.8522979141088549, 'alpha': 0.9933756089527778, 'beta': 1.0108153997499625, 'rho': 0.20257431029412304, 'ants': 17}) and found best instance after 24.0 seconds.
E1: {(81, 82), (226, 232), (226, 229), (40, 41), (152, 233), (0, 81), (102, 104), (201, 202), (200, 206), (83, 164), (81, 84), (209, 215), (40, 202), (120, 201), (84, 86), (191, 197), (25, 52), (209, 236), (64, 226), (195, 197), (134, 215), (86, 104), (164, 191), (197, 206), (174, 177), (206, 215), (82, 91), (211, 214), (32, 41), (206, 233), (174, 201), (82, 109), (202, 229), (83, 86), (214, 215), (14, 41), (232, 233), (52, 214)}
E2: {(166, 175), (18, 72), (226, 229), (18, 20), (54, 135), (55, 136), (175, 202), (179, 233), (176, 185), (178, 179), (236, 239), (20, 47), (152, 233), (185, 239), (54, 55), (201, 202), (200, 206), (136, 145), (0, 18), (47, 128), (182, 185), (58, 76), (64, 226), (195, 197), (19, 20), (175, 176), (197, 206), (55, 58), (174, 177), (76, 157), (128, 134), (109, 136), (54, 72), (206, 233), (45, 72), (145, 226), (174, 201), (202, 229), (91, 145), (19, 25), (174, 228), (175, 178)}
Obj: 32488

