Log for instance aco_tuning_out/inst27.txt.

Used ({'tau_0': 1.6998009274389792e-06, 'xi': 0.07574288908876978, 'q0': 0.3437997878588728, 'alpha': 0.9960324515524092, 'beta': 0.6033193519507508, 'rho': 0.22849098583736227, 'ants': 30}) and found best instance after 73.203125 seconds.
E1: {(132, 164), (154, 158), (146, 154), (60, 62), (116, 244), (228, 244), (3, 19), (27, 31), (83, 211), (19, 27), (30, 158), (249, 251), (83, 115), (164, 228), (211, 215), (29, 31), (144, 146), (142, 158), (39, 47), (19, 23), (236, 238), (187, 251), (47, 111), (36, 164), (217, 249), (209, 211), (47, 63), (209, 217), (43, 47), (204, 236), (158, 190), (228, 236), (38, 39), (113, 115), (217, 221), (34, 38), (19, 83), (36, 38), (62, 63), (30, 31), (31, 63), (250, 251), (54, 62)}
E2: {(119, 127), (26, 30), (58, 59), (216, 218), (38, 166), (176, 240), (242, 243), (123, 127), (48, 176), (240, 242), (6, 14), (146, 147), (220, 221), (125, 127), (202, 218), (14, 15), (6, 38), (101, 117), (127, 255), (144, 146), (216, 220), (14, 30), (57, 59), (10, 14), (115, 119), (117, 125), (144, 176), (13, 141), (111, 127), (218, 250), (59, 123), (226, 242), (26, 58), (115, 243), (242, 250), (13, 15)}
Obj: 24432

