Log for instance aco_tuning_out/inst24.txt.

Used ({'tau0': 7.271888129177242e-06, 'xi': 0.05984220487362216, 'q0': 0.5127813632941683, 'alpha': 0.28049908432308224, 'beta': 1.9767044196304102, 'rho': 0.05712818954691315, 'ants': 28}) and found best instance after 254.28125 seconds.
E1: {(120, 248), (57, 121), (2, 130), (120, 122), (58, 122), (31, 159), (42, 43), (2, 34), (160, 162), (90, 94), (243, 251), (12, 13), (0, 2), (92, 94), (121, 249), (7, 71), (249, 251), (240, 248), (10, 42), (14, 30), (106, 122), (249, 253), (130, 162), (76, 108), (40, 42), (130, 146), (30, 31), (146, 154), (174, 175), (12, 76), (221, 253), (143, 159), (10, 14), (2, 10), (235, 251), (120, 121), (139, 143), (42, 58), (250, 251), (15, 143), (13, 45), (252, 253), (30, 94), (143, 175), (174, 190), (144, 146), (13, 141), (7, 15), (141, 143)}
E2: {(146, 178), (28, 30), (5, 37), (120, 122), (94, 222), (147, 151), (28, 60), (31, 159), (166, 167), (2, 34), (89, 93), (114, 122), (37, 165), (151, 159), (90, 94), (121, 249), (249, 251), (165, 181), (14, 30), (187, 251), (106, 122), (230, 231), (249, 253), (30, 31), (165, 167), (187, 191), (146, 147), (221, 253), (143, 159), (10, 14), (2, 10), (213, 221), (199, 231), (120, 121), (180, 181), (228, 230), (167, 183), (195, 199), (183, 191), (237, 253), (167, 231), (251, 255), (30, 94), (53, 181), (85, 213), (143, 175), (144, 146), (226, 230), (175, 191), (93, 221), (31, 63)}
Obj: 27133

