Log for instance aco_tuning_out/inst03.txt.

Used ({'tau0': 3.870488509745335e-06, 'xi': 0.14375219093339509, 'q0': 0.31937330810318404, 'alpha': 1.2524356087799853, 'beta': 0.8404615317597104, 'rho': 0.2941319030093275, 'ants': 31}) and found best instance after 120.4375 seconds.
E1: {(183, 191), (196, 228), (211, 219), (151, 183), (20, 84), (210, 211), (49, 53), (187, 191), (68, 84), (205, 221), (224, 228), (36, 52), (65, 97), (224, 240), (194, 202), (52, 54), (147, 151), (84, 92), (49, 113), (97, 101), (20, 52), (149, 151), (97, 113), (68, 196), (9, 25), (53, 55), (24, 25), (55, 183), (55, 119), (175, 191), (147, 211), (52, 53), (194, 210), (25, 57), (49, 57), (135, 151), (196, 204), (204, 205), (205, 207), (39, 55), (195, 211), (224, 232)}
E2: {(192, 194), (192, 200), (200, 201), (177, 181), (32, 34), (132, 164), (32, 40), (154, 158), (98, 226), (200, 216), (107, 235), (43, 107), (181, 245), (164, 180), (196, 197), (1, 9), (158, 222), (160, 164), (0, 32), (1, 33), (32, 36), (32, 48), (15, 47), (0, 1), (194, 226), (1, 5), (132, 196), (134, 166), (1, 17), (32, 160), (47, 63), (194, 198), (180, 181), (98, 99), (107, 111), (99, 107), (194, 210), (164, 172), (98, 114), (150, 158), (107, 123), (134, 150), (132, 134), (196, 198), (45, 47), (158, 159), (47, 111)}
Obj: 27656

