Log for instance aco_tuning_out/inst06.txt.

Used ({'tau_0': 5.449825531692064e-06, 'xi': 0.10463551100918586, 'q0': 0.3791032022582517, 'alpha': 1.5968901194470106, 'beta': 0.6682022659911173, 'rho': 0.3643260630360847, 'ants': 18}) and found best instance after 14.34375 seconds.
E1: {(24, 88), (220, 222), (205, 237), (151, 183), (210, 211), (233, 237), (196, 197), (210, 214), (82, 114), (1, 3), (83, 91), (212, 214), (233, 249), (78, 110), (83, 211), (53, 181), (196, 212), (174, 175), (166, 174), (85, 213), (192, 196), (174, 190), (193, 197), (82, 83), (220, 221), (173, 237), (232, 233), (181, 183), (89, 91), (39, 47), (212, 213), (172, 174), (214, 222), (45, 173), (174, 238), (240, 241), (130, 162), (88, 92), (241, 249), (162, 166), (105, 233), (180, 181), (134, 135), (46, 110), (173, 175), (46, 174), (23, 151), (130, 134), (129, 193), (1, 129), (135, 151), (205, 207), (45, 47), (92, 220), (197, 205), (6, 134)}
E2: {(140, 156), (128, 136), (193, 195), (193, 201), (32, 40), (32, 34), (243, 251), (82, 90), (68, 100), (38, 102), (38, 166), (193, 225), (1, 3), (121, 249), (100, 101), (157, 159), (196, 212), (166, 174), (174, 175), (249, 251), (96, 97), (32, 33), (128, 132), (82, 83), (83, 115), (193, 197), (243, 247), (163, 227), (96, 100), (1, 33), (156, 157), (174, 190), (181, 183), (245, 247), (157, 189), (170, 174), (1, 5), (187, 251), (115, 119), (132, 196), (68, 196), (70, 102), (1, 17), (183, 247), (226, 227), (32, 96), (89, 121), (18, 82), (180, 181), (195, 227), (129, 193), (66, 70), (115, 243), (97, 225), (227, 231), (100, 102), (36, 38), (227, 243), (136, 140)}
Obj: 33828

