Log for instance aco_tuning_out/inst27.txt.

Used ({'tau_0': 1.6439317200303233e-06, 'xi': 0.07746694961935612, 'q0': 0.6106338054732293, 'alpha': 1.8489351800014946, 'beta': 0.9702307798494468, 'rho': 0.2665529796010956, 'ants': 30}) and found best instance after 20.0 seconds.
E1: {(146, 154), (4, 6), (84, 212), (43, 107), (125, 253), (116, 244), (228, 244), (151, 183), (39, 167), (28, 30), (4, 36), (27, 31), (83, 211), (132, 148), (68, 84), (76, 204), (249, 251), (110, 111), (6, 14), (62, 190), (146, 147), (83, 115), (212, 244), (124, 125), (28, 60), (116, 124), (147, 151), (221, 253), (211, 215), (144, 146), (14, 30), (46, 62), (28, 29), (187, 251), (68, 76), (209, 211), (249, 253), (110, 238), (147, 211), (2, 34), (60, 124), (62, 63), (107, 111), (46, 110), (30, 62), (113, 115), (14, 142), (144, 148), (23, 151), (167, 183), (2, 3), (2, 6), (148, 212), (30, 31), (250, 251), (54, 62)}
E2: {(119, 127), (105, 107), (58, 59), (243, 251), (50, 58), (125, 253), (74, 202), (216, 218), (176, 240), (97, 105), (57, 121), (251, 255), (121, 249), (240, 242), (249, 251), (6, 14), (10, 42), (151, 159), (147, 151), (105, 121), (221, 253), (14, 15), (127, 255), (121, 123), (97, 101), (14, 30), (31, 159), (48, 50), (10, 14), (144, 176), (13, 15), (249, 253), (13, 141), (226, 230), (218, 250), (59, 123), (107, 111), (226, 242), (42, 58), (242, 250), (10, 74), (166, 230), (30, 31), (250, 251)}
Obj: 28902

