Log for instance aco_tuning_out/inst18.txt.

Used ({'tau_0': 5.27015365896669e-06, 'xi': 0.12993599333145528, 'q0': 0.31614692226037566, 'alpha': 1.9457803192705339, 'beta': 1.0826765605366773, 'rho': 0.462237565316319, 'ants': 26}) and found best instance after 13.265625 seconds.
E1: {(128, 136), (200, 201), (105, 107), (82, 90), (3, 7), (86, 87), (0, 2), (128, 160), (87, 95), (2, 66), (1, 3), (220, 252), (28, 30), (110, 111), (62, 126), (128, 129), (136, 200), (9, 41), (110, 126), (238, 254), (41, 45), (193, 197), (220, 221), (82, 86), (10, 42), (147, 151), (193, 209), (41, 57), (150, 214), (221, 253), (245, 253), (86, 214), (80, 82), (46, 62), (1, 5), (2, 10), (28, 29), (85, 87), (54, 118), (110, 238), (151, 215), (41, 105), (107, 111), (99, 107), (118, 126), (30, 62), (42, 58), (7, 39), (0, 128), (129, 193), (2, 3), (2, 6), (252, 254), (214, 215), (62, 63), (66, 82), (86, 118), (151, 159)}
E2: {(232, 236), (136, 137), (160, 168), (72, 76), (163, 167), (101, 103), (118, 119), (168, 184), (40, 44), (38, 166), (112, 240), (114, 115), (2, 66), (210, 214), (40, 56), (252, 253), (1, 3), (115, 123), (172, 236), (44, 108), (108, 236), (245, 253), (221, 253), (150, 214), (70, 78), (78, 79), (24, 56), (86, 214), (31, 95), (40, 168), (1, 5), (236, 238), (138, 142), (115, 119), (76, 78), (166, 167), (54, 118), (138, 154), (80, 112), (136, 138), (56, 60), (81, 89), (79, 95), (76, 108), (51, 115), (118, 126), (113, 115), (112, 113), (38, 54), (66, 70), (81, 113), (70, 86), (103, 119), (2, 3), (136, 168), (9, 137), (30, 31), (86, 118), (236, 252)}
Obj: 34171

