Log for instance aco_tuning_out/inst12.txt.

Used ({'tau0': 1.6439317200303233e-06, 'xi': 0.07746694961935612, 'q0': 0.6106338054732293, 'alpha': 1.8489351800014946, 'beta': 0.9702307798494468, 'rho': 0.2665529796010956, 'ants': 30}) and found best instance after 15.9375 seconds.
E1: {(166, 175), (81, 82), (120, 129), (109, 190), (118, 119), (125, 134), (190, 199), (29, 32), (208, 214), (190, 208), (172, 175), (189, 191), (0, 81), (129, 210), (83, 164), (172, 199), (82, 83), (81, 87), (189, 195), (164, 173), (207, 208), (173, 182), (45, 207), (164, 191), (102, 105), (205, 214), (119, 125), (82, 91), (211, 214), (190, 191), (207, 210), (83, 89), (118, 199), (87, 105), (43, 205), (29, 191)}
E2: {(226, 232), (19, 46), (99, 100), (119, 200), (20, 23), (118, 119), (5, 59), (179, 233), (51, 132), (100, 101), (236, 242), (152, 233), (45, 46), (223, 232), (136, 145), (82, 83), (99, 102), (166, 169), (20, 101), (64, 226), (233, 242), (118, 145), (19, 20), (205, 214), (157, 158), (51, 213), (177, 179), (158, 239), (205, 232), (211, 214), (145, 226), (169, 223), (239, 242), (135, 136), (82, 109), (5, 23), (83, 89), (213, 214), (51, 78), (19, 25), (5, 32), (132, 134), (43, 205), (82, 136), (83, 101), (232, 233)}
Obj: 33436

