Log for instance aco_tuning_out/inst21.txt.

Used ({'tau_0': 7.271888129177242e-06, 'xi': 0.05984220487362216, 'q0': 0.5127813632941683, 'alpha': 0.28049908432308224, 'beta': 1.9767044196304102, 'rho': 0.05712818954691315, 'ants': 28}) and found best instance after 182.328125 seconds.
E1: {(171, 198), (11, 14), (96, 97), (204, 231), (64, 226), (31, 58), (177, 231), (81, 135), (178, 232), (81, 82), (175, 229), (172, 175), (223, 232), (81, 84), (82, 83), (228, 231), (164, 173), (36, 198), (36, 45), (175, 178), (226, 229), (11, 173), (31, 32), (152, 233), (83, 164), (96, 123), (166, 175), (123, 204), (3, 4), (4, 58), (97, 178), (231, 233), (171, 173), (173, 182), (173, 200), (3, 84), (172, 173)}
E2: {(171, 198), (57, 75), (240, 242), (72, 75), (30, 57), (3, 6), (153, 155), (31, 58), (178, 205), (21, 75), (18, 21), (64, 73), (215, 242), (16, 97), (234, 240), (81, 82), (208, 214), (81, 84), (82, 83), (223, 241), (164, 173), (58, 76), (234, 235), (19, 20), (89, 170), (240, 241), (197, 215), (30, 111), (146, 152), (6, 168), (214, 215), (30, 31), (109, 190), (190, 208), (83, 164), (211, 212), (195, 197), (73, 235), (91, 97), (153, 234), (168, 170), (117, 198), (18, 45), (4, 58), (3, 4), (18, 20), (58, 59), (32, 113), (117, 120), (111, 113), (97, 178), (171, 173), (72, 78), (16, 43), (173, 182), (173, 200), (205, 214), (76, 157), (146, 155), (72, 153), (135, 136), (0, 3), (3, 84), (19, 25), (212, 215), (82, 136), (155, 236)}
Obj: 36430

