Log for instance aco_tuning_out/inst18.txt.

Used ({'tau_0': 6.233831045293282e-06, 'xi': 0.10451661342493951, 'q0': 0.8893124268375978, 'alpha': 1.349306787935924, 'beta': 0.6109712049564031, 'rho': 0.46309129670203547, 'ants': 8}) and found best instance after 3.265625 seconds.
E1: {(105, 107), (156, 188), (148, 150), (105, 109), (160, 176), (147, 151), (90, 218), (144, 152), (31, 95), (179, 183), (31, 159), (29, 61), (80, 81), (0, 128), (218, 222), (151, 159), (209, 213), (55, 63), (136, 137), (243, 251), (108, 109), (156, 158), (12, 13), (70, 198), (0, 2), (3, 19), (1, 3), (158, 222), (132, 148), (62, 126), (249, 251), (10, 42), (142, 143), (14, 30), (152, 156), (1, 5), (132, 196), (213, 215), (249, 253), (56, 57), (188, 252), (76, 108), (66, 70), (9, 137), (30, 31), (244, 252), (54, 55), (45, 61), (193, 197), (12, 76), (143, 159), (10, 14), (244, 245), (2, 10), (76, 78), (144, 176), (110, 238), (55, 183), (105, 233), (46, 110), (42, 58), (78, 206), (196, 198), (115, 243), (19, 83), (45, 47), (62, 63), (128, 136), (193, 201), (201, 233), (252, 253), (198, 206), (56, 58), (85, 213), (6, 14), (13, 29), (83, 115), (206, 222), (142, 158), (39, 47), (46, 62), (151, 215), (81, 83), (107, 111), (99, 107), (179, 243)}
E2: {(105, 107), (96, 104), (244, 246), (156, 188), (114, 118), (148, 150), (105, 109), (243, 247), (147, 151), (88, 120), (31, 95), (31, 159), (179, 183), (106, 107), (240, 244), (24, 28), (32, 96), (177, 185), (32, 160), (124, 252), (80, 81), (0, 128), (122, 126), (151, 159), (232, 233), (55, 63), (136, 137), (243, 251), (108, 109), (156, 158), (5, 7), (70, 198), (0, 2), (210, 211), (121, 249), (158, 222), (132, 148), (249, 251), (142, 143), (14, 30), (97, 101), (121, 123), (132, 196), (106, 122), (249, 253), (76, 108), (188, 252), (98, 114), (66, 70), (9, 137), (30, 31), (96, 98), (8, 40), (146, 154), (163, 179), (86, 87), (72, 88), (87, 95), (97, 105), (104, 120), (8, 24), (91, 95), (78, 110), (174, 175), (146, 147), (221, 253), (49, 113), (49, 177), (143, 159), (10, 14), (172, 174), (244, 245), (2, 10), (76, 78), (110, 238), (55, 183), (120, 121), (105, 233), (46, 110), (78, 206), (196, 198), (115, 243), (62, 63), (128, 136), (246, 247), (252, 253), (198, 206), (143, 175), (6, 14), (83, 115), (206, 222), (89, 91), (142, 158), (28, 156), (46, 62), (54, 118), (6, 7), (184, 185), (81, 83), (60, 124), (113, 115), (49, 51), (83, 211)}
Obj: 46931

