Log for instance aco_tuning_out/inst06.txt.

Used ({'tau_0': 6.293660666238772e-06, 'xi': 0.0765998967889499, 'q0': 0.6265340995784354, 'alpha': 0.31196112568590606, 'beta': 0.6324794380700602, 'rho': 0.3069899243645694, 'ants': 19}) and found best instance after 222.875 seconds.
E1: {(192, 194), (7, 23), (188, 190), (3, 7), (232, 248), (206, 238), (237, 253), (210, 214), (82, 114), (130, 194), (1, 3), (83, 91), (156, 188), (212, 214), (206, 207), (53, 181), (174, 175), (166, 174), (240, 242), (240, 248), (7, 135), (174, 190), (82, 83), (105, 109), (206, 222), (180, 188), (221, 253), (248, 249), (89, 91), (114, 242), (83, 87), (172, 174), (85, 87), (45, 109), (214, 222), (109, 237), (174, 238), (249, 253), (6, 7), (24, 28), (82, 210), (180, 181), (194, 210), (23, 87), (46, 174), (78, 206), (7, 39), (1, 129), (28, 156)}
E2: {(90, 91), (193, 195), (193, 201), (132, 164), (96, 104), (188, 190), (181, 245), (164, 180), (193, 225), (196, 197), (2, 66), (1, 3), (187, 191), (156, 188), (83, 91), (196, 212), (166, 174), (174, 175), (96, 97), (174, 190), (193, 197), (82, 83), (83, 115), (163, 227), (180, 188), (188, 189), (89, 91), (40, 104), (170, 174), (97, 101), (1, 5), (132, 196), (115, 119), (68, 196), (1, 17), (36, 164), (226, 227), (175, 191), (180, 181), (2, 34), (195, 227), (129, 193), (1, 129), (2, 3), (97, 225), (227, 231), (2, 18), (66, 82), (159, 191)}
Obj: 28016

