Log for instance aco_tuning_out/inst27.txt.

Used ({'tau_0': 8.524438848395618e-06, 'xi': 0.08260719400248602, 'q0': 0.6770641636613806, 'alpha': 0.6089210219484695, 'beta': 0.5746980829231113, 'rho': 0.06462761009956378, 'ants': 17}) and found best instance after 205.484375 seconds.
E1: {(154, 155), (155, 187), (60, 62), (3, 19), (113, 117), (140, 204), (27, 31), (19, 27), (249, 251), (100, 116), (209, 213), (128, 132), (62, 190), (128, 144), (29, 31), (221, 253), (132, 140), (39, 47), (19, 23), (236, 238), (27, 155), (187, 251), (213, 221), (36, 100), (213, 215), (140, 142), (100, 228), (249, 253), (47, 63), (116, 117), (54, 62), (43, 47), (204, 236), (228, 236), (38, 54), (34, 38), (36, 38), (62, 63), (30, 31), (31, 63), (250, 251), (47, 111)}
E2: {(119, 127), (58, 59), (243, 251), (216, 218), (176, 240), (141, 157), (123, 127), (48, 176), (253, 255), (249, 251), (240, 242), (6, 14), (166, 230), (146, 147), (10, 42), (125, 127), (202, 218), (221, 253), (14, 15), (144, 146), (127, 255), (101, 117), (14, 30), (57, 59), (10, 14), (144, 176), (117, 125), (249, 253), (226, 230), (111, 127), (218, 250), (59, 123), (226, 242), (42, 58), (242, 250), (157, 221), (250, 251)}
Obj: 23825

