Log for instance aco_tuning_out/inst18.txt.

Used ({'tau0': 5.572049615801917e-06, 'xi': 0.06325004225542018, 'q0': 0.8461092587771804, 'alpha': 1.389681207393384, 'beta': 0.3366413033928038, 'rho': 0.4612946765120627, 'ants': 22}) and found best instance after 15.40625 seconds.
E1: {(105, 107), (81, 85), (114, 118), (148, 150), (105, 109), (61, 63), (147, 151), (188, 189), (31, 95), (31, 159), (63, 191), (32, 96), (32, 160), (228, 236), (80, 81), (0, 128), (57, 61), (122, 126), (114, 122), (151, 159), (209, 213), (136, 137), (108, 109), (70, 198), (0, 2), (1, 3), (189, 191), (132, 148), (110, 111), (62, 126), (10, 42), (142, 143), (29, 31), (95, 223), (1, 5), (132, 196), (213, 215), (76, 108), (188, 252), (98, 114), (9, 137), (66, 70), (215, 223), (47, 111), (96, 98), (228, 244), (45, 61), (193, 197), (108, 236), (143, 159), (10, 14), (244, 245), (2, 10), (76, 78), (110, 238), (105, 233), (46, 110), (42, 58), (78, 206), (196, 198), (136, 140), (128, 136), (193, 201), (201, 233), (198, 206), (85, 213), (6, 14), (143, 175), (0, 1), (39, 47), (46, 62), (140, 142), (54, 118), (175, 191), (42, 46), (107, 111), (99, 107), (90, 122)}
E2: {(72, 73), (24, 152), (152, 154), (148, 150), (96, 97), (152, 184), (105, 109), (147, 151), (31, 95), (31, 159), (179, 183), (240, 244), (32, 96), (32, 160), (124, 252), (80, 81), (0, 128), (151, 159), (136, 137), (55, 63), (124, 126), (108, 109), (0, 2), (210, 211), (114, 115), (115, 123), (132, 148), (62, 126), (142, 143), (97, 101), (132, 196), (73, 201), (76, 108), (98, 114), (9, 137), (66, 70), (70, 86), (96, 98), (200, 201), (146, 154), (4, 6), (163, 179), (86, 87), (40, 44), (87, 95), (97, 105), (238, 239), (91, 95), (54, 55), (174, 175), (146, 147), (12, 76), (245, 253), (221, 253), (143, 159), (10, 14), (172, 174), (244, 245), (2, 10), (76, 78), (110, 238), (55, 183), (105, 233), (51, 179), (46, 110), (200, 232), (78, 206), (196, 198), (62, 63), (12, 44), (136, 140), (128, 136), (4, 12), (201, 233), (252, 253), (198, 206), (6, 14), (143, 175), (83, 115), (4, 5), (89, 91), (46, 62), (140, 142), (81, 83), (60, 124), (30, 62), (113, 115), (83, 211), (175, 239)}
Obj: 42927

