Log for instance aco_tuning_out/inst12.txt.

Used ({'tau0': 3.986574795084688e-06, 'xi': 0.12869898263116974, 'q0': 0.7324104580466773, 'alpha': 0.38736117587741714, 'beta': 0.6247624947394189, 'rho': 0.4525392981526261, 'ants': 9}) and found best instance after 14.140625 seconds.
E1: {(109, 190), (166, 193), (151, 232), (159, 160), (190, 193), (190, 199), (199, 205), (30, 192), (171, 198), (84, 102), (91, 92), (192, 193), (92, 173), (30, 39), (171, 173), (142, 143), (89, 143), (173, 182), (3, 30), (27, 30), (198, 199), (39, 120), (30, 32), (192, 195), (27, 45), (151, 160), (205, 232), (132, 159), (193, 211), (0, 3), (142, 160), (3, 84), (132, 134), (43, 205)}
E2: {(166, 175), (188, 242), (58, 59), (109, 190), (39, 201), (175, 202), (208, 211), (107, 134), (190, 208), (135, 153), (152, 233), (198, 200), (89, 107), (39, 66), (201, 202), (223, 232), (30, 39), (102, 183), (72, 78), (207, 208), (58, 67), (58, 76), (107, 188), (45, 207), (233, 242), (106, 107), (30, 32), (174, 177), (174, 183), (72, 74), (76, 157), (64, 67), (202, 205), (205, 232), (74, 236), (45, 72), (25, 106), (72, 153), (174, 201), (66, 67), (43, 205), (198, 201), (198, 207), (232, 233)}
Obj: 32347

