Log for instance aco_tuning_out/inst30.txt.

Used ({'tau0': 5.342828546400694e-06, 'xi': 0.10757152839420789, 'q0': 0.48310874806332305, 'alpha': 0.7345220815729948, 'beta': 0.5000932542690112, 'rho': 0.1091478953450425, 'ants': 30}) and found best instance after 278.4375 seconds.
E1: {(123, 204), (125, 134), (208, 211), (199, 205), (19, 73), (199, 208), (195, 204), (125, 152), (208, 235), (18, 19), (177, 204), (235, 236), (73, 235), (109, 118), (18, 21), (64, 73), (91, 118), (21, 23), (32, 50), (199, 200), (14, 23), (21, 102), (19, 25), (204, 205), (118, 199), (123, 125), (0, 18), (23, 50), (120, 123)}
E2: {(101, 155), (162, 168), (153, 156), (135, 153), (134, 161), (199, 226), (18, 19), (168, 177), (156, 157), (168, 195), (166, 169), (153, 155), (20, 101), (225, 226), (64, 226), (19, 20), (155, 161), (153, 234), (109, 118), (91, 118), (0, 162), (199, 200), (225, 228), (18, 45), (152, 161), (225, 234), (19, 25), (118, 199), (0, 18), (20, 182), (168, 169), (155, 236)}
Obj: 27550

