Log for instance aco_tuning_out/inst06.txt.

Used ({'tau_0': 2.3890526897386258e-06, 'xi': 0.09728269253474063, 'q0': 0.5264084644635578, 'alpha': 0.34480659763074994, 'beta': 1.2781748892293714, 'rho': 0.12380145068388254, 'ants': 25}) and found best instance after 245.421875 seconds.
E1: {(7, 23), (81, 85), (3, 7), (232, 248), (180, 244), (206, 238), (237, 253), (166, 174), (82, 114), (130, 194), (1, 3), (121, 249), (198, 206), (53, 181), (196, 212), (85, 213), (206, 207), (174, 175), (143, 175), (240, 248), (174, 190), (82, 83), (192, 196), (206, 222), (212, 244), (25, 89), (105, 121), (221, 253), (248, 249), (135, 143), (17, 81), (212, 213), (172, 174), (1, 17), (45, 173), (24, 25), (6, 7), (240, 244), (249, 253), (81, 83), (82, 210), (194, 198), (180, 181), (173, 175), (46, 174), (78, 206), (143, 207), (7, 39), (1, 129), (196, 198), (17, 25)}
E2: {(196, 197), (2, 66), (156, 188), (166, 174), (96, 97), (25, 89), (212, 244), (162, 170), (188, 189), (170, 171), (68, 196), (1, 17), (32, 96), (2, 34), (97, 225), (101, 103), (180, 244), (193, 225), (1, 3), (157, 159), (157, 189), (97, 101), (1, 5), (132, 196), (230, 231), (129, 193), (103, 119), (17, 25), (90, 91), (193, 195), (32, 34), (162, 226), (188, 190), (103, 231), (196, 212), (174, 175), (193, 197), (32, 36), (244, 245), (162, 166), (193, 201), (32, 40), (174, 190), (89, 91), (226, 230), (163, 171), (171, 187), (1, 129), (2, 18)}
Obj: 28701

