Log for instance aco_tuning_out/inst06.txt.

Used ({'tau0': 1.34326092400037e-06, 'xi': 0.13441645763893803, 'q0': 0.4083523399061119, 'alpha': 0.5070175800996563, 'beta': 0.9994669821848109, 'rho': 0.2873914507152631, 'ants': 17}) and found best instance after 291.609375 seconds.
E1: {(7, 23), (24, 152), (188, 190), (3, 7), (180, 244), (206, 238), (129, 131), (39, 167), (233, 237), (82, 114), (121, 249), (233, 249), (206, 207), (174, 175), (85, 213), (174, 190), (82, 83), (206, 222), (212, 244), (192, 208), (180, 188), (21, 85), (173, 237), (208, 210), (208, 216), (167, 175), (83, 87), (172, 174), (85, 87), (213, 221), (166, 167), (6, 7), (45, 173), (135, 167), (174, 238), (240, 244), (105, 233), (89, 121), (173, 175), (23, 87), (46, 174), (208, 212), (7, 39), (78, 206), (152, 216), (130, 131), (131, 135), (21, 53), (232, 233)}
E2: {(64, 66), (193, 195), (193, 201), (163, 167), (162, 226), (188, 190), (32, 40), (82, 90), (180, 244), (64, 96), (167, 231), (129, 131), (193, 225), (1, 3), (187, 191), (156, 188), (34, 162), (189, 191), (117, 245), (196, 212), (174, 175), (64, 68), (174, 190), (193, 197), (32, 36), (25, 89), (212, 244), (180, 188), (162, 170), (3, 131), (101, 117), (167, 175), (1, 5), (244, 245), (117, 119), (132, 196), (166, 167), (68, 196), (1, 17), (32, 96), (162, 166), (18, 82), (175, 191), (131, 163), (129, 193), (17, 25), (66, 82), (159, 191)}
Obj: 28546

