Log for instance aco_tuning_out/inst15.txt.

Used ({'tau0': 4.4510989038433445e-06, 'xi': 0.08945606202546638, 'q0': 0.47345622448593194, 'alpha': 1.2900775735272525, 'beta': 0.7464788134566036, 'rho': 0.4234734074527042, 'ants': 18}) and found best instance after 8.0 seconds.
E1: {(39, 201), (109, 190), (162, 168), (30, 192), (57, 60), (57, 66), (34, 43), (189, 191), (39, 66), (200, 206), (30, 39), (162, 164), (130, 157), (168, 177), (189, 195), (191, 197), (31, 34), (164, 182), (31, 49), (164, 191), (197, 206), (109, 118), (64, 67), (91, 118), (201, 228), (190, 191), (69, 78), (60, 69), (66, 67), (189, 192), (49, 130), (30, 31)}
E2: {(43, 205), (81, 82), (166, 175), (88, 97), (212, 215), (20, 23), (42, 51), (66, 228), (20, 26), (53, 215), (236, 239), (205, 206), (35, 197), (39, 66), (97, 178), (200, 206), (77, 239), (30, 39), (211, 212), (51, 52), (58, 67), (27, 189), (25, 52), (81, 108), (77, 80), (35, 53), (3, 30), (108, 135), (26, 53), (27, 30), (31, 58), (36, 42), (30, 32), (197, 206), (27, 36), (175, 178), (88, 89), (26, 80), (27, 45), (64, 67), (53, 134), (205, 232), (52, 53), (178, 232), (14, 23), (59, 77), (0, 3), (82, 109), (51, 78), (189, 195), (30, 31), (20, 182), (177, 178), (27, 108)}
Obj: 32508

