Log for instance aco_tuning_out/inst30.txt.

Used ({'tau_0': 8.524438848395618e-06, 'xi': 0.08260719400248602, 'q0': 0.6770641636613806, 'alpha': 0.6089210219484695, 'beta': 0.5746980829231113, 'rho': 0.06462761009956378, 'ants': 17}) and found best instance after 78.9375 seconds.
E1: {(145, 146), (101, 155), (39, 201), (162, 171), (162, 168), (64, 145), (210, 211), (171, 198), (107, 134), (168, 177), (99, 102), (120, 201), (168, 195), (39, 41), (20, 101), (118, 145), (198, 199), (19, 20), (109, 118), (99, 101), (146, 155), (201, 210), (146, 152), (91, 118), (0, 162), (32, 41), (199, 200), (101, 107), (19, 25), (118, 199), (14, 41), (198, 201), (155, 236)}
E2: {(162, 165), (162, 171), (162, 168), (139, 157), (64, 145), (171, 198), (227, 233), (152, 233), (227, 236), (136, 139), (136, 145), (171, 173), (168, 177), (165, 166), (7, 25), (36, 198), (168, 195), (173, 182), (134, 215), (118, 145), (198, 199), (109, 118), (6, 7), (36, 45), (206, 215), (91, 118), (0, 162), (173, 227), (206, 233), (201, 228), (135, 136), (199, 200), (6, 168), (118, 199), (198, 201)}
Obj: 28629

