Log for instance aco_tuning_out/inst12.txt.

Used ({'tau_0': 8.524438848395618e-06, 'xi': 0.08260719400248602, 'q0': 0.6770641636613806, 'alpha': 0.6089210219484695, 'beta': 0.5746980829231113, 'rho': 0.06462761009956378, 'ants': 17}) and found best instance after 120.109375 seconds.
E1: {(120, 129), (3, 4), (45, 126), (102, 129), (31, 32), (126, 129), (127, 128), (84, 102), (101, 182), (34, 43), (126, 128), (84, 86), (86, 89), (118, 127), (31, 34), (129, 130), (4, 166), (109, 118), (130, 211), (128, 134), (33, 34), (91, 118), (0, 3), (3, 84), (4, 31), (101, 128), (33, 195)}
E2: {(166, 175), (45, 126), (119, 200), (102, 129), (34, 196), (175, 202), (31, 32), (126, 129), (135, 153), (109, 110), (34, 43), (65, 146), (34, 52), (64, 65), (89, 116), (130, 157), (51, 52), (126, 128), (177, 204), (25, 52), (153, 155), (31, 34), (129, 130), (45, 51), (196, 205), (130, 211), (110, 119), (110, 116), (128, 134), (196, 223), (146, 155), (146, 152), (202, 205), (110, 128), (128, 155), (32, 59), (51, 78), (204, 205), (155, 236)}
Obj: 28202

