Log for instance aco_tuning_out/inst09.txt.

Used ({'tau0': 9.546586330686151e-06, 'xi': 0.07432857356120594, 'q0': 0.39855006298732903, 'alpha': 1.1362553523500754, 'beta': 1.13375631131127, 'rho': 0.39805176799684205, 'ants': 18}) and found best instance after 12.4375 seconds.
E1: {(3, 4), (4, 58), (54, 135), (96, 177), (176, 185), (89, 98), (75, 78), (100, 101), (166, 220), (34, 43), (21, 183), (72, 75), (103, 157), (3, 21), (139, 220), (31, 34), (100, 103), (31, 58), (102, 103), (72, 74), (21, 75), (92, 98), (14, 176), (54, 72), (220, 223), (74, 236), (58, 139), (96, 123), (0, 3), (21, 102), (92, 101), (183, 185), (96, 98), (120, 123)}
E2: {(3, 4), (4, 58), (58, 59), (6, 24), (96, 177), (6, 33), (98, 125), (89, 98), (134, 161), (166, 220), (58, 220), (98, 152), (4, 5), (6, 87), (49, 211), (3, 6), (77, 80), (58, 76), (27, 33), (80, 161), (27, 36), (24, 25), (36, 45), (49, 76), (76, 157), (220, 223), (87, 96), (0, 3), (5, 32), (76, 77), (123, 125), (33, 195), (96, 98), (120, 123)}
Obj: 28311

