Log for instance aco_tuning_out/inst30.txt.

Used ({'tau0': 5.449825531692064e-06, 'xi': 0.10463551100918586, 'q0': 0.3791032022582517, 'alpha': 1.5968901194470106, 'beta': 0.6682022659911173, 'rho': 0.3643260630360847, 'ants': 18}) and found best instance after 8.8125 seconds.
E1: {(93, 102), (4, 58), (109, 190), (162, 171), (212, 215), (93, 120), (125, 134), (190, 199), (171, 198), (14, 95), (125, 152), (121, 148), (200, 206), (209, 215), (211, 212), (58, 67), (22, 25), (177, 204), (118, 121), (209, 236), (125, 206), (204, 206), (94, 148), (195, 197), (118, 145), (198, 199), (50, 212), (93, 94), (197, 206), (197, 215), (64, 67), (0, 162), (32, 50), (67, 148), (4, 22), (91, 145), (118, 199), (198, 204), (94, 95)}
E2: {(163, 164), (171, 174), (162, 171), (108, 109), (171, 177), (162, 168), (125, 134), (126, 132), (51, 132), (171, 198), (125, 152), (195, 213), (186, 213), (117, 126), (171, 173), (93, 174), (163, 166), (108, 117), (168, 186), (51, 52), (164, 173), (25, 52), (164, 182), (108, 135), (94, 148), (91, 94), (173, 200), (93, 94), (27, 45), (117, 198), (64, 67), (0, 162), (182, 236), (67, 148), (132, 134), (174, 228), (148, 157), (27, 108)}
Obj: 32997

