Log for instance aco_tuning_out/inst03.txt.

Used ({'tau_0': 5.27015365896669e-06, 'xi': 0.12993599333145528, 'q0': 0.31614692226037566, 'alpha': 1.9457803192705339, 'beta': 1.0826765605366773, 'rho': 0.462237565316319, 'ants': 26}) and found best instance after 13.546875 seconds.
E1: {(128, 136), (136, 137), (211, 219), (61, 189), (128, 160), (210, 211), (36, 37), (4, 36), (187, 191), (140, 204), (189, 191), (37, 39), (53, 181), (160, 164), (143, 175), (65, 97), (202, 203), (164, 228), (20, 28), (221, 253), (4, 20), (135, 143), (113, 241), (97, 101), (97, 113), (195, 203), (240, 241), (53, 61), (36, 164), (53, 55), (160, 224), (24, 28), (37, 53), (55, 119), (175, 191), (203, 207), (147, 211), (149, 181), (4, 68), (38, 39), (143, 207), (38, 54), (57, 61), (9, 137), (37, 101), (28, 92), (195, 211), (189, 253), (224, 232), (136, 140)}
E2: {(177, 181), (136, 137), (128, 136), (200, 201), (154, 158), (15, 143), (99, 103), (146, 154), (44, 45), (200, 216), (132, 164), (51, 59), (181, 245), (164, 180), (0, 2), (39, 103), (40, 44), (128, 160), (192, 224), (196, 197), (1, 9), (158, 222), (207, 239), (50, 51), (136, 200), (192, 196), (59, 63), (1, 33), (142, 143), (44, 172), (15, 47), (142, 158), (39, 47), (49, 177), (143, 159), (235, 239), (1, 5), (132, 196), (1, 17), (36, 164), (160, 224), (146, 210), (47, 63), (59, 123), (50, 114), (33, 49), (43, 47), (2, 34), (164, 166), (143, 207), (150, 158), (48, 49), (9, 137), (0, 128), (49, 51), (196, 198), (45, 47), (224, 226), (47, 111)}
Obj: 32630

