Log for instance aco_tuning_out/inst03.txt.

Used ({'tau0': 4.585564497822685e-06, 'xi': 0.058757171197309443, 'q0': 0.34722321487260577, 'alpha': 1.3834921966172709, 'beta': 0.8673616661090202, 'rho': 0.2097770542871472, 'ants': 11}) and found best instance after 11.5625 seconds.
E1: {(232, 236), (111, 239), (155, 187), (101, 103), (211, 219), (20, 84), (228, 244), (39, 103), (210, 211), (65, 67), (97, 105), (207, 239), (68, 84), (36, 52), (9, 41), (65, 97), (194, 202), (52, 54), (147, 151), (41, 57), (67, 195), (20, 22), (20, 28), (84, 92), (217, 219), (194, 226), (97, 101), (103, 111), (155, 219), (149, 151), (97, 113), (240, 244), (24, 28), (194, 195), (226, 230), (147, 211), (41, 105), (228, 230), (204, 236), (52, 53), (194, 210), (228, 236), (38, 39), (217, 221), (38, 54), (103, 119), (135, 151), (22, 54), (175, 239)}
E2: {(105, 107), (196, 228), (44, 45), (107, 235), (180, 244), (43, 107), (150, 151), (228, 244), (0, 2), (128, 160), (40, 44), (152, 154), (40, 41), (210, 214), (196, 197), (48, 112), (9, 11), (48, 176), (36, 37), (5, 37), (37, 45), (45, 61), (128, 132), (192, 196), (9, 41), (128, 144), (198, 230), (44, 172), (61, 63), (150, 214), (144, 152), (112, 114), (244, 245), (132, 196), (214, 222), (144, 176), (33, 37), (198, 214), (226, 230), (137, 201), (2, 34), (228, 230), (33, 49), (41, 105), (107, 111), (99, 107), (107, 123), (48, 49), (176, 177), (152, 216), (0, 128), (9, 137), (11, 15), (166, 230), (151, 159), (17, 49)}
Obj: 31813

