Log for instance aco_tuning_out/inst09.txt.

Used ({'tau_0': 8.613914963906393e-06, 'xi': 0.14574697859969848, 'q0': 0.4568549694035073, 'alpha': 1.0997466880204505, 'beta': 1.26467494952901, 'rho': 0.20648622793681415, 'ants': 10}) and found best instance after 9.140625 seconds.
E1: {(166, 175), (81, 82), (175, 202), (159, 160), (124, 205), (84, 102), (236, 242), (142, 223), (0, 81), (201, 202), (157, 160), (240, 242), (81, 84), (82, 83), (136, 142), (120, 201), (177, 204), (175, 176), (81, 135), (151, 160), (78, 240), (14, 176), (202, 205), (142, 160), (159, 240), (124, 151), (204, 205), (83, 89), (43, 205), (82, 136)}
E2: {(166, 175), (39, 201), (175, 202), (151, 232), (87, 89), (125, 134), (66, 75), (125, 152), (39, 66), (201, 202), (157, 160), (223, 232), (30, 39), (124, 125), (21, 24), (66, 68), (39, 120), (30, 32), (175, 178), (24, 25), (151, 160), (21, 75), (18, 21), (30, 111), (202, 211), (59, 68), (178, 232), (18, 45), (124, 151), (0, 18), (87, 114), (114, 195), (177, 178), (111, 114)}
Obj: 26835

