Log for instance aco_tuning_out/inst30.txt.

Used ({'tau0': 3.870488509745335e-06, 'xi': 0.14375219093339509, 'q0': 0.31937330810318404, 'alpha': 1.2524356087799853, 'beta': 0.8404615317597104, 'rho': 0.2941319030093275, 'ants': 31}) and found best instance after 122.421875 seconds.
E1: {(6, 15), (99, 100), (119, 200), (118, 119), (181, 187), (64, 145), (38, 41), (208, 211), (181, 208), (25, 187), (152, 233), (151, 152), (120, 122), (231, 233), (145, 151), (181, 235), (99, 102), (195, 197), (118, 145), (235, 236), (38, 119), (91, 100), (109, 118), (119, 122), (177, 231), (128, 134), (224, 233), (119, 128), (91, 118), (32, 41), (197, 224), (15, 177), (0, 6), (14, 41), (100, 181)}
E2: {(54, 135), (119, 200), (118, 119), (0, 54), (64, 145), (222, 231), (151, 152), (136, 145), (195, 222), (145, 151), (79, 160), (165, 166), (228, 231), (118, 145), (168, 222), (177, 231), (60, 222), (54, 60), (72, 74), (109, 118), (151, 160), (128, 134), (25, 79), (91, 118), (119, 128), (54, 72), (182, 236), (74, 236), (45, 72), (165, 168), (135, 136), (157, 160)}
Obj: 30802

