Log for instance aco_tuning_out/inst06.txt.

Used ({'tau0': 8.753936472387218e-06, 'xi': 0.09720016068128765, 'q0': 0.8231293796694477, 'alpha': 0.5431396504147108, 'beta': 1.6359800101718294, 'rho': 0.1536282766541045, 'ants': 15}) and found best instance after 62.078125 seconds.
E1: {(192, 200), (177, 181), (193, 195), (206, 238), (237, 253), (176, 240), (129, 131), (135, 199), (87, 95), (39, 167), (114, 115), (83, 91), (221, 223), (91, 95), (198, 206), (53, 181), (196, 212), (192, 193), (166, 174), (174, 175), (45, 61), (174, 190), (82, 83), (105, 109), (206, 222), (83, 115), (3, 131), (221, 253), (89, 91), (199, 207), (49, 113), (95, 223), (49, 177), (207, 223), (172, 174), (198, 199), (28, 29), (29, 61), (85, 87), (166, 167), (134, 166), (45, 109), (135, 167), (109, 237), (249, 253), (24, 28), (82, 210), (180, 181), (200, 232), (23, 87), (113, 115), (78, 206), (176, 177), (46, 174), (129, 193), (130, 134), (195, 199), (196, 198), (6, 134)}
E2: {(177, 181), (90, 91), (193, 195), (32, 34), (32, 40), (193, 201), (188, 190), (155, 187), (181, 245), (193, 225), (155, 159), (1, 3), (156, 188), (83, 91), (91, 95), (196, 212), (174, 175), (166, 174), (96, 97), (174, 190), (193, 197), (32, 36), (83, 115), (82, 83), (180, 188), (188, 189), (35, 163), (89, 91), (49, 113), (31, 95), (97, 101), (49, 177), (31, 159), (170, 174), (1, 5), (198, 199), (132, 196), (115, 119), (97, 113), (230, 231), (68, 196), (1, 17), (199, 231), (32, 96), (226, 230), (18, 82), (180, 181), (113, 115), (129, 193), (34, 35), (195, 199), (196, 198), (97, 225), (66, 82), (17, 49)}
Obj: 31295

