Log for instance aco_tuning_out/inst30.txt.

Used ({'tau0': 8.908613414444593e-06, 'xi': 0.1316659796537964, 'q0': 0.44184378094598165, 'alpha': 1.5856828467501214, 'beta': 0.9751219636880748, 'rho': 0.2735558699054583, 'ants': 18}) and found best instance after 14.0625 seconds.
E1: {(120, 129), (68, 149), (106, 133), (132, 213), (67, 68), (14, 68), (102, 129), (31, 32), (146, 227), (0, 2), (130, 133), (149, 152), (132, 133), (112, 130), (227, 236), (195, 213), (186, 213), (177, 186), (56, 137), (58, 67), (2, 56), (200, 227), (129, 130), (31, 58), (100, 106), (109, 112), (91, 100), (130, 211), (146, 149), (137, 146), (64, 67), (25, 106), (132, 134), (31, 112)}
E2: {(81, 82), (128, 209), (75, 237), (7, 169), (135, 153), (109, 110), (195, 204), (199, 226), (81, 84), (72, 75), (200, 209), (156, 157), (7, 25), (3, 6), (228, 237), (177, 204), (153, 155), (209, 236), (198, 204), (64, 226), (182, 209), (198, 199), (6, 7), (75, 156), (81, 135), (128, 134), (146, 155), (82, 91), (146, 152), (110, 128), (45, 72), (72, 153), (128, 155), (199, 200), (0, 3), (3, 84), (166, 169)}
Obj: 32264

