Log for instance aco_tuning_out/inst24.txt.

Used ({'tau_0': 5.984400518709856e-06, 'xi': 0.13241385165248287, 'q0': 0.4542903648549634, 'alpha': 0.4898957854025313, 'beta': 0.29966337375676566, 'rho': 0.06680927871977722, 'ants': 9}) and found best instance after 298.1875 seconds.
E1: {(41, 43), (15, 143), (171, 235), (243, 251), (99, 103), (190, 254), (43, 171), (0, 2), (40, 44), (248, 250), (128, 160), (40, 41), (251, 255), (186, 250), (220, 252), (122, 250), (34, 98), (253, 255), (2, 130), (240, 248), (41, 45), (58, 186), (44, 108), (128, 144), (98, 106), (41, 57), (221, 253), (139, 171), (143, 159), (106, 122), (235, 251), (139, 143), (98, 99), (2, 34), (141, 143), (71, 103), (254, 255), (154, 186), (90, 122), (0, 128), (252, 254), (92, 220), (12, 44), (250, 251)}
E2: {(183, 191), (98, 226), (228, 229), (229, 237), (60, 62), (167, 231), (187, 191), (34, 98), (253, 255), (53, 181), (120, 122), (90, 218), (181, 183), (21, 85), (221, 253), (176, 178), (191, 255), (98, 106), (165, 181), (5, 21), (2, 10), (106, 122), (222, 254), (166, 167), (63, 191), (144, 176), (199, 231), (175, 191), (180, 181), (145, 147), (2, 34), (165, 229), (254, 255), (144, 145), (98, 114), (218, 222), (176, 180), (90, 122), (167, 183), (195, 199), (89, 93), (62, 63), (21, 53), (93, 221)}
Obj: 25876

