Log for instance aco_tuning_out/inst12.txt.

Used ({'tau0': 1.3763468429827451e-06, 'xi': 0.13059886401904963, 'q0': 0.7970081104032578, 'alpha': 0.9961946895439933, 'beta': 0.8455334921092874, 'rho': 0.2687684260652423, 'ants': 32}) and found best instance after 22.625 seconds.
E1: {(166, 175), (81, 82), (43, 205), (111, 120), (185, 212), (176, 185), (84, 111), (189, 198), (0, 81), (189, 191), (102, 104), (81, 84), (82, 83), (209, 215), (189, 195), (211, 212), (182, 185), (36, 198), (86, 89), (191, 209), (134, 215), (86, 104), (50, 212), (175, 176), (109, 118), (175, 178), (36, 45), (91, 118), (205, 232), (32, 50), (178, 232), (82, 109), (83, 86), (212, 215), (104, 185)}
E2: {(81, 82), (115, 142), (101, 155), (3, 4), (4, 58), (58, 59), (128, 209), (32, 113), (112, 115), (76, 79), (142, 223), (198, 200), (102, 104), (81, 84), (82, 83), (209, 215), (36, 198), (86, 89), (78, 79), (58, 76), (209, 236), (134, 215), (86, 104), (38, 119), (205, 214), (86, 113), (4, 166), (36, 45), (25, 79), (55, 58), (174, 177), (81, 135), (76, 157), (119, 128), (146, 155), (211, 214), (146, 152), (55, 64), (101, 104), (128, 155), (174, 201), (112, 113), (82, 109), (3, 84), (83, 86), (214, 215), (36, 38), (43, 205), (198, 201)}
Obj: 32678

