Log for instance aco_tuning_out/inst24.txt.

Used ({'tau0': 2.0274933728523487e-06, 'xi': 0.13405703789383258, 'q0': 0.526091823657158, 'alpha': 1.6793374858698646, 'beta': 0.6970800710605479, 'rho': 0.13613590490376215, 'ants': 11}) and found best instance after 9.453125 seconds.
E1: {(76, 92), (154, 155), (42, 106), (15, 79), (105, 107), (243, 251), (107, 235), (108, 109), (43, 107), (0, 2), (176, 240), (155, 159), (57, 121), (252, 253), (11, 139), (186, 250), (2, 130), (121, 249), (249, 251), (10, 42), (160, 176), (105, 109), (90, 218), (12, 76), (12, 140), (221, 253), (10, 11), (106, 107), (2, 10), (45, 109), (144, 176), (249, 253), (130, 162), (71, 79), (218, 250), (2, 34), (76, 108), (139, 155), (42, 58), (40, 42), (154, 186), (186, 190), (140, 141), (11, 15), (160, 162), (250, 251)}
E2: {(183, 191), (90, 91), (98, 226), (60, 62), (87, 95), (178, 179), (147, 179), (187, 191), (221, 223), (34, 98), (91, 95), (53, 181), (120, 122), (231, 239), (166, 230), (181, 183), (191, 255), (89, 91), (165, 181), (5, 21), (179, 183), (95, 223), (2, 10), (85, 87), (230, 231), (106, 122), (63, 191), (226, 230), (175, 191), (145, 147), (180, 181), (237, 239), (228, 230), (2, 34), (195, 227), (222, 223), (144, 145), (98, 114), (223, 255), (114, 122), (227, 231), (62, 63), (21, 53), (175, 239)}
Obj: 27578

