Log for instance aco_tuning_out/inst24.txt.

Used ({'tau0': 7.35696843598511e-06, 'xi': 0.13099405837312028, 'q0': 0.39430175087041053, 'alpha': 1.838983583452214, 'beta': 0.7213281426644318, 'rho': 0.11968092308615733, 'ants': 31}) and found best instance after 266.390625 seconds.
E1: {(76, 92), (15, 79), (128, 130), (32, 34), (32, 40), (15, 143), (107, 235), (43, 107), (104, 108), (128, 160), (40, 41), (242, 243), (252, 253), (186, 250), (122, 250), (240, 242), (0, 32), (41, 45), (58, 186), (128, 144), (12, 76), (92, 124), (41, 57), (221, 253), (14, 15), (40, 104), (143, 159), (106, 107), (106, 122), (71, 79), (139, 143), (12, 14), (76, 108), (141, 143), (124, 252), (104, 106), (154, 186), (0, 128), (186, 190), (90, 122), (242, 250)}
E2: {(183, 191), (93, 221), (98, 226), (165, 167), (220, 222), (52, 180), (151, 183), (237, 253), (187, 191), (133, 165), (253, 255), (120, 122), (220, 221), (147, 151), (221, 253), (176, 178), (191, 255), (52, 60), (2, 10), (106, 122), (166, 167), (230, 231), (199, 231), (63, 191), (144, 176), (85, 93), (226, 230), (175, 191), (2, 34), (50, 114), (228, 230), (50, 178), (52, 53), (98, 114), (5, 133), (176, 180), (90, 122), (167, 183), (195, 199), (89, 93), (114, 122), (166, 230), (34, 50)}
Obj: 25556

