Log for instance aco_tuning_out/inst12.txt.

Used ({'tau_0': 8.037069826251222e-06, 'xi': 0.09645020294268639, 'q0': 0.6378636958577493, 'alpha': 1.5874523603304216, 'beta': 1.117749324798499, 'rho': 0.3122873583242921, 'ants': 22}) and found best instance after 11.375 seconds.
E1: {(33, 42), (4, 58), (3, 4), (212, 215), (84, 87), (87, 89), (31, 32), (38, 44), (84, 102), (34, 43), (117, 120), (81, 84), (42, 44), (211, 212), (180, 182), (81, 99), (36, 198), (31, 34), (134, 215), (31, 58), (205, 214), (4, 166), (109, 118), (36, 45), (33, 34), (117, 198), (91, 118), (99, 180), (0, 3), (3, 84), (33, 195), (36, 38), (117, 118), (43, 205), (214, 215)}
E2: {(166, 175), (72, 73), (28, 46), (4, 58), (39, 201), (28, 55), (162, 171), (162, 168), (137, 218), (29, 32), (217, 223), (49, 50), (171, 198), (75, 78), (49, 130), (131, 134), (34, 43), (112, 130), (198, 200), (45, 46), (24, 78), (39, 66), (174, 175), (218, 236), (102, 104), (85, 103), (72, 75), (28, 109), (85, 112), (211, 212), (103, 157), (13, 175), (135, 137), (31, 34), (66, 68), (55, 217), (50, 212), (28, 29), (31, 58), (89, 170), (24, 25), (55, 58), (174, 177), (168, 170), (55, 64), (137, 146), (64, 73), (146, 152), (59, 68), (174, 201), (217, 218), (4, 13), (103, 104), (130, 131), (31, 112), (198, 201)}
Obj: 35707

