Log for instance aco_tuning_out/inst09.txt.

Used ({'tau0': 3.0123184321619356e-06, 'xi': 0.12162366348291398, 'q0': 0.6525057095214953, 'alpha': 0.3418731697773203, 'beta': 1.7855031617760102, 'rho': 0.2482497904794193, 'ants': 32}) and found best instance after 212.625 seconds.
E1: {(120, 129), (87, 89), (135, 138), (176, 185), (138, 140), (96, 97), (205, 232), (178, 232), (5, 14), (177, 178), (0, 2), (236, 239), (185, 239), (51, 52), (175, 176), (96, 105), (86, 140), (175, 178), (102, 129), (43, 52), (196, 205), (196, 223), (166, 175), (2, 5), (5, 86), (97, 178), (140, 158), (205, 214), (157, 158), (158, 239), (87, 96), (51, 78), (102, 105), (52, 214)}
E2: {(131, 134), (96, 97), (72, 75), (192, 195), (123, 150), (21, 75), (150, 152), (177, 178), (49, 50), (3, 165), (3, 5), (32, 50), (175, 178), (5, 59), (6, 24), (50, 131), (6, 8), (131, 158), (7, 25), (21, 24), (75, 77), (169, 178), (96, 123), (165, 192), (120, 123), (166, 175), (84, 87), (97, 178), (6, 87), (49, 211), (157, 158), (6, 7), (45, 72), (169, 223), (87, 96), (50, 77), (0, 3), (3, 84), (8, 89)}
Obj: 29863

