Log for instance aco_tuning_out/inst15.txt.

Used ({'tau0': 8.524494344253886e-06, 'xi': 0.09819260408139344, 'q0': 0.8088391626043536, 'alpha': 1.5978494389623978, 'beta': 0.3615392099783453, 'rho': 0.32122496368584613, 'ants': 32}) and found best instance after 15.578125 seconds.
E1: {(81, 82), (226, 232), (3, 4), (39, 201), (4, 58), (66, 228), (171, 198), (217, 226), (75, 78), (39, 66), (83, 164), (171, 173), (82, 83), (81, 84), (164, 173), (191, 197), (58, 76), (3, 21), (164, 182), (64, 226), (195, 197), (164, 191), (173, 200), (174, 177), (76, 157), (21, 75), (82, 91), (205, 232), (136, 217), (174, 201), (82, 109), (3, 84), (43, 205), (82, 136), (198, 201)}
E2: {(166, 175), (81, 82), (226, 232), (39, 201), (162, 171), (226, 229), (175, 202), (66, 228), (38, 41), (59, 140), (171, 198), (75, 78), (198, 200), (39, 66), (201, 202), (33, 35), (83, 164), (171, 173), (82, 83), (72, 75), (164, 173), (36, 198), (86, 89), (35, 53), (164, 182), (64, 226), (19, 20), (27, 33), (63, 66), (27, 36), (36, 45), (174, 177), (72, 74), (81, 135), (32, 35), (63, 72), (53, 134), (36, 63), (0, 162), (205, 232), (202, 211), (74, 236), (86, 140), (174, 201), (82, 109), (202, 229), (19, 25), (83, 86), (36, 38), (33, 195), (43, 205), (14, 41), (20, 182)}
Obj: 31531

