Log for instance aco_tuning_out/inst21.txt.

Used ({'tau_0': 4.879942623985006e-06, 'xi': 0.08399557345205959, 'q0': 0.8878104132072444, 'alpha': 1.876793500103366, 'beta': 1.500849913875006, 'rho': 0.45614013825443306, 'ants': 13}) and found best instance after 4.046875 seconds.
E1: {(166, 175), (179, 206), (226, 229), (18, 20), (99, 100), (175, 202), (118, 119), (159, 160), (150, 151), (141, 142), (179, 233), (29, 32), (147, 228), (171, 198), (153, 159), (66, 75), (100, 101), (5, 86), (142, 223), (152, 233), (97, 178), (186, 213), (200, 206), (96, 97), (72, 75), (171, 173), (83, 164), (213, 240), (177, 186), (180, 182), (164, 173), (36, 198), (173, 179), (141, 159), (20, 101), (64, 226), (135, 216), (118, 145), (38, 119), (153, 234), (27, 36), (36, 45), (66, 147), (151, 160), (123, 150), (21, 75), (18, 21), (72, 153), (145, 226), (96, 123), (5, 14), (99, 180), (202, 229), (159, 240), (83, 86), (36, 38), (216, 234), (175, 178), (27, 29)}
E2: {(81, 82), (226, 232), (115, 142), (3, 4), (39, 201), (162, 171), (4, 58), (55, 136), (18, 20), (99, 100), (88, 115), (29, 32), (179, 233), (171, 198), (153, 159), (100, 101), (142, 223), (152, 233), (39, 66), (200, 206), (83, 164), (171, 173), (82, 83), (81, 84), (72, 75), (136, 145), (214, 241), (180, 182), (164, 173), (173, 179), (191, 197), (86, 89), (58, 76), (3, 21), (20, 101), (66, 68), (55, 217), (64, 226), (118, 145), (164, 191), (19, 20), (238, 241), (205, 214), (196, 205), (39, 120), (197, 206), (109, 118), (72, 74), (81, 135), (76, 157), (164, 218), (21, 75), (18, 21), (78, 240), (91, 118), (82, 88), (205, 232), (0, 162), (59, 68), (74, 236), (45, 72), (72, 153), (145, 226), (217, 218), (99, 180), (3, 84), (211, 238), (159, 240), (19, 25), (195, 196), (83, 86), (43, 205), (198, 201), (29, 191)}
Obj: 44910

