Log for instance aco_tuning_out/inst24.txt.

Used ({'tau_0': 1.8744203829802787e-06, 'xi': 0.06974601013646063, 'q0': 0.6646227429685135, 'alpha': 0.837812461347453, 'beta': 0.9110718814664547, 'rho': 0.3627109167529502, 'ants': 14}) and found best instance after 10.953125 seconds.
E1: {(76, 92), (42, 106), (15, 143), (99, 103), (243, 251), (107, 235), (44, 45), (156, 158), (188, 190), (43, 107), (154, 158), (0, 2), (40, 44), (128, 160), (252, 253), (2, 130), (156, 188), (122, 250), (240, 242), (45, 61), (249, 251), (10, 42), (44, 108), (128, 144), (12, 76), (221, 253), (14, 15), (143, 159), (106, 107), (10, 14), (2, 10), (106, 122), (249, 253), (139, 143), (2, 34), (12, 14), (76, 108), (188, 252), (141, 143), (99, 107), (71, 103), (42, 58), (0, 128), (90, 122), (57, 61), (242, 250), (250, 251)}
E2: {(55, 63), (183, 191), (42, 106), (193, 195), (155, 187), (165, 167), (147, 155), (50, 58), (52, 180), (237, 253), (89, 217), (146, 178), (1, 3), (187, 191), (221, 223), (253, 255), (53, 181), (120, 122), (85, 213), (146, 147), (10, 42), (26, 90), (181, 183), (221, 253), (52, 60), (191, 255), (165, 181), (144, 146), (1, 5), (2, 10), (106, 122), (166, 167), (230, 231), (213, 215), (55, 183), (226, 230), (175, 191), (50, 114), (228, 230), (2, 34), (50, 178), (222, 223), (52, 53), (42, 58), (217, 221), (26, 58), (129, 193), (2, 3), (1, 129), (166, 230), (215, 223)}
Obj: 28745

