Log for instance aco_tuning_out/inst21.txt.

Used ({'tau_0': 8.908613414444593e-06, 'xi': 0.1316659796537964, 'q0': 0.44184378094598165, 'alpha': 1.5856828467501214, 'beta': 0.9751219636880748, 'rho': 0.2735558699054583, 'ants': 18}) and found best instance after 11.125 seconds.
E1: {(226, 229), (228, 229), (31, 32), (135, 138), (172, 178), (166, 220), (151, 152), (45, 46), (145, 151), (173, 176), (173, 182), (139, 220), (172, 226), (138, 139), (64, 226), (31, 49), (173, 200), (31, 58), (14, 176), (220, 223), (145, 226), (220, 229), (46, 49), (58, 139), (172, 173), (177, 178)}
E2: {(123, 204), (231, 240), (4, 58), (3, 4), (58, 59), (36, 117), (116, 125), (31, 32), (76, 238), (64, 145), (236, 239), (76, 79), (195, 204), (238, 239), (142, 223), (185, 239), (125, 152), (117, 123), (240, 242), (89, 116), (136, 145), (204, 231), (136, 142), (182, 185), (58, 76), (118, 145), (31, 58), (36, 42), (109, 118), (36, 45), (25, 79), (76, 157), (42, 43), (78, 240), (91, 118), (135, 136), (239, 242), (199, 200), (0, 3), (211, 238), (123, 125), (118, 199), (117, 118), (120, 123)}
Obj: 28768

