Log for instance aco_tuning_out/inst24.txt.

Used ({'tau0': 8.908613414444593e-06, 'xi': 0.1316659796537964, 'q0': 0.44184378094598165, 'alpha': 1.5856828467501214, 'beta': 0.9751219636880748, 'rho': 0.2735558699054583, 'ants': 18}) and found best instance after 17.0 seconds.
E1: {(76, 92), (154, 155), (42, 106), (71, 87), (58, 59), (243, 251), (12, 13), (13, 45), (0, 2), (176, 240), (87, 95), (155, 159), (186, 250), (2, 130), (220, 252), (160, 176), (220, 221), (58, 186), (26, 90), (128, 144), (12, 76), (31, 95), (57, 59), (31, 159), (34, 42), (235, 251), (144, 176), (13, 141), (2, 34), (15, 31), (76, 108), (139, 155), (42, 58), (40, 42), (43, 59), (154, 186), (26, 58), (0, 128), (186, 190), (92, 220), (13, 15), (250, 251)}
E2: {(55, 63), (90, 91), (98, 226), (165, 167), (60, 62), (0, 2), (87, 95), (178, 179), (187, 191), (34, 98), (221, 223), (147, 179), (91, 95), (231, 239), (88, 90), (180, 182), (98, 106), (128, 144), (191, 255), (88, 120), (89, 91), (0, 1), (95, 223), (179, 183), (1, 5), (2, 10), (85, 87), (166, 167), (230, 231), (53, 55), (63, 191), (55, 183), (226, 227), (226, 230), (175, 191), (166, 182), (2, 34), (237, 239), (228, 230), (195, 227), (222, 223), (98, 114), (223, 255), (0, 128), (167, 183), (62, 63), (175, 239)}
Obj: 26599

