Log for instance aco_tuning_out/inst06.txt.

Used ({'tau0': 3.986574795084688e-06, 'xi': 0.12869898263116974, 'q0': 0.7324104580466773, 'alpha': 0.38736117587741714, 'beta': 0.6247624947394189, 'rho': 0.4525392981526261, 'ants': 9}) and found best instance after 42.015625 seconds.
E1: {(128, 130), (105, 107), (232, 248), (61, 189), (206, 238), (237, 253), (70, 198), (86, 87), (3, 19), (210, 211), (87, 95), (114, 118), (91, 95), (198, 206), (53, 181), (206, 207), (196, 212), (174, 175), (128, 129), (166, 174), (240, 248), (45, 61), (6, 70), (174, 190), (192, 196), (206, 222), (221, 253), (46, 47), (89, 91), (181, 189), (39, 47), (83, 87), (172, 174), (28, 29), (29, 61), (85, 87), (166, 167), (240, 241), (174, 238), (135, 167), (249, 253), (24, 28), (241, 249), (128, 192), (180, 181), (107, 111), (46, 174), (23, 87), (78, 206), (70, 86), (196, 198), (19, 83), (45, 47), (83, 211), (189, 253), (86, 118), (47, 111)}
E2: {(55, 63), (90, 91), (193, 195), (193, 201), (32, 34), (32, 40), (163, 167), (156, 158), (70, 198), (86, 87), (181, 245), (193, 225), (87, 95), (196, 197), (1, 3), (187, 191), (91, 95), (189, 191), (196, 212), (166, 174), (174, 175), (96, 97), (174, 190), (193, 197), (32, 36), (198, 230), (89, 91), (181, 189), (97, 101), (170, 174), (1, 5), (17, 145), (129, 145), (132, 196), (166, 167), (230, 231), (63, 191), (32, 96), (226, 230), (55, 119), (175, 191), (180, 181), (2, 34), (158, 190), (66, 70), (129, 193), (70, 86), (1, 129), (196, 198), (97, 225), (68, 70), (2, 18), (166, 230), (158, 159)}
Obj: 31440

