Log for instance aco_tuning_out/inst18.txt.

Used ({'tau0': 4.822265207889503e-06, 'xi': 0.13540262306958187, 'q0': 0.6138627392147109, 'alpha': 1.667403283011879, 'beta': 1.0113699636281308, 'rho': 0.16684714562074338, 'ants': 26}) and found best instance after 47.5 seconds.
E1: {(90, 91), (193, 201), (58, 62), (150, 151), (29, 93), (128, 160), (2, 66), (252, 253), (1, 3), (1, 9), (91, 95), (93, 95), (85, 213), (128, 129), (197, 213), (45, 61), (62, 126), (88, 90), (110, 126), (193, 197), (61, 63), (147, 151), (245, 253), (39, 47), (80, 88), (1, 5), (29, 61), (213, 215), (47, 111), (85, 93), (151, 215), (110, 238), (47, 63), (54, 62), (213, 245), (107, 111), (99, 107), (46, 110), (129, 193), (57, 61), (1, 129), (2, 3), (2, 6), (62, 63), (151, 159), (209, 213)}
E2: {(64, 66), (64, 72), (32, 40), (91, 123), (232, 248), (163, 179), (60, 62), (40, 44), (210, 211), (112, 240), (44, 60), (252, 253), (114, 118), (1, 9), (83, 91), (148, 150), (78, 110), (132, 148), (62, 126), (240, 248), (110, 126), (25, 89), (64, 80), (44, 172), (245, 253), (221, 253), (89, 91), (248, 252), (49, 113), (112, 114), (97, 101), (1, 5), (138, 142), (184, 248), (97, 113), (9, 25), (54, 118), (140, 142), (138, 154), (24, 25), (80, 112), (110, 238), (32, 160), (108, 110), (140, 172), (51, 179), (30, 62), (112, 113), (49, 51), (122, 126), (122, 123), (83, 211), (132, 140), (86, 118), (54, 62)}
Obj: 29774

