Log for instance aco_tuning_out/inst15.txt.

Used ({'tau0': 2.2570844960363238e-06, 'xi': 0.1499824051273781, 'q0': 0.6397024715024884, 'alpha': 1.3177960201993473, 'beta': 1.7274258641979925, 'rho': 0.06839890232135862, 'ants': 10}) and found best instance after 42.046875 seconds.
E1: {(165, 219), (165, 167), (64, 145), (199, 205), (176, 185), (167, 176), (157, 160), (145, 151), (79, 160), (182, 185), (219, 228), (78, 79), (118, 145), (175, 176), (175, 178), (109, 118), (192, 195), (151, 160), (178, 205), (91, 118), (192, 219), (199, 200), (118, 199), (43, 205), (177, 178)}
E2: {(3, 4), (57, 219), (19, 46), (84, 87), (20, 26), (87, 89), (208, 211), (190, 199), (10, 64), (75, 78), (190, 208), (87, 168), (57, 75), (13, 14), (45, 46), (81, 84), (168, 177), (219, 228), (168, 195), (209, 236), (40, 43), (57, 59), (26, 53), (19, 20), (4, 166), (109, 118), (81, 135), (46, 208), (3, 57), (53, 134), (13, 40), (4, 13), (208, 209), (199, 200), (32, 59), (0, 3), (10, 13), (3, 84), (118, 199), (10, 19), (20, 182), (25, 26)}
Obj: 27222

