Log for instance aco_tuning_out/inst24.txt.

Used ({'tau0': 5.342828546400694e-06, 'xi': 0.10757152839420789, 'q0': 0.48310874806332305, 'alpha': 0.7345220815729948, 'beta': 0.5000932542690112, 'rho': 0.1091478953450425, 'ants': 30}) and found best instance after 258.328125 seconds.
E1: {(76, 92), (250, 254), (42, 106), (15, 143), (243, 251), (12, 13), (13, 45), (0, 2), (176, 240), (40, 41), (8, 12), (242, 243), (0, 8), (252, 253), (186, 250), (2, 130), (122, 250), (7, 71), (240, 242), (58, 122), (160, 176), (12, 76), (41, 57), (221, 253), (143, 159), (106, 122), (235, 251), (144, 176), (13, 141), (42, 43), (7, 15), (139, 143), (2, 34), (76, 108), (141, 143), (40, 42), (154, 186), (90, 122), (186, 190), (242, 250), (252, 254), (8, 40)}
E2: {(183, 191), (98, 226), (165, 167), (52, 180), (237, 253), (167, 231), (187, 191), (34, 98), (133, 165), (53, 117), (253, 255), (53, 181), (221, 223), (120, 122), (146, 147), (199, 231), (181, 183), (221, 253), (176, 178), (52, 60), (191, 255), (165, 181), (144, 146), (88, 120), (2, 10), (106, 122), (166, 167), (144, 176), (63, 191), (88, 89), (226, 230), (175, 191), (180, 181), (2, 34), (228, 230), (85, 117), (222, 223), (98, 114), (5, 133), (176, 180), (90, 122), (195, 199), (114, 122), (166, 230)}
Obj: 25702

