Log for instance aco_tuning_out/inst12.txt.

Used ({'tau0': 1.3920749967998762e-06, 'xi': 0.08397237700240848, 'q0': 0.6682959638256109, 'alpha': 1.2969464614531203, 'beta': 1.130493567371472, 'rho': 0.47674134103904503, 'ants': 21}) and found best instance after 7.796875 seconds.
E1: {(201, 203), (166, 175), (93, 102), (39, 201), (162, 171), (175, 202), (118, 119), (171, 198), (93, 147), (117, 120), (30, 33), (39, 66), (97, 178), (83, 164), (171, 173), (30, 39), (37, 118), (202, 203), (164, 173), (36, 198), (164, 182), (117, 119), (91, 97), (30, 32), (109, 118), (27, 36), (66, 147), (27, 45), (128, 134), (117, 198), (119, 128), (0, 162), (202, 211), (83, 89), (33, 195), (175, 178), (37, 43), (198, 201)}
E2: {(166, 175), (81, 82), (3, 4), (4, 58), (39, 201), (20, 23), (118, 119), (96, 177), (88, 115), (23, 77), (29, 32), (185, 212), (176, 185), (29, 47), (84, 102), (217, 220), (20, 47), (217, 235), (218, 224), (34, 43), (152, 233), (85, 88), (39, 66), (218, 236), (97, 178), (96, 97), (81, 84), (72, 75), (72, 78), (77, 80), (191, 197), (36, 198), (58, 76), (3, 21), (139, 220), (31, 34), (66, 68), (134, 215), (85, 139), (38, 119), (73, 235), (31, 58), (175, 176), (109, 115), (191, 218), (27, 36), (175, 178), (88, 89), (81, 135), (26, 80), (224, 233), (197, 215), (21, 75), (82, 85), (27, 45), (76, 157), (64, 73), (21, 23), (59, 68), (217, 218), (199, 200), (3, 84), (211, 238), (118, 199), (235, 238), (27, 29), (36, 38), (212, 215), (198, 201), (223, 224), (25, 26)}
Obj: 38730

