Log for instance aco_tuning_out/inst03.txt.

Used ({'tau0': 7.271888129177242e-06, 'xi': 0.05984220487362216, 'q0': 0.5127813632941683, 'alpha': 0.28049908432308224, 'beta': 1.9767044196304102, 'rho': 0.05712818954691315, 'ants': 28}) and found best instance after 276.90625 seconds.
E1: {(177, 181), (240, 242), (105, 109), (25, 153), (115, 119), (240, 244), (37, 101), (157, 221), (145, 149), (108, 109), (147, 155), (210, 211), (64, 68), (97, 101), (155, 219), (24, 25), (37, 53), (145, 153), (76, 108), (52, 53), (9, 137), (76, 92), (200, 201), (193, 195), (219, 223), (155, 187), (211, 219), (228, 244), (97, 105), (187, 191), (221, 223), (37, 39), (76, 204), (64, 65), (49, 113), (49, 177), (137, 201), (200, 232), (143, 207), (68, 76), (210, 242), (193, 201), (141, 157), (36, 37), (53, 181), (143, 175), (137, 141), (83, 115), (52, 54), (135, 143), (20, 52), (200, 202), (175, 191), (113, 115), (25, 57), (145, 177), (83, 211)}
E2: {(177, 181), (44, 45), (17, 21), (210, 214), (148, 150), (192, 193), (1, 33), (53, 55), (2, 34), (33, 49), (48, 49), (0, 128), (136, 137), (55, 63), (132, 164), (98, 226), (99, 115), (164, 180), (0, 2), (210, 211), (114, 115), (115, 123), (132, 148), (160, 164), (1, 5), (132, 196), (198, 214), (37, 53), (128, 192), (164, 166), (98, 114), (9, 137), (196, 228), (107, 235), (43, 107), (228, 244), (40, 44), (174, 175), (136, 200), (193, 197), (49, 113), (143, 159), (172, 174), (244, 245), (136, 138), (180, 181), (196, 198), (128, 136), (193, 201), (15, 143), (200, 216), (36, 37), (198, 206), (53, 181), (37, 45), (192, 196), (143, 175), (83, 115), (206, 222), (138, 154), (107, 111), (99, 107), (164, 172), (113, 115), (83, 211), (21, 53)}
Obj: 35179

