Log for instance aco_tuning_out/inst15.txt.

Used ({'tau0': 1.3887935962446564e-06, 'xi': 0.06336511258122715, 'q0': 0.5149941610044446, 'alpha': 1.5531450358806447, 'beta': 0.41875271579630713, 'rho': 0.16981098283759344, 'ants': 13}) and found best instance after 6.5 seconds.
E1: {(109, 190), (228, 229), (66, 228), (190, 199), (199, 205), (176, 185), (66, 69), (175, 229), (198, 200), (148, 229), (189, 195), (182, 185), (94, 148), (91, 94), (198, 199), (175, 176), (174, 177), (64, 67), (229, 232), (205, 232), (67, 148), (69, 78), (43, 205), (174, 176), (189, 198), (148, 157)}
E2: {(166, 175), (43, 205), (4, 58), (226, 229), (109, 190), (58, 59), (3, 4), (175, 202), (228, 229), (78, 80), (190, 193), (176, 185), (199, 205), (107, 134), (16, 178), (236, 242), (52, 79), (0, 81), (185, 239), (89, 107), (31, 193), (81, 84), (77, 239), (16, 25), (51, 52), (182, 185), (77, 80), (104, 107), (64, 226), (31, 58), (175, 176), (45, 51), (79, 80), (81, 135), (193, 196), (158, 239), (202, 205), (193, 202), (3, 5), (193, 211), (104, 158), (199, 200), (239, 242), (5, 14), (202, 229), (3, 84), (5, 32), (195, 196), (175, 178), (177, 178)}
Obj: 29071

