Log for instance aco_tuning_out/inst18.txt.

Used ({'tau_0': 6.1953877645287985e-06, 'xi': 0.12592428493863295, 'q0': 0.5371346552036473, 'alpha': 0.6164150020009103, 'beta': 1.0047990339648631, 'rho': 0.10018538445968772, 'ants': 21}) and found best instance after 272.65625 seconds.
E1: {(193, 201), (99, 103), (82, 90), (58, 62), (125, 253), (5, 13), (150, 151), (0, 2), (39, 103), (128, 160), (2, 66), (252, 253), (1, 3), (85, 213), (197, 213), (45, 61), (110, 126), (193, 197), (13, 29), (125, 127), (147, 151), (61, 63), (245, 253), (80, 82), (0, 1), (103, 111), (9, 13), (46, 62), (1, 5), (29, 61), (213, 215), (151, 215), (110, 238), (111, 127), (54, 62), (213, 245), (46, 110), (126, 127), (57, 61), (0, 128), (2, 6), (62, 63), (66, 82), (95, 127), (151, 159), (209, 213)}
E2: {(168, 172), (160, 168), (154, 158), (168, 184), (12, 13), (5, 13), (125, 253), (113, 117), (108, 124), (8, 12), (112, 240), (8, 9), (82, 114), (161, 163), (28, 30), (114, 118), (123, 127), (252, 253), (8, 24), (78, 110), (30, 158), (168, 232), (160, 161), (110, 126), (82, 86), (125, 127), (12, 76), (28, 60), (245, 253), (221, 253), (80, 82), (49, 113), (101, 117), (112, 114), (142, 158), (8, 72), (40, 168), (76, 78), (54, 118), (110, 238), (82, 210), (81, 89), (76, 108), (60, 124), (126, 127), (118, 126), (112, 113), (150, 158), (80, 81), (49, 51), (66, 82), (8, 40)}
Obj: 28317

