Log for instance aco_tuning_out/inst15.txt.

Used ({'tau_0': 5.432541354150304e-06, 'xi': 0.1098768506848867, 'q0': 0.588663995987506, 'alpha': 1.0903417143977059, 'beta': 1.0292353817624138, 'rho': 0.37868431591672963, 'ants': 31}) and found best instance after 19.984375 seconds.
E1: {(43, 205), (231, 240), (151, 232), (64, 145), (176, 185), (222, 240), (176, 203), (200, 203), (136, 145), (195, 222), (145, 151), (182, 185), (228, 231), (231, 232), (174, 177), (151, 160), (78, 240), (109, 136), (205, 232), (91, 145), (174, 228), (157, 160), (174, 176)}
E2: {(166, 184), (39, 201), (63, 144), (84, 87), (87, 89), (184, 211), (171, 198), (135, 144), (75, 78), (134, 161), (198, 200), (63, 64), (26, 188), (74, 155), (183, 184), (72, 75), (171, 173), (30, 39), (117, 144), (17, 179), (173, 179), (173, 182), (40, 43), (3, 30), (30, 32), (155, 161), (109, 118), (174, 177), (174, 183), (72, 74), (63, 72), (117, 198), (74, 236), (45, 72), (174, 201), (14, 17), (32, 59), (39, 40), (0, 3), (3, 84), (179, 188), (174, 228), (117, 118), (189, 195), (198, 201), (189, 198), (25, 26)}
Obj: 28173

