Log for instance aco_tuning_out/inst27.txt.

Used ({'tau0': 2.693231228771534e-06, 'xi': 0.06741045013783678, 'q0': 0.34341334065428447, 'alpha': 1.6251653731737596, 'beta': 0.8948148014172467, 'rho': 0.1267448319977672, 'ants': 32}) and found best instance after 74.421875 seconds.
E1: {(154, 158), (132, 164), (43, 107), (52, 116), (99, 115), (22, 23), (35, 39), (186, 250), (27, 31), (30, 158), (36, 52), (145, 209), (83, 115), (52, 54), (211, 215), (164, 228), (29, 31), (52, 60), (142, 158), (236, 238), (217, 249), (36, 164), (209, 211), (151, 215), (31, 63), (209, 217), (107, 111), (158, 190), (204, 236), (99, 107), (35, 43), (144, 145), (228, 236), (113, 115), (217, 221), (23, 151), (22, 30), (186, 187), (34, 35), (154, 186), (3, 35), (83, 211), (30, 31), (22, 54)}
E2: {(247, 255), (58, 59), (26, 30), (133, 135), (125, 253), (133, 141), (216, 218), (101, 109), (176, 240), (242, 243), (186, 250), (147, 179), (48, 176), (253, 255), (240, 242), (109, 125), (6, 14), (243, 247), (58, 186), (202, 218), (221, 253), (14, 15), (57, 59), (14, 30), (10, 14), (134, 166), (144, 176), (119, 247), (218, 250), (59, 123), (226, 242), (134, 135), (26, 58), (179, 243), (242, 250), (109, 111), (6, 134)}
Obj: 25198

