Log for instance aco_tuning_out/inst27.txt.

Used ({'tau_0': 7.35696843598511e-06, 'xi': 0.13099405837312028, 'q0': 0.39430175087041053, 'alpha': 1.838983583452214, 'beta': 0.7213281426644318, 'rho': 0.11968092308615733, 'ants': 31}) and found best instance after 234.140625 seconds.
E1: {(26, 30), (196, 228), (146, 154), (26, 27), (27, 59), (52, 116), (206, 238), (3, 19), (144, 208), (28, 30), (19, 27), (30, 158), (249, 251), (36, 52), (19, 51), (59, 63), (52, 54), (26, 154), (28, 60), (52, 60), (144, 146), (142, 158), (39, 47), (204, 206), (19, 23), (28, 29), (132, 196), (213, 215), (213, 221), (47, 111), (187, 251), (47, 63), (2, 34), (51, 115), (158, 190), (59, 187), (208, 209), (142, 206), (113, 115), (43, 59), (2, 3), (196, 204), (250, 251), (209, 213)}
E2: {(119, 127), (26, 30), (243, 251), (146, 154), (216, 218), (101, 109), (251, 255), (123, 127), (253, 255), (56, 58), (240, 242), (109, 125), (6, 14), (146, 147), (154, 218), (125, 127), (26, 154), (202, 218), (221, 253), (14, 15), (144, 146), (127, 255), (14, 30), (48, 56), (10, 14), (56, 57), (13, 141), (226, 230), (111, 127), (218, 250), (226, 242), (26, 58), (242, 250), (166, 230), (13, 15), (250, 251)}
Obj: 23856

