Log for instance aco_tuning_out/inst30.txt.

Used ({'tau_0': 3.023061298280671e-06, 'xi': 0.05271286661722294, 'q0': 0.5077385132207571, 'alpha': 0.4440555976676415, 'beta': 1.176945645340894, 'rho': 0.3517258170055353, 'ants': 22}) and found best instance after 27.6875 seconds.
E1: {(192, 194), (109, 190), (99, 100), (175, 202), (194, 203), (171, 177), (125, 134), (199, 202), (190, 199), (176, 185), (171, 198), (236, 239), (122, 125), (125, 152), (13, 14), (185, 239), (120, 122), (19, 100), (202, 203), (99, 102), (36, 198), (13, 175), (32, 194), (198, 199), (175, 176), (27, 36), (91, 100), (192, 195), (13, 22), (122, 203), (64, 67), (202, 211), (199, 200), (19, 25), (13, 67), (19, 22), (0, 27)}
E2: {(166, 175), (226, 229), (109, 190), (162, 171), (175, 202), (171, 177), (228, 229), (199, 202), (190, 199), (190, 196), (176, 185), (171, 198), (236, 239), (134, 161), (185, 239), (160, 161), (136, 145), (19, 100), (154, 160), (136, 154), (182, 185), (36, 198), (64, 226), (198, 199), (175, 176), (91, 100), (36, 45), (0, 162), (145, 226), (135, 136), (199, 200), (152, 161), (202, 229), (100, 154), (19, 25), (195, 196), (157, 160)}
Obj: 30676

