Log for instance aco_tuning_out/inst18.txt.

Used ({'tau0': 3.1489754854725666e-06, 'xi': 0.09233871711137026, 'q0': 0.6750093896651443, 'alpha': 1.4767667958454729, 'beta': 1.3965639583348552, 'rho': 0.22070860434618855, 'ants': 29}) and found best instance after 48.859375 seconds.
E1: {(128, 136), (136, 137), (82, 90), (58, 62), (156, 158), (99, 115), (206, 238), (0, 2), (128, 160), (114, 115), (2, 66), (82, 114), (1, 3), (114, 118), (156, 188), (158, 222), (56, 58), (85, 213), (62, 126), (14, 46), (209, 213), (6, 14), (197, 213), (206, 222), (147, 151), (29, 31), (80, 82), (31, 95), (31, 159), (39, 47), (46, 62), (1, 5), (213, 215), (54, 118), (47, 111), (56, 57), (151, 215), (137, 201), (47, 63), (188, 252), (213, 245), (150, 158), (0, 128), (9, 137), (2, 3), (66, 82), (62, 63), (45, 47), (158, 159), (31, 63), (151, 159), (54, 62)}
E2: {(128, 136), (136, 137), (154, 158), (91, 123), (156, 158), (86, 87), (0, 2), (128, 160), (87, 95), (112, 240), (82, 114), (2, 66), (252, 253), (114, 118), (156, 188), (8, 24), (78, 110), (91, 95), (30, 158), (50, 51), (110, 126), (72, 200), (82, 86), (4, 5), (245, 253), (221, 253), (89, 91), (80, 82), (112, 114), (14, 30), (8, 72), (0, 4), (142, 158), (8, 136), (97, 101), (76, 78), (97, 113), (54, 118), (184, 188), (110, 238), (82, 210), (50, 114), (162, 163), (76, 108), (188, 252), (160, 162), (60, 188), (118, 126), (14, 78), (200, 232), (112, 113), (150, 158), (0, 128), (9, 137), (66, 82), (172, 188), (8, 40)}
Obj: 30420

