Log for instance aco_tuning_out/inst21.txt.

Used ({'tau0': 2.3890526897386258e-06, 'xi': 0.09728269253474063, 'q0': 0.5264084644635578, 'alpha': 0.34480659763074994, 'beta': 1.2781748892293714, 'rho': 0.12380145068388254, 'ants': 25}) and found best instance after 297.796875 seconds.
E1: {(162, 168), (171, 198), (11, 14), (164, 167), (173, 179), (166, 167), (5, 167), (5, 32), (179, 233), (164, 173), (219, 228), (72, 74), (37, 199), (65, 74), (162, 171), (37, 64), (11, 173), (135, 153), (152, 233), (168, 177), (164, 182), (219, 220), (171, 173), (219, 222), (11, 65), (173, 200), (198, 199), (168, 222), (220, 223), (45, 72), (72, 153)}
E2: {(135, 138), (138, 140), (76, 79), (120, 122), (30, 48), (25, 52), (139, 220), (85, 139), (42, 43), (27, 54), (64, 73), (82, 88), (48, 49), (211, 238), (33, 42), (55, 136), (156, 158), (58, 220), (218, 236), (82, 83), (122, 149), (51, 52), (164, 173), (78, 79), (58, 76), (45, 48), (55, 58), (82, 85), (33, 195), (0, 27), (145, 146), (54, 135), (33, 51), (76, 238), (149, 152), (30, 33), (83, 164), (136, 145), (164, 182), (88, 89), (164, 218), (146, 149), (82, 91), (59, 140), (140, 149), (173, 200), (30, 32), (157, 158), (49, 76), (109, 136), (220, 223), (55, 73), (138, 156)}
Obj: 32437

