Log for instance aco_tuning_out/inst30.txt.

Used ({'tau0': 8.613914963906393e-06, 'xi': 0.14574697859969848, 'q0': 0.4568549694035073, 'alpha': 1.0997466880204505, 'beta': 1.26467494952901, 'rho': 0.20648622793681415, 'ants': 10}) and found best instance after 20.484375 seconds.
E1: {(201, 203), (188, 242), (99, 100), (20, 26), (0, 2), (49, 50), (10, 64), (20, 47), (100, 101), (236, 242), (134, 161), (161, 242), (26, 188), (2, 20), (10, 91), (200, 203), (49, 211), (99, 102), (120, 201), (20, 101), (41, 203), (91, 100), (174, 177), (192, 195), (109, 127), (192, 201), (100, 127), (41, 50), (32, 41), (174, 201), (152, 161), (14, 41), (25, 26), (47, 50)}
E2: {(83, 110), (154, 155), (101, 155), (166, 184), (18, 20), (171, 177), (10, 64), (171, 198), (234, 236), (135, 153), (109, 110), (195, 204), (134, 161), (198, 200), (183, 184), (10, 91), (154, 157), (228, 237), (153, 155), (20, 101), (198, 204), (19, 20), (155, 161), (153, 234), (9, 171), (234, 237), (152, 161), (18, 45), (19, 25), (9, 18), (183, 237), (10, 19), (0, 18), (83, 101), (20, 182)}
Obj: 30750

