Log for instance aco_tuning_out/inst12.txt.

Used ({'tau_0': 2.3890526897386258e-06, 'xi': 0.09728269253474063, 'q0': 0.5264084644635578, 'alpha': 0.34480659763074994, 'beta': 1.2781748892293714, 'rho': 0.12380145068388254, 'ants': 25}) and found best instance after 226.921875 seconds.
E1: {(83, 110), (131, 134), (166, 167), (113, 131), (42, 43), (114, 195), (33, 42), (93, 120), (118, 119), (84, 93), (185, 212), (49, 50), (84, 102), (109, 110), (45, 46), (51, 52), (84, 86), (182, 188), (49, 52), (110, 113), (91, 118), (32, 50), (46, 49), (6, 33), (50, 131), (211, 212), (86, 89), (110, 119), (0, 6), (83, 86), (185, 188), (42, 51), (167, 185), (33, 114), (50, 212)}
E2: {(131, 134), (208, 235), (118, 124), (100, 103), (68, 77), (15, 16), (130, 211), (205, 232), (59, 68), (82, 88), (60, 78), (166, 169), (45, 126), (87, 141), (223, 232), (7, 16), (19, 100), (82, 83), (191, 200), (191, 209), (235, 236), (146, 152), (32, 41), (208, 209), (43, 205), (145, 146), (102, 129), (50, 131), (129, 131), (60, 141), (98, 125), (7, 169), (125, 152), (209, 215), (87, 88), (146, 149), (41, 50), (15, 177), (68, 149), (126, 129), (64, 145), (124, 205), (89, 98), (103, 157), (81, 108), (108, 126), (108, 135), (50, 212), (118, 145), (109, 118), (81, 83), (7, 88), (82, 100), (50, 77), (130, 131), (19, 25), (212, 215)}
Obj: 35756

