Log for instance aco_tuning_out/inst09.txt.

Used ({'tau_0': 8.93751488559124e-06, 'xi': 0.07498280708831719, 'q0': 0.7003533283222684, 'alpha': 1.84655149702223, 'beta': 0.36999618301213544, 'rho': 0.353807119950786, 'ants': 24}) and found best instance after 7.953125 seconds.
E1: {(166, 175), (162, 171), (171, 180), (43, 52), (171, 198), (89, 98), (75, 78), (117, 123), (162, 216), (97, 178), (96, 97), (209, 215), (99, 102), (12, 21), (209, 236), (97, 98), (135, 216), (18, 180), (205, 214), (196, 205), (76, 157), (196, 223), (21, 75), (117, 198), (18, 21), (205, 232), (0, 162), (12, 14), (178, 232), (120, 123), (96, 123), (99, 180), (75, 76), (214, 215), (175, 178), (177, 178), (52, 214)}
E2: {(166, 175), (99, 100), (175, 202), (207, 209), (97, 151), (53, 215), (100, 101), (151, 152), (74, 155), (97, 178), (96, 97), (72, 75), (148, 229), (209, 215), (0, 18), (89, 143), (35, 53), (20, 101), (45, 207), (75, 77), (99, 126), (126, 207), (19, 20), (205, 214), (196, 205), (148, 149), (72, 74), (178, 205), (196, 223), (32, 35), (146, 149), (146, 155), (137, 146), (137, 143), (211, 214), (21, 75), (18, 21), (53, 134), (96, 123), (59, 77), (202, 229), (19, 25), (195, 196), (214, 215), (175, 178), (148, 157), (177, 178), (120, 123)}
Obj: 31580

