Log for instance aco_tuning_out/inst03.txt.

Used ({'tau_0': 7.35696843598511e-06, 'xi': 0.13099405837312028, 'q0': 0.39430175087041053, 'alpha': 1.838983583452214, 'beta': 0.7213281426644318, 'rho': 0.11968092308615733, 'ants': 31}) and found best instance after 159.046875 seconds.
E1: {(76, 92), (232, 236), (155, 187), (211, 219), (147, 155), (113, 117), (210, 211), (112, 240), (135, 199), (153, 217), (36, 37), (68, 69), (53, 117), (69, 101), (37, 39), (54, 55), (206, 207), (76, 204), (207, 239), (202, 206), (25, 153), (21, 149), (101, 117), (199, 207), (217, 219), (204, 206), (65, 69), (117, 119), (9, 25), (53, 55), (24, 25), (37, 53), (147, 211), (20, 21), (204, 236), (228, 236), (112, 113), (217, 221), (25, 57), (195, 199), (21, 53), (195, 211), (68, 76), (175, 239)}
E2: {(177, 181), (192, 200), (200, 201), (32, 34), (132, 164), (32, 40), (200, 216), (107, 235), (98, 226), (146, 154), (43, 107), (181, 245), (150, 151), (164, 180), (196, 197), (210, 214), (36, 37), (1, 9), (34, 98), (5, 37), (37, 45), (160, 164), (192, 196), (32, 36), (1, 33), (32, 48), (150, 214), (15, 47), (0, 1), (1, 5), (132, 196), (1, 17), (214, 222), (198, 214), (32, 160), (146, 210), (47, 63), (180, 181), (164, 166), (107, 111), (99, 107), (164, 172), (107, 123), (98, 114), (196, 198), (45, 47), (151, 159), (47, 111)}
Obj: 28567

