Log for instance aco_tuning_out/inst12.txt.

Used ({'tau_0': 7.814861621349648e-06, 'xi': 0.138307434456488, 'q0': 0.43841983460807055, 'alpha': 1.339632899369741, 'beta': 1.2581696145841696, 'rho': 0.4518495513690369, 'ants': 15}) and found best instance after 7.109375 seconds.
E1: {(166, 175), (99, 100), (175, 202), (43, 52), (199, 202), (49, 50), (171, 198), (100, 101), (91, 92), (45, 46), (117, 123), (192, 193), (92, 173), (171, 173), (49, 211), (99, 102), (173, 182), (134, 215), (50, 212), (198, 199), (109, 118), (192, 195), (117, 198), (9, 171), (202, 211), (193, 202), (32, 50), (46, 49), (46, 52), (0, 9), (83, 89), (118, 199), (92, 101), (212, 215), (83, 101), (120, 123)}
E2: {(33, 42), (99, 100), (55, 136), (171, 177), (52, 214), (29, 35), (33, 51), (29, 32), (217, 223), (19, 73), (217, 220), (171, 198), (107, 134), (29, 56), (100, 101), (166, 220), (151, 152), (89, 107), (44, 206), (218, 236), (200, 206), (33, 35), (157, 238), (42, 44), (99, 102), (51, 52), (36, 198), (43, 124), (20, 101), (55, 217), (19, 20), (27, 33), (27, 36), (27, 45), (42, 43), (109, 136), (64, 73), (211, 214), (55, 73), (217, 218), (135, 136), (101, 107), (220, 238), (56, 218), (19, 25), (51, 78), (124, 151), (56, 59)}
Obj: 34779

