Log for instance aco_tuning_out/inst06.txt.

Used ({'tau0': 3.023061298280671e-06, 'xi': 0.05271286661722294, 'q0': 0.5077385132207571, 'alpha': 0.4440555976676415, 'beta': 1.176945645340894, 'rho': 0.3517258170055353, 'ants': 22}) and found best instance after 93.96875 seconds.
E1: {(192, 194), (220, 222), (232, 248), (206, 238), (237, 253), (129, 131), (130, 194), (82, 114), (121, 249), (212, 220), (206, 207), (53, 181), (174, 175), (166, 174), (240, 248), (174, 190), (82, 83), (25, 89), (206, 222), (220, 221), (180, 188), (105, 121), (46, 47), (3, 131), (221, 253), (248, 249), (39, 47), (83, 87), (172, 174), (85, 87), (134, 166), (174, 238), (24, 25), (249, 253), (89, 121), (180, 181), (82, 210), (134, 135), (194, 210), (46, 174), (23, 87), (78, 206), (130, 134), (45, 47), (131, 135), (172, 188), (6, 134)}
E2: {(193, 195), (193, 201), (32, 34), (32, 40), (98, 226), (82, 90), (193, 225), (196, 197), (1, 3), (156, 188), (36, 37), (157, 159), (196, 212), (166, 174), (174, 175), (174, 190), (193, 197), (32, 36), (25, 89), (25, 153), (188, 189), (180, 188), (245, 247), (157, 189), (170, 171), (17, 145), (172, 174), (129, 145), (1, 5), (132, 196), (230, 231), (68, 196), (1, 17), (119, 247), (32, 96), (226, 230), (18, 82), (145, 153), (163, 171), (231, 247), (66, 98), (171, 175), (171, 187), (153, 157), (129, 193), (37, 101), (66, 82), (166, 230), (172, 188), (96, 98)}
Obj: 28710

