Log for instance aco_tuning_out/inst27.txt.

Used ({'tau0': 8.613914963906393e-06, 'xi': 0.14574697859969848, 'q0': 0.4568549694035073, 'alpha': 1.0997466880204505, 'beta': 1.26467494952901, 'rho': 0.20648622793681415, 'ants': 10}) and found best instance after 15.0625 seconds.
E1: {(146, 154), (27, 59), (35, 39), (22, 23), (248, 250), (144, 208), (28, 30), (186, 250), (140, 204), (102, 110), (110, 111), (33, 35), (62, 190), (100, 116), (59, 63), (28, 60), (221, 253), (248, 249), (144, 146), (49, 113), (14, 30), (46, 62), (28, 29), (140, 142), (36, 100), (100, 228), (110, 238), (249, 253), (33, 49), (59, 187), (35, 43), (46, 110), (208, 209), (30, 62), (23, 87), (43, 59), (22, 30), (14, 142), (87, 215), (34, 35), (154, 186), (186, 190), (3, 35), (100, 102), (62, 63), (132, 140), (54, 62)}
E2: {(119, 127), (243, 251), (146, 154), (58, 62), (216, 218), (248, 250), (225, 227), (251, 255), (123, 127), (253, 255), (56, 58), (110, 111), (240, 248), (6, 14), (146, 147), (154, 218), (125, 127), (202, 218), (221, 253), (14, 15), (144, 146), (127, 255), (14, 30), (225, 229), (48, 56), (46, 62), (10, 14), (226, 227), (56, 57), (13, 141), (226, 230), (111, 127), (218, 250), (46, 110), (101, 229), (30, 62), (166, 230), (13, 15), (227, 243), (250, 251)}
Obj: 25320

