Log for instance aco_tuning_out/inst03.txt.

Used ({'tau0': 6.895901444357542e-06, 'xi': 0.11930677293557751, 'q0': 0.7766820476791325, 'alpha': 1.762448247826621, 'beta': 0.8740652131662537, 'rho': 0.21713520092331218, 'ants': 13}) and found best instance after 13.765625 seconds.
E1: {(201, 203), (200, 201), (177, 181), (193, 195), (193, 201), (145, 149), (105, 107), (99, 103), (108, 109), (155, 187), (76, 92), (147, 155), (211, 219), (118, 119), (228, 244), (39, 103), (129, 131), (210, 211), (97, 105), (187, 191), (100, 101), (8, 24), (83, 211), (53, 181), (64, 65), (76, 204), (249, 251), (136, 137), (64, 68), (83, 115), (105, 109), (32, 36), (20, 22), (221, 253), (49, 113), (97, 101), (49, 177), (8, 136), (129, 145), (115, 119), (97, 113), (54, 118), (100, 228), (200, 202), (249, 253), (32, 96), (240, 244), (137, 201), (175, 191), (203, 207), (147, 211), (98, 99), (76, 108), (99, 107), (200, 232), (113, 115), (129, 193), (9, 137), (65, 193), (219, 251), (49, 57), (131, 135), (131, 147), (22, 54), (96, 98)}
E2: {(154, 155), (33, 97), (193, 201), (105, 107), (171, 235), (98, 226), (155, 187), (147, 155), (43, 107), (180, 244), (43, 171), (216, 218), (8, 9), (97, 105), (0, 8), (1, 9), (34, 98), (148, 150), (8, 24), (198, 206), (132, 148), (192, 193), (45, 61), (146, 150), (150, 182), (193, 197), (1, 33), (146, 147), (32, 36), (206, 222), (148, 180), (59, 63), (29, 31), (24, 56), (49, 113), (49, 177), (48, 56), (31, 159), (17, 145), (1, 5), (129, 145), (132, 196), (244, 245), (97, 113), (29, 61), (36, 164), (32, 96), (137, 201), (32, 160), (98, 99), (146, 210), (59, 123), (107, 111), (59, 187), (15, 31), (99, 107), (166, 182), (164, 172), (171, 187), (98, 114), (218, 222), (129, 193), (9, 137), (196, 198), (31, 63), (96, 98), (8, 40)}
Obj: 37002

