Log for instance aco_tuning_out/inst12.txt.

Used ({'tau0': 3.5413625395276035e-06, 'xi': 0.13677021617214064, 'q0': 0.40454797157881806, 'alpha': 1.9054287973649844, 'beta': 1.2761266989533575, 'rho': 0.43117638553854254, 'ants': 24}) and found best instance after 10.328125 seconds.
E1: {(166, 175), (90, 91), (39, 201), (162, 171), (162, 168), (175, 202), (84, 87), (203, 212), (171, 180), (87, 89), (39, 42), (50, 131), (84, 102), (171, 198), (131, 134), (201, 202), (81, 84), (42, 44), (202, 203), (211, 212), (180, 182), (81, 90), (168, 195), (50, 212), (39, 120), (112, 193), (109, 112), (43, 44), (193, 202), (0, 162), (32, 50), (90, 171), (45, 47), (198, 201), (47, 50)}
E2: {(43, 205), (38, 200), (37, 64), (212, 215), (5, 59), (139, 157), (38, 41), (4, 85), (40, 41), (25, 187), (121, 130), (36, 37), (135, 153), (149, 152), (24, 78), (103, 130), (94, 103), (223, 232), (85, 103), (28, 109), (209, 215), (4, 5), (86, 89), (127, 130), (209, 236), (134, 215), (178, 187), (85, 139), (102, 103), (127, 154), (36, 45), (24, 25), (130, 211), (131, 212), (178, 205), (85, 166), (205, 232), (32, 41), (95, 149), (130, 131), (153, 154), (85, 86), (36, 38), (28, 37), (40, 121), (37, 43), (94, 95), (177, 178)}
Obj: 34566

