Log for instance aco_tuning_out/inst30.txt.

Used ({'tau0': 3.0001635742109975e-06, 'xi': 0.10185978321027386, 'q0': 0.44627514452798456, 'alpha': 0.42223734675301555, 'beta': 0.774592723916731, 'rho': 0.08073686501278173, 'ants': 8}) and found best instance after 299.4375 seconds.
E1: {(118, 119), (41, 122), (125, 134), (19, 73), (195, 204), (125, 152), (103, 130), (120, 122), (200, 206), (177, 204), (127, 130), (118, 127), (0, 1), (125, 206), (204, 206), (235, 236), (73, 235), (102, 103), (127, 154), (109, 118), (119, 122), (130, 211), (119, 125), (91, 118), (64, 73), (32, 41), (154, 235), (19, 25), (14, 41), (1, 19)}
E2: {(166, 184), (54, 135), (0, 54), (125, 134), (181, 184), (19, 73), (125, 152), (195, 204), (200, 206), (154, 157), (204, 231), (181, 235), (145, 154), (228, 231), (36, 198), (177, 204), (125, 206), (204, 206), (118, 145), (198, 199), (235, 236), (73, 235), (27, 36), (109, 118), (27, 45), (27, 54), (91, 118), (64, 73), (181, 182), (154, 235), (19, 25), (118, 199), (198, 204)}
Obj: 26653

