Log for instance aco_tuning_out/inst09.txt.

Used ({'tau0': 9.767241690470751e-06, 'xi': 0.11665997591227979, 'q0': 0.8943962543294219, 'alpha': 1.1523918797969719, 'beta': 1.0104719425759585, 'rho': 0.28187790444783706, 'ants': 10}) and found best instance after 7.625 seconds.
E1: {(166, 175), (81, 82), (3, 4), (4, 58), (175, 202), (171, 177), (208, 214), (181, 208), (135, 153), (121, 148), (223, 232), (83, 164), (171, 173), (82, 83), (81, 84), (72, 75), (181, 235), (72, 78), (173, 176), (164, 173), (58, 76), (3, 21), (94, 148), (235, 236), (205, 214), (175, 176), (120, 121), (76, 157), (21, 75), (14, 176), (202, 205), (205, 232), (72, 153), (0, 3), (3, 84), (21, 102), (95, 176), (83, 89), (43, 205), (94, 95)}
E2: {(166, 175), (185, 188), (4, 58), (3, 4), (39, 201), (55, 136), (175, 202), (118, 119), (84, 87), (32, 113), (6, 33), (87, 89), (208, 211), (190, 199), (208, 214), (176, 185), (59, 140), (217, 220), (107, 134), (46, 127), (16, 178), (190, 208), (185, 239), (45, 46), (39, 66), (140, 158), (136, 145), (16, 25), (6, 87), (120, 201), (107, 188), (118, 127), (58, 76), (66, 68), (55, 217), (118, 145), (205, 214), (175, 176), (16, 70), (110, 113), (110, 119), (55, 58), (76, 157), (174, 177), (202, 205), (158, 239), (220, 223), (71, 152), (70, 71), (174, 201), (0, 3), (3, 84), (65, 68), (65, 71), (118, 199), (33, 195), (175, 178)}
Obj: 34753

