Log for instance aco_tuning_out/inst21.txt.

Used ({'tau0': 1.4630188820263259e-06, 'xi': 0.0776783694791692, 'q0': 0.7839075030693623, 'alpha': 0.5603503117369445, 'beta': 0.5204984007438819, 'rho': 0.4796233950660777, 'ants': 12}) and found best instance after 6.78125 seconds.
E1: {(226, 232), (171, 177), (66, 228), (171, 180), (29, 32), (29, 38), (217, 220), (171, 198), (217, 226), (11, 14), (217, 235), (135, 153), (166, 220), (152, 233), (198, 200), (39, 66), (11, 38), (181, 235), (180, 182), (36, 198), (234, 235), (64, 226), (36, 39), (153, 234), (36, 45), (220, 223), (181, 182), (36, 38), (232, 233)}
E2: {(33, 42), (31, 32), (39, 42), (217, 223), (171, 198), (217, 226), (234, 236), (75, 78), (66, 75), (27, 28), (217, 235), (135, 153), (34, 43), (198, 200), (39, 66), (121, 148), (83, 164), (171, 173), (72, 75), (136, 145), (28, 109), (209, 215), (164, 173), (36, 198), (42, 123), (118, 121), (173, 182), (234, 235), (209, 236), (31, 34), (66, 68), (64, 226), (118, 145), (19, 20), (39, 120), (36, 42), (153, 234), (27, 36), (123, 150), (91, 118), (211, 214), (59, 68), (150, 152), (45, 72), (72, 153), (136, 217), (83, 89), (19, 25), (148, 157), (33, 195), (214, 215), (28, 34), (20, 182), (0, 27)}
Obj: 31644

