Log for instance aco_tuning_out/inst27.txt.

Used ({'tau_0': 3.023061298280671e-06, 'xi': 0.05271286661722294, 'q0': 0.5077385132207571, 'alpha': 0.4440555976676415, 'beta': 1.176945645340894, 'rho': 0.3517258170055353, 'ants': 22}) and found best instance after 73.703125 seconds.
E1: {(154, 158), (146, 154), (27, 59), (4, 6), (52, 116), (23, 31), (196, 197), (28, 30), (4, 36), (30, 158), (249, 251), (197, 213), (6, 14), (209, 213), (59, 63), (52, 54), (28, 60), (52, 60), (144, 146), (14, 30), (39, 47), (142, 158), (236, 238), (28, 29), (187, 251), (132, 196), (213, 221), (213, 215), (47, 63), (2, 34), (158, 190), (59, 187), (204, 236), (228, 236), (4, 132), (43, 59), (112, 113), (112, 116), (2, 3), (196, 204), (2, 6), (30, 31), (31, 63), (250, 251), (47, 111)}
E2: {(119, 127), (105, 107), (162, 226), (243, 251), (26, 30), (216, 218), (176, 240), (178, 179), (97, 105), (251, 255), (147, 179), (123, 127), (48, 176), (253, 255), (56, 58), (6, 14), (125, 127), (202, 218), (221, 253), (176, 178), (14, 15), (127, 255), (14, 30), (97, 101), (48, 56), (10, 14), (144, 176), (56, 57), (13, 141), (162, 166), (111, 127), (218, 250), (107, 111), (162, 178), (26, 58), (179, 243), (13, 15), (250, 251)}
Obj: 25094

