Log for instance aco_tuning_out/inst24.txt.

Used ({'tau0': 4.060261844275314e-06, 'xi': 0.08488866370438058, 'q0': 0.7517708033130077, 'alpha': 0.7568921075953849, 'beta': 1.442677676309637, 'rho': 0.31238065733584786, 'ants': 26}) and found best instance after 25.25 seconds.
E1: {(76, 92), (105, 107), (58, 59), (99, 103), (15, 143), (146, 154), (58, 62), (108, 109), (107, 235), (43, 107), (0, 2), (128, 160), (242, 243), (252, 253), (2, 130), (122, 250), (240, 242), (62, 190), (10, 42), (105, 109), (108, 236), (12, 76), (221, 253), (14, 15), (144, 146), (57, 59), (143, 159), (106, 107), (10, 14), (2, 10), (106, 122), (45, 109), (139, 143), (2, 34), (76, 108), (141, 143), (99, 107), (71, 103), (42, 58), (43, 59), (40, 42), (0, 128), (90, 122), (242, 250), (130, 146), (236, 252)}
E2: {(183, 191), (105, 107), (108, 109), (165, 167), (60, 62), (151, 183), (237, 253), (167, 231), (146, 178), (1, 3), (187, 191), (253, 255), (53, 181), (120, 122), (146, 147), (105, 109), (206, 222), (108, 236), (147, 151), (221, 253), (191, 255), (165, 181), (144, 146), (106, 107), (10, 14), (1, 5), (2, 10), (106, 122), (76, 78), (166, 167), (109, 237), (63, 191), (85, 93), (226, 227), (175, 191), (180, 181), (2, 34), (76, 108), (195, 227), (228, 236), (14, 78), (78, 206), (90, 122), (167, 183), (2, 3), (89, 93), (114, 122), (227, 231), (62, 63), (93, 221)}
Obj: 27044

