Log for instance aco_tuning_out/inst12.txt.

Used ({'tau0': 6.651155935593466e-06, 'xi': 0.0698190378741818, 'q0': 0.8638669115585977, 'alpha': 1.1622049190539232, 'beta': 1.595958584283492, 'rho': 0.31540247478897615, 'ants': 9}) and found best instance after 6.296875 seconds.
E1: {(1, 28), (4, 58), (39, 201), (175, 202), (31, 32), (171, 198), (39, 48), (36, 37), (102, 104), (201, 202), (97, 178), (96, 97), (83, 164), (171, 173), (82, 83), (28, 109), (164, 173), (36, 198), (86, 89), (173, 182), (0, 1), (31, 34), (86, 104), (155, 158), (114, 123), (31, 58), (45, 48), (4, 166), (128, 134), (82, 91), (114, 195), (202, 211), (104, 158), (128, 155), (28, 34), (96, 123), (83, 86), (28, 37), (175, 178), (37, 43), (198, 201), (120, 123)}
E2: {(166, 175), (188, 242), (185, 188), (28, 46), (226, 229), (39, 201), (109, 190), (175, 202), (135, 138), (190, 199), (179, 233), (29, 38), (199, 205), (176, 185), (29, 32), (171, 198), (20, 47), (34, 43), (152, 233), (185, 239), (45, 46), (39, 66), (174, 175), (102, 104), (240, 242), (223, 232), (83, 164), (171, 173), (209, 215), (164, 173), (46, 47), (36, 198), (173, 179), (86, 89), (58, 76), (209, 236), (31, 34), (66, 68), (64, 226), (134, 215), (173, 200), (28, 29), (19, 20), (205, 214), (175, 176), (31, 58), (174, 177), (66, 147), (76, 157), (78, 240), (158, 239), (202, 205), (59, 68), (205, 232), (211, 214), (104, 158), (174, 201), (202, 229), (19, 25), (83, 86), (36, 38), (138, 147), (214, 215), (28, 34), (198, 201)}
Obj: 38510

