Log for instance aco_tuning_out/inst21.txt.

Used ({'tau0': 5.7232384546733595e-06, 'xi': 0.1429672685027304, 'q0': 0.57445047410033, 'alpha': 1.4195433954167913, 'beta': 1.4047255855017542, 'rho': 0.4106053256096564, 'ants': 31}) and found best instance after 22.46875 seconds.
E1: {(38, 200), (37, 64), (29, 32), (29, 38), (170, 224), (167, 170), (167, 176), (36, 37), (152, 233), (231, 233), (200, 206), (222, 224), (182, 188), (135, 216), (166, 167), (36, 45), (177, 231), (224, 233), (14, 176), (206, 233), (225, 228), (225, 231), (216, 222), (36, 38), (170, 188), (223, 224)}
E2: {(43, 205), (72, 73), (226, 232), (39, 201), (18, 20), (34, 196), (116, 125), (31, 32), (20, 26), (185, 212), (75, 78), (135, 153), (125, 152), (205, 206), (57, 75), (200, 206), (223, 232), (89, 116), (72, 75), (30, 39), (211, 212), (120, 201), (30, 57), (182, 185), (153, 155), (31, 34), (57, 59), (125, 206), (118, 145), (196, 205), (109, 118), (76, 157), (21, 75), (18, 21), (91, 118), (64, 73), (73, 76), (205, 232), (45, 72), (145, 226), (72, 153), (195, 196), (0, 18), (30, 31), (20, 182), (25, 26), (155, 236)}
Obj: 30047

