Log for instance aco_tuning_out/inst18.txt.

Used ({'tau0': 7.151935564269642e-06, 'xi': 0.10184361707760894, 'q0': 0.5077701235510973, 'alpha': 0.5847895154504361, 'beta': 0.6413829753178264, 'rho': 0.2990121644546394, 'ants': 8}) and found best instance after 24.390625 seconds.
E1: {(193, 201), (82, 90), (50, 58), (99, 115), (150, 151), (0, 2), (128, 160), (87, 95), (2, 66), (1, 3), (1, 9), (244, 252), (85, 213), (197, 213), (45, 61), (50, 51), (110, 126), (82, 83), (83, 115), (193, 197), (50, 54), (61, 63), (147, 151), (46, 47), (80, 82), (31, 95), (0, 1), (31, 159), (39, 47), (83, 87), (1, 5), (244, 245), (29, 61), (213, 215), (47, 111), (151, 215), (110, 238), (47, 63), (51, 115), (213, 245), (46, 110), (0, 128), (57, 61), (2, 6), (66, 82), (31, 63), (151, 159), (209, 213)}
E2: {(168, 172), (136, 137), (160, 168), (24, 152), (136, 152), (146, 154), (232, 248), (168, 184), (152, 154), (113, 117), (40, 44), (44, 60), (252, 253), (66, 194), (1, 9), (115, 123), (78, 110), (117, 245), (168, 232), (240, 248), (50, 51), (152, 184), (110, 126), (72, 200), (50, 54), (163, 227), (44, 108), (44, 172), (245, 253), (221, 253), (101, 117), (248, 252), (22, 86), (22, 150), (1, 5), (140, 142), (110, 238), (146, 210), (108, 110), (81, 89), (50, 114), (51, 115), (194, 210), (200, 232), (113, 115), (22, 30), (80, 81), (81, 113), (9, 137), (115, 243), (22, 54), (227, 243), (136, 140)}
Obj: 30021

