Log for instance aco_tuning_out/inst03.txt.

Used ({'tau0': 8.037069826251222e-06, 'xi': 0.09645020294268639, 'q0': 0.6378636958577493, 'alpha': 1.5874523603304216, 'beta': 1.117749324798499, 'rho': 0.3122873583242921, 'ants': 22}) and found best instance after 18.78125 seconds.
E1: {(76, 92), (47, 175), (232, 236), (196, 228), (211, 219), (70, 198), (210, 211), (112, 240), (49, 53), (252, 253), (53, 181), (76, 204), (143, 175), (65, 97), (194, 202), (147, 151), (20, 22), (221, 253), (135, 143), (49, 113), (22, 86), (39, 47), (97, 101), (115, 119), (149, 151), (97, 113), (68, 196), (9, 25), (24, 25), (147, 211), (194, 198), (149, 181), (171, 175), (194, 210), (228, 236), (38, 39), (171, 187), (143, 207), (113, 115), (112, 113), (25, 57), (38, 54), (70, 86), (49, 57), (135, 151), (196, 198), (196, 204), (36, 38), (195, 211), (236, 252)}
E2: {(154, 155), (177, 181), (193, 201), (58, 59), (107, 235), (44, 45), (220, 222), (147, 155), (180, 244), (43, 107), (150, 151), (0, 2), (38, 166), (128, 160), (210, 211), (40, 44), (1, 9), (34, 98), (148, 150), (212, 220), (132, 148), (192, 193), (196, 212), (56, 58), (128, 132), (192, 196), (193, 197), (1, 33), (59, 63), (212, 244), (147, 151), (99, 227), (44, 172), (14, 15), (216, 220), (0, 1), (48, 56), (1, 5), (10, 14), (244, 245), (2, 10), (132, 196), (1, 17), (226, 227), (147, 211), (2, 34), (180, 181), (98, 99), (107, 111), (59, 123), (99, 107), (98, 114), (43, 59), (0, 128), (34, 38), (196, 198), (36, 38), (36, 44), (151, 159)}
Obj: 32830

