Log for instance aco_tuning_out/inst12.txt.

Used ({'tau_0': 6.651155935593466e-06, 'xi': 0.0698190378741818, 'q0': 0.8638669115585977, 'alpha': 1.1622049190539232, 'beta': 1.595958584283492, 'rho': 0.31540247478897615, 'ants': 9}) and found best instance after 5.0 seconds.
E1: {(43, 205), (166, 175), (226, 232), (33, 42), (226, 229), (109, 190), (55, 136), (175, 202), (0, 54), (15, 42), (190, 199), (29, 32), (92, 146), (29, 47), (171, 198), (20, 47), (199, 226), (54, 55), (102, 104), (97, 178), (96, 97), (83, 164), (171, 173), (136, 145), (15, 96), (164, 173), (173, 182), (20, 101), (86, 104), (118, 145), (198, 199), (128, 134), (146, 155), (91, 118), (54, 72), (205, 232), (202, 211), (45, 72), (128, 155), (96, 123), (202, 229), (83, 89), (118, 199), (83, 86), (92, 101), (33, 195), (175, 178), (83, 101), (120, 123)}
E2: {(166, 175), (81, 82), (68, 149), (115, 142), (226, 232), (3, 4), (4, 58), (39, 201), (226, 229), (84, 87), (175, 202), (88, 115), (87, 89), (29, 32), (171, 198), (217, 226), (142, 223), (2, 8), (198, 200), (54, 55), (39, 66), (149, 158), (102, 104), (6, 8), (81, 84), (2, 29), (82, 83), (83, 164), (171, 173), (72, 78), (6, 87), (40, 202), (164, 173), (58, 76), (20, 101), (66, 68), (31, 40), (55, 217), (64, 226), (19, 20), (174, 177), (81, 135), (76, 157), (128, 134), (146, 149), (146, 155), (54, 72), (82, 88), (205, 232), (59, 68), (146, 152), (45, 72), (104, 158), (202, 211), (174, 201), (128, 155), (82, 109), (3, 84), (4, 31), (202, 229), (19, 25), (101, 128), (43, 205), (198, 201), (155, 236)}
Obj: 40279

