Log for instance aco_tuning_out/inst09.txt.

Used ({'tau0': 5.072339472437726e-06, 'xi': 0.06750660483788565, 'q0': 0.39673942663117334, 'alpha': 1.3764884196051321, 'beta': 0.7955077619397278, 'rho': 0.4521931615046479, 'ants': 17}) and found best instance after 5.96875 seconds.
E1: {(171, 177), (87, 89), (190, 199), (106, 160), (199, 205), (171, 198), (190, 217), (117, 120), (218, 236), (157, 160), (105, 106), (232, 241), (79, 160), (108, 117), (36, 198), (78, 79), (166, 169), (108, 135), (102, 105), (198, 199), (196, 205), (196, 223), (169, 196), (117, 198), (205, 232), (12, 14), (217, 218), (9, 12), (0, 9), (79, 241), (87, 105), (43, 205), (9, 36)}
E2: {(166, 184), (160, 241), (21, 22), (105, 186), (159, 160), (87, 89), (29, 32), (184, 211), (171, 198), (218, 221), (195, 213), (117, 123), (186, 213), (22, 184), (171, 173), (223, 241), (0, 18), (177, 186), (79, 160), (164, 173), (150, 159), (134, 215), (164, 191), (213, 215), (59, 221), (25, 79), (75, 156), (123, 150), (164, 218), (21, 75), (117, 198), (18, 21), (156, 159), (150, 152), (18, 45), (87, 105), (157, 160), (29, 191), (105, 159), (120, 123)}
Obj: 29442

