Log for instance aco_tuning_out/inst06.txt.

Used ({'tau0': 7.271888129177242e-06, 'xi': 0.05984220487362216, 'q0': 0.5127813632941683, 'alpha': 0.28049908432308224, 'beta': 1.9767044196304102, 'rho': 0.05712818954691315, 'ants': 28}) and found best instance after 294.734375 seconds.
E1: {(17, 21), (2, 130), (105, 109), (212, 244), (29, 61), (1, 17), (240, 244), (24, 28), (134, 135), (0, 128), (243, 251), (108, 109), (180, 244), (0, 2), (210, 211), (1, 3), (83, 91), (206, 207), (249, 251), (240, 248), (175, 239), (129, 145), (132, 196), (249, 253), (128, 192), (76, 108), (21, 29), (132, 134), (2, 6), (47, 175), (87, 95), (238, 239), (91, 95), (174, 175), (45, 61), (128, 132), (221, 253), (248, 249), (172, 174), (28, 29), (76, 78), (134, 166), (110, 238), (82, 210), (180, 181), (46, 110), (23, 87), (78, 206), (196, 198), (115, 243), (232, 248), (206, 238), (237, 253), (82, 114), (198, 206), (53, 181), (174, 190), (83, 115), (206, 222), (21, 85), (89, 91), (39, 47), (17, 145), (237, 239), (83, 211), (21, 53)}
E2: {(17, 21), (156, 188), (96, 97), (212, 244), (188, 189), (147, 151), (35, 163), (1, 17), (53, 55), (32, 96), (145, 147), (2, 34), (3, 35), (68, 70), (97, 225), (151, 159), (180, 244), (70, 198), (193, 225), (1, 3), (97, 101), (1, 5), (129, 145), (132, 196), (230, 231), (129, 193), (66, 70), (70, 86), (132, 134), (197, 199), (172, 188), (90, 91), (193, 195), (86, 87), (87, 95), (187, 191), (91, 95), (174, 175), (193, 197), (32, 36), (181, 189), (172, 174), (244, 245), (134, 166), (199, 231), (180, 181), (196, 198), (193, 201), (32, 40), (53, 181), (174, 190), (89, 91), (170, 174), (17, 145), (198, 199), (226, 230), (55, 119), (175, 191), (34, 35), (2, 18), (21, 53)}
Obj: 34855

