Log for instance aco_tuning_out/inst03.txt.

Used ({'tau0': 1.774794369235601e-06, 'xi': 0.05178086251934671, 'q0': 0.765199417754037, 'alpha': 1.7110920267750438, 'beta': 1.3090193389783644, 'rho': 0.2964096563219366, 'ants': 12}) and found best instance after 6.3125 seconds.
E1: {(201, 203), (177, 181), (114, 118), (105, 109), (25, 153), (147, 151), (20, 22), (31, 95), (31, 159), (240, 244), (32, 96), (0, 64), (0, 128), (92, 220), (95, 127), (151, 159), (136, 137), (145, 149), (243, 251), (108, 109), (147, 155), (0, 2), (210, 211), (114, 115), (249, 251), (64, 68), (10, 42), (202, 203), (97, 101), (155, 219), (187, 251), (24, 25), (249, 253), (56, 57), (145, 153), (76, 108), (98, 114), (9, 137), (96, 98), (200, 201), (47, 175), (193, 195), (119, 127), (155, 187), (211, 219), (86, 87), (228, 244), (87, 95), (97, 105), (187, 191), (244, 252), (76, 204), (73, 77), (32, 36), (221, 253), (49, 113), (49, 177), (143, 159), (2, 10), (137, 201), (42, 58), (200, 232), (143, 207), (115, 243), (128, 136), (193, 201), (252, 253), (65, 73), (53, 181), (56, 58), (220, 221), (135, 143), (22, 86), (39, 47), (54, 118), (175, 191), (203, 207), (113, 115), (145, 177), (76, 77), (200, 204)}
E2: {(177, 181), (105, 107), (17, 21), (244, 246), (148, 150), (105, 109), (61, 63), (147, 151), (14, 15), (48, 56), (32, 160), (42, 43), (2, 34), (59, 123), (33, 49), (59, 187), (218, 222), (0, 128), (210, 218), (151, 159), (136, 137), (108, 109), (147, 155), (216, 218), (0, 2), (210, 211), (114, 115), (1, 3), (132, 148), (10, 42), (59, 63), (44, 172), (99, 227), (198, 230), (1, 5), (132, 196), (76, 108), (9, 137), (200, 201), (32, 34), (155, 187), (40, 44), (187, 191), (34, 162), (174, 175), (45, 61), (136, 200), (193, 197), (32, 36), (49, 113), (49, 177), (10, 14), (172, 174), (244, 245), (2, 10), (76, 78), (162, 166), (147, 211), (180, 181), (42, 58), (78, 206), (2, 3), (196, 198), (128, 136), (154, 155), (193, 201), (58, 59), (53, 181), (56, 58), (192, 196), (83, 115), (206, 222), (148, 180), (227, 235), (226, 230), (175, 191), (230, 246), (107, 111), (99, 107), (113, 115), (83, 211), (21, 53)}
Obj: 44159

