Log for instance aco_tuning_out/inst09.txt.

Used ({'tau_0': 9.342356314703797e-06, 'xi': 0.11093798894348852, 'q0': 0.3936504222796646, 'alpha': 1.8613339066625738, 'beta': 0.5900213499937936, 'rho': 0.2538267278899345, 'ants': 22}) and found best instance after 11.765625 seconds.
E1: {(166, 175), (43, 205), (55, 136), (6, 24), (87, 89), (75, 78), (205, 206), (13, 14), (174, 175), (21, 183), (223, 232), (102, 183), (209, 215), (6, 87), (120, 201), (21, 24), (58, 76), (13, 175), (209, 236), (174, 177), (174, 183), (55, 58), (76, 157), (178, 205), (206, 215), (21, 75), (205, 232), (174, 201), (135, 136), (0, 6), (75, 76), (175, 178)}
E2: {(6, 15), (39, 201), (6, 33), (29, 32), (116, 134), (210, 211), (116, 143), (158, 161), (39, 66), (120, 201), (12, 15), (89, 143), (33, 114), (7, 25), (66, 68), (27, 33), (157, 158), (4, 166), (6, 7), (27, 45), (196, 223), (12, 66), (201, 210), (4, 7), (59, 68), (152, 161), (15, 177), (0, 6), (143, 161), (114, 116), (195, 196), (33, 195), (27, 29)}
Obj: 28160

