Log for instance aco_tuning_out/inst21.txt.

Used ({'tau_0': 1.7311092028219667e-06, 'xi': 0.08252852050291277, 'q0': 0.30102382451999166, 'alpha': 1.4307200972470873, 'beta': 1.366990204180299, 'rho': 0.3910589486840866, 'ants': 12}) and found best instance after 5.5 seconds.
E1: {(171, 174), (92, 119), (119, 200), (64, 145), (38, 41), (135, 153), (166, 220), (171, 225), (145, 154), (164, 167), (225, 226), (139, 220), (86, 95), (164, 182), (85, 139), (38, 119), (36, 45), (174, 177), (41, 44), (17, 44), (220, 223), (9, 171), (32, 41), (71, 152), (145, 226), (17, 71), (14, 17), (225, 228), (153, 154), (86, 167), (85, 86), (92, 95), (36, 38), (9, 36)}
E2: {(83, 110), (38, 200), (92, 119), (108, 109), (118, 119), (32, 113), (185, 212), (176, 185), (92, 146), (142, 223), (117, 120), (65, 146), (64, 65), (157, 160), (240, 242), (62, 71), (92, 173), (209, 215), (211, 212), (189, 195), (117, 144), (142, 143), (173, 176), (182, 185), (27, 189), (44, 53), (25, 52), (144, 146), (209, 236), (44, 71), (108, 135), (38, 119), (27, 36), (36, 45), (110, 113), (78, 240), (91, 118), (43, 44), (59, 62), (71, 152), (62, 143), (215, 242), (52, 53), (142, 160), (83, 89), (65, 71), (83, 92), (36, 38), (212, 215), (0, 27), (27, 108)}
Obj: 33248

