Log for instance aco_tuning_out/inst27.txt.

Used ({'tau0': 7.405500650510694e-06, 'xi': 0.0538011928337849, 'q0': 0.7808066118135257, 'alpha': 1.9053416179409846, 'beta': 1.1675645378953803, 'rho': 0.23263286946707473, 'ants': 25}) and found best instance after 15.359375 seconds.
E1: {(71, 87), (196, 228), (99, 103), (105, 107), (146, 154), (155, 187), (108, 109), (4, 6), (211, 219), (147, 155), (60, 62), (43, 171), (3, 19), (39, 103), (87, 95), (4, 36), (142, 174), (76, 204), (249, 251), (6, 14), (174, 190), (146, 147), (83, 115), (105, 109), (147, 151), (142, 143), (29, 31), (221, 253), (144, 146), (31, 95), (31, 159), (143, 159), (46, 62), (10, 14), (2, 10), (132, 196), (27, 155), (209, 211), (151, 215), (249, 253), (110, 238), (147, 211), (2, 34), (250, 251), (107, 111), (76, 108), (62, 63), (99, 107), (71, 103), (46, 110), (4, 132), (23, 87), (113, 115), (171, 187), (112, 113), (112, 116), (2, 3), (219, 251), (19, 83), (83, 211), (30, 31), (31, 63), (151, 159), (54, 62)}
E2: {(192, 194), (105, 107), (15, 143), (58, 59), (243, 251), (108, 109), (155, 187), (4, 6), (147, 155), (125, 253), (216, 218), (202, 234), (87, 95), (97, 105), (244, 246), (251, 255), (48, 176), (56, 58), (87, 119), (109, 125), (192, 196), (6, 14), (105, 109), (194, 202), (128, 144), (198, 230), (147, 151), (202, 218), (221, 253), (14, 15), (31, 95), (31, 159), (97, 101), (143, 159), (10, 14), (132, 196), (187, 251), (234, 250), (76, 78), (134, 166), (144, 176), (240, 244), (56, 57), (226, 230), (128, 192), (230, 246), (59, 123), (76, 108), (107, 111), (141, 143), (4, 132), (14, 78), (107, 123), (196, 198), (132, 134), (30, 31), (151, 159)}
Obj: 33079

