Log for instance aco_tuning_out/inst18.txt.

Used ({'tau0': 9.519734246967097e-06, 'xi': 0.07937813294122376, 'q0': 0.41673979688805995, 'alpha': 1.6749976300577816, 'beta': 0.7383106546614165, 'rho': 0.29031514757956295, 'ants': 27}) and found best instance after 52.34375 seconds.
E1: {(136, 137), (128, 136), (82, 90), (58, 62), (5, 7), (86, 87), (150, 151), (128, 160), (87, 95), (1, 3), (1, 9), (252, 253), (85, 213), (197, 213), (209, 213), (9, 41), (110, 126), (82, 86), (147, 151), (29, 31), (41, 57), (245, 253), (80, 82), (31, 95), (39, 47), (31, 159), (46, 62), (1, 5), (213, 215), (6, 7), (110, 238), (151, 215), (137, 201), (47, 63), (54, 62), (107, 111), (213, 245), (99, 107), (46, 110), (7, 39), (9, 137), (45, 47), (62, 63), (66, 82), (31, 63), (151, 159), (47, 111)}
E2: {(128, 136), (136, 137), (168, 172), (24, 88), (72, 76), (146, 154), (168, 184), (72, 88), (206, 238), (128, 160), (40, 44), (44, 60), (114, 115), (82, 114), (146, 178), (220, 252), (1, 9), (115, 123), (244, 252), (168, 232), (240, 242), (146, 150), (110, 126), (220, 221), (82, 86), (44, 108), (44, 172), (80, 82), (97, 101), (114, 242), (1, 5), (46, 62), (244, 245), (97, 113), (76, 78), (88, 89), (240, 244), (110, 238), (146, 210), (162, 163), (82, 210), (51, 115), (76, 108), (162, 178), (46, 110), (142, 206), (30, 62), (113, 115), (78, 206), (9, 137), (136, 168), (66, 82), (160, 162), (54, 62)}
Obj: 28472

