Log for instance aco_tuning_out/inst21.txt.

Used ({'tau_0': 5.498217034018323e-06, 'xi': 0.07476910638285614, 'q0': 0.4717218972346363, 'alpha': 1.947841791710605, 'beta': 1.831830451033867, 'rho': 0.12093333427234658, 'ants': 15}) and found best instance after 19.28125 seconds.
E1: {(203, 212), (64, 145), (207, 209), (203, 230), (167, 176), (217, 220), (166, 220), (152, 233), (176, 203), (209, 212), (200, 203), (136, 145), (45, 207), (182, 209), (41, 203), (166, 167), (174, 177), (224, 233), (14, 176), (32, 41), (136, 217), (135, 136), (174, 228), (230, 233), (174, 176), (223, 224)}
E2: {(185, 188), (3, 4), (36, 117), (139, 142), (162, 168), (151, 232), (141, 142), (208, 211), (190, 199), (135, 138), (139, 157), (170, 224), (170, 188), (60, 141), (64, 145), (236, 239), (190, 208), (142, 223), (34, 43), (152, 233), (117, 120), (185, 239), (77, 239), (145, 151), (84, 138), (4, 5), (7, 25), (182, 188), (7, 34), (168, 195), (138, 139), (118, 145), (89, 170), (27, 36), (109, 118), (27, 45), (224, 233), (168, 170), (91, 118), (4, 7), (0, 162), (199, 200), (142, 151), (59, 77), (60, 78), (3, 84), (5, 32), (118, 199), (117, 118), (232, 233)}
Obj: 30126

