Log for instance aco_tuning_out/inst03.txt.

Used ({'tau0': 5.341643627837584e-06, 'xi': 0.12828902895224037, 'q0': 0.5825040751853071, 'alpha': 1.680352012001748, 'beta': 1.7927432976473112, 'rho': 0.24781837895583786, 'ants': 32}) and found best instance after 27.296875 seconds.
E1: {(232, 236), (128, 136), (136, 137), (219, 223), (211, 219), (118, 119), (133, 135), (228, 244), (210, 211), (36, 37), (187, 191), (221, 223), (189, 191), (206, 207), (37, 39), (53, 181), (64, 65), (64, 68), (9, 41), (202, 206), (83, 115), (65, 97), (41, 57), (20, 28), (21, 149), (181, 189), (133, 149), (97, 101), (207, 223), (204, 206), (115, 119), (97, 113), (54, 118), (240, 244), (24, 28), (37, 53), (175, 191), (147, 211), (204, 236), (20, 21), (228, 236), (113, 115), (0, 64), (0, 128), (9, 137), (37, 101), (28, 92), (83, 211), (21, 53), (195, 211)}
E2: {(192, 194), (136, 137), (128, 136), (177, 181), (41, 43), (132, 164), (32, 34), (32, 40), (107, 235), (146, 154), (220, 222), (15, 143), (43, 107), (181, 245), (150, 151), (196, 197), (82, 114), (36, 37), (5, 37), (198, 206), (53, 181), (37, 45), (160, 164), (45, 61), (128, 132), (9, 41), (146, 150), (32, 36), (206, 222), (61, 63), (32, 48), (216, 220), (49, 177), (194, 226), (143, 159), (132, 196), (37, 53), (32, 160), (137, 201), (128, 192), (180, 181), (82, 210), (164, 166), (33, 49), (107, 111), (146, 210), (99, 107), (194, 210), (164, 172), (107, 123), (9, 137), (0, 128), (196, 198), (151, 159), (17, 49)}
Obj: 30947

