Log for instance aco_tuning_out/inst21.txt.

Used ({'tau_0': 9.926534885232458e-06, 'xi': 0.06692036828162971, 'q0': 0.3019379808030227, 'alpha': 1.9521308295520166, 'beta': 1.4674217120935573, 'rho': 0.15756254670228562, 'ants': 22}) and found best instance after 20.703125 seconds.
E1: {(81, 82), (37, 64), (66, 228), (82, 163), (179, 233), (217, 223), (36, 37), (152, 233), (39, 66), (171, 173), (30, 39), (163, 166), (81, 90), (173, 179), (173, 182), (173, 200), (12, 39), (30, 32), (36, 45), (163, 217), (177, 179), (9, 171), (12, 14), (135, 136), (90, 171), (9, 12), (82, 136), (9, 36)}
E2: {(37, 64), (87, 141), (0, 54), (87, 89), (29, 32), (217, 223), (217, 220), (171, 198), (222, 240), (36, 37), (227, 236), (24, 78), (37, 118), (171, 173), (157, 238), (195, 222), (220, 221), (120, 201), (36, 198), (141, 150), (173, 182), (216, 217), (54, 216), (135, 216), (173, 200), (59, 221), (109, 118), (27, 36), (24, 25), (27, 45), (78, 240), (91, 118), (27, 54), (173, 227), (150, 152), (220, 238), (216, 222), (211, 238), (141, 222), (27, 29), (37, 43), (198, 201)}
Obj: 28701

