Log for instance aco_tuning_out/inst12.txt.

Used ({'tau0': 6.013615341921658e-06, 'xi': 0.14211938125893342, 'q0': 0.3248975661404837, 'alpha': 1.1289454136305503, 'beta': 1.4285276537384943, 'rho': 0.3107997616316016, 'ants': 20}) and found best instance after 32.09375 seconds.
E1: {(33, 51), (208, 211), (127, 128), (181, 208), (34, 43), (172, 181), (33, 35), (18, 19), (163, 166), (163, 181), (33, 114), (45, 51), (114, 123), (8, 35), (109, 127), (32, 35), (128, 134), (33, 34), (18, 21), (91, 172), (181, 182), (19, 181), (18, 45), (21, 102), (127, 208), (8, 89), (33, 195), (0, 18), (120, 123)}
E2: {(219, 220), (119, 200), (102, 129), (118, 119), (125, 134), (179, 233), (40, 41), (98, 125), (89, 98), (222, 240), (121, 130), (236, 242), (166, 220), (152, 233), (240, 242), (130, 157), (22, 25), (118, 121), (98, 179), (40, 43), (54, 216), (129, 130), (233, 242), (135, 216), (59, 221), (109, 118), (130, 211), (40, 67), (13, 22), (119, 125), (177, 179), (64, 67), (78, 240), (54, 72), (219, 221), (32, 41), (13, 40), (45, 72), (222, 223), (216, 219), (216, 222), (40, 121)}
Obj: 30888

