Log for instance aco_tuning_out/inst09.txt.

Used ({'tau0': 2.760703391532889e-06, 'xi': 0.11284095755067615, 'q0': 0.39431429333058177, 'alpha': 1.2851296972235255, 'beta': 1.3966465894197229, 'rho': 0.20591685095973755, 'ants': 13}) and found best instance after 8.1875 seconds.
E1: {(166, 175), (43, 205), (39, 201), (54, 135), (175, 202), (0, 54), (234, 236), (75, 78), (66, 75), (72, 234), (5, 86), (39, 66), (201, 202), (223, 232), (72, 75), (156, 157), (39, 120), (75, 156), (21, 75), (54, 72), (202, 205), (205, 232), (21, 23), (14, 23), (5, 23), (21, 102), (83, 89), (83, 86), (175, 178), (177, 178)}
E2: {(4, 58), (58, 59), (59, 140), (49, 50), (30, 192), (149, 152), (195, 204), (140, 149), (30, 39), (211, 212), (30, 48), (7, 25), (177, 204), (88, 169), (166, 169), (58, 76), (0, 1), (48, 50), (134, 215), (50, 212), (39, 120), (45, 48), (88, 89), (192, 195), (49, 76), (76, 157), (4, 7), (7, 88), (32, 50), (169, 223), (1, 4), (212, 215)}
Obj: 27514

