Log for instance aco_tuning_out/inst27.txt.

Used ({'tau_0': 8.613914963906393e-06, 'xi': 0.14574697859969848, 'q0': 0.4568549694035073, 'alpha': 1.0997466880204505, 'beta': 1.26467494952901, 'rho': 0.20648622793681415, 'ants': 10}) and found best instance after 11.390625 seconds.
E1: {(128, 136), (32, 34), (84, 212), (35, 39), (60, 62), (144, 208), (23, 31), (186, 250), (27, 31), (110, 111), (14, 46), (209, 213), (128, 132), (96, 97), (32, 36), (128, 144), (29, 31), (221, 253), (14, 30), (46, 62), (10, 14), (212, 213), (236, 238), (2, 10), (84, 116), (213, 215), (97, 113), (213, 221), (138, 154), (136, 138), (110, 238), (32, 96), (249, 253), (2, 34), (62, 63), (204, 236), (35, 43), (46, 110), (208, 209), (228, 236), (14, 142), (186, 187), (154, 186), (34, 35), (186, 190), (2, 3), (10, 138), (30, 31), (54, 62)}
E2: {(128, 136), (119, 127), (58, 62), (101, 103), (216, 218), (0, 2), (242, 243), (123, 127), (56, 58), (110, 111), (14, 46), (240, 242), (6, 14), (146, 147), (220, 221), (128, 144), (125, 127), (202, 218), (14, 15), (216, 220), (144, 146), (127, 255), (14, 30), (48, 56), (46, 62), (10, 14), (2, 10), (115, 119), (56, 57), (226, 230), (111, 127), (218, 250), (226, 242), (46, 110), (0, 128), (103, 119), (140, 141), (115, 243), (242, 250), (166, 230), (136, 140)}
Obj: 26135

