Log for instance aco_tuning_out/inst06.txt.

Used ({'tau0': 1.774794369235601e-06, 'xi': 0.05178086251934671, 'q0': 0.765199417754037, 'alpha': 1.7110920267750438, 'beta': 1.3090193389783644, 'rho': 0.2964096563219366, 'ants': 12}) and found best instance after 4.578125 seconds.
E1: {(177, 181), (105, 107), (244, 246), (156, 188), (212, 244), (240, 244), (24, 28), (71, 79), (0, 128), (156, 158), (99, 115), (0, 2), (210, 211), (158, 222), (142, 143), (78, 79), (95, 223), (129, 145), (213, 215), (249, 253), (130, 162), (188, 252), (71, 103), (98, 114), (129, 193), (166, 230), (215, 223), (47, 111), (200, 201), (71, 87), (99, 103), (162, 226), (87, 95), (78, 110), (91, 95), (174, 175), (221, 253), (49, 113), (49, 177), (212, 213), (10, 14), (172, 174), (2, 10), (110, 238), (180, 181), (46, 110), (23, 87), (200, 232), (78, 206), (143, 207), (2, 3), (196, 198), (45, 47), (193, 201), (252, 253), (198, 206), (53, 181), (85, 213), (128, 129), (143, 175), (192, 196), (174, 190), (83, 115), (206, 222), (6, 14), (89, 91), (135, 143), (142, 158), (39, 47), (17, 81), (28, 156), (17, 145), (226, 230), (81, 83), (98, 99), (230, 246), (237, 239), (107, 111), (99, 107), (113, 115), (83, 211), (175, 239)}
E2: {(177, 181), (244, 246), (156, 188), (87, 119), (105, 109), (212, 244), (90, 218), (188, 189), (91, 219), (32, 96), (2, 34), (213, 245), (0, 64), (0, 128), (97, 225), (37, 101), (108, 109), (156, 158), (0, 2), (1, 3), (158, 222), (64, 68), (10, 42), (44, 108), (142, 143), (1, 5), (129, 145), (132, 196), (37, 53), (131, 163), (76, 108), (182, 190), (40, 42), (66, 70), (166, 230), (195, 211), (193, 195), (32, 34), (42, 170), (211, 219), (40, 44), (129, 131), (87, 95), (97, 105), (187, 191), (91, 95), (174, 175), (193, 197), (49, 113), (49, 177), (143, 159), (212, 213), (2, 10), (76, 78), (199, 231), (166, 182), (180, 181), (78, 206), (218, 219), (196, 198), (193, 201), (36, 37), (198, 206), (53, 181), (128, 129), (143, 175), (174, 190), (83, 115), (206, 222), (70, 78), (89, 91), (0, 1), (142, 158), (17, 81), (17, 145), (198, 199), (226, 230), (81, 83), (175, 191), (230, 246), (113, 115), (2, 18), (83, 211)}
Obj: 42637

