Log for instance aco_tuning_out/inst03.txt.

Used ({'tau0': 3.986574795084688e-06, 'xi': 0.12869898263116974, 'q0': 0.7324104580466773, 'alpha': 0.38736117587741714, 'beta': 0.6247624947394189, 'rho': 0.4525392981526261, 'ants': 9}) and found best instance after 10.953125 seconds.
E1: {(200, 201), (210, 242), (196, 228), (155, 187), (165, 167), (147, 155), (118, 119), (39, 167), (114, 118), (53, 181), (64, 65), (240, 242), (36, 52), (64, 68), (65, 97), (202, 203), (52, 54), (20, 28), (165, 181), (97, 101), (167, 175), (114, 242), (155, 219), (20, 52), (97, 113), (195, 203), (68, 196), (9, 25), (54, 118), (24, 25), (135, 167), (200, 202), (149, 157), (24, 28), (137, 201), (203, 207), (149, 181), (52, 53), (203, 219), (200, 232), (25, 57), (9, 137), (196, 204), (28, 92), (157, 221), (200, 204)}
E2: {(177, 181), (200, 201), (154, 158), (132, 164), (200, 216), (44, 45), (98, 226), (107, 235), (43, 107), (13, 45), (5, 13), (181, 245), (164, 180), (0, 2), (40, 44), (210, 211), (210, 214), (196, 197), (34, 50), (158, 222), (160, 164), (192, 196), (137, 141), (1, 33), (0, 1), (48, 50), (31, 159), (17, 81), (1, 5), (132, 196), (214, 222), (36, 164), (13, 141), (198, 214), (137, 201), (81, 83), (180, 181), (2, 34), (50, 114), (15, 31), (98, 99), (107, 111), (164, 166), (158, 159), (99, 107), (164, 172), (98, 114), (150, 158), (107, 123), (9, 137), (196, 198), (83, 211), (13, 15), (31, 63)}
Obj: 30543

