Log for instance aco_tuning_out/inst09.txt.

Used ({'tau_0': 5.7232384546733595e-06, 'xi': 0.1429672685027304, 'q0': 0.57445047410033, 'alpha': 1.4195433954167913, 'beta': 1.4047255855017542, 'rho': 0.4106053256096564, 'ants': 31}) and found best instance after 16.3125 seconds.
E1: {(166, 175), (3, 4), (84, 87), (87, 89), (217, 223), (84, 102), (153, 156), (234, 236), (135, 153), (102, 156), (13, 14), (156, 157), (120, 201), (16, 43), (13, 175), (216, 217), (13, 16), (175, 176), (153, 234), (174, 177), (78, 240), (174, 201), (4, 13), (0, 3), (234, 240), (3, 84), (216, 234), (174, 176)}
E2: {(56, 65), (162, 171), (139, 142), (162, 168), (139, 157), (29, 32), (38, 47), (29, 38), (4, 85), (171, 198), (20, 47), (29, 56), (142, 223), (134, 161), (166, 220), (45, 46), (65, 146), (83, 164), (162, 164), (168, 177), (142, 143), (120, 201), (46, 47), (168, 195), (86, 89), (139, 220), (0, 1), (85, 139), (19, 20), (198, 201), (146, 152), (220, 238), (1, 4), (211, 238), (143, 161), (19, 25), (85, 86), (83, 86), (1, 19), (56, 59)}
Obj: 28307

