Log for instance aco_tuning_out/inst27.txt.

Used ({'tau0': 5.998921288673613e-06, 'xi': 0.12799050366072715, 'q0': 0.730921478054052, 'alpha': 1.5055228070199218, 'beta': 0.3739261379740735, 'rho': 0.1599798192967875, 'ants': 28}) and found best instance after 28.703125 seconds.
E1: {(105, 107), (196, 228), (32, 34), (146, 154), (43, 107), (35, 39), (206, 238), (113, 117), (87, 95), (97, 105), (186, 250), (27, 31), (32, 36), (206, 222), (154, 218), (61, 63), (60, 61), (142, 143), (116, 124), (116, 118), (221, 253), (144, 146), (31, 95), (31, 159), (143, 159), (204, 206), (132, 196), (29, 61), (97, 113), (213, 215), (54, 118), (213, 221), (249, 253), (116, 117), (218, 250), (60, 124), (107, 111), (35, 43), (23, 87), (142, 206), (87, 215), (218, 222), (34, 35), (186, 187), (186, 190), (3, 35), (196, 204), (30, 31), (31, 63), (209, 213)}
E2: {(105, 107), (15, 143), (243, 251), (146, 154), (125, 253), (216, 218), (87, 95), (97, 105), (57, 121), (251, 255), (253, 255), (56, 58), (87, 119), (240, 242), (6, 14), (146, 147), (154, 218), (147, 151), (151, 159), (202, 218), (105, 121), (221, 253), (144, 146), (31, 95), (121, 123), (97, 101), (48, 56), (31, 159), (143, 159), (14, 30), (10, 14), (56, 57), (226, 230), (218, 250), (107, 111), (226, 242), (141, 143), (121, 125), (242, 250), (166, 230), (30, 31), (250, 251)}
Obj: 25856

