Log for instance aco_tuning_out/inst30.txt.

Used ({'tau_0': 7.35696843598511e-06, 'xi': 0.13099405837312028, 'q0': 0.39430175087041053, 'alpha': 1.838983583452214, 'beta': 0.7213281426644318, 'rho': 0.11968092308615733, 'ants': 31}) and found best instance after 204.5 seconds.
E1: {(90, 91), (123, 204), (47, 53), (28, 46), (21, 22), (38, 41), (38, 47), (14, 41), (195, 204), (198, 200), (117, 120), (28, 109), (49, 211), (46, 47), (36, 198), (22, 25), (177, 204), (90, 117), (209, 236), (22, 49), (123, 150), (53, 134), (117, 198), (64, 73), (32, 41), (150, 152), (46, 49), (0, 9), (21, 102), (47, 209), (36, 38), (46, 73), (198, 204), (9, 36)}
E2: {(226, 235), (147, 149), (127, 128), (147, 228), (144, 147), (135, 144), (217, 220), (217, 235), (149, 152), (195, 204), (166, 220), (198, 200), (145, 148), (147, 148), (181, 235), (117, 144), (36, 198), (177, 204), (64, 226), (235, 236), (100, 106), (27, 36), (91, 100), (27, 45), (128, 134), (109, 127), (117, 198), (100, 127), (181, 182), (25, 106), (145, 226), (198, 204), (148, 157), (0, 27), (100, 181)}
Obj: 30435

