Log for instance aco_tuning_out/inst06.txt.

Used ({'tau_0': 4.324890613407541e-06, 'xi': 0.12290267674013398, 'q0': 0.47304418264323866, 'alpha': 0.9643516325370455, 'beta': 0.8937714391186662, 'rho': 0.17837160642396882, 'ants': 18}) and found best instance after 57.4375 seconds.
E1: {(47, 175), (168, 172), (148, 212), (105, 107), (99, 103), (24, 152), (6, 134), (206, 238), (39, 103), (129, 131), (89, 217), (82, 114), (238, 239), (206, 207), (174, 175), (168, 232), (148, 156), (85, 213), (174, 190), (82, 83), (206, 222), (148, 180), (180, 182), (192, 208), (21, 85), (3, 131), (208, 210), (39, 47), (152, 156), (212, 213), (172, 174), (213, 221), (134, 166), (208, 240), (217, 249), (166, 182), (82, 210), (237, 239), (21, 23), (134, 135), (99, 107), (182, 190), (46, 174), (78, 206), (208, 212), (217, 221), (130, 134), (45, 47), (131, 135), (21, 53), (175, 239)}
E2: {(193, 195), (193, 201), (162, 226), (90, 94), (32, 34), (32, 40), (229, 231), (197, 229), (193, 225), (2, 66), (1, 3), (187, 191), (68, 69), (34, 162), (69, 101), (189, 191), (132, 148), (148, 156), (193, 197), (32, 36), (148, 180), (180, 182), (162, 170), (229, 245), (101, 117), (78, 94), (17, 81), (1, 5), (117, 119), (76, 78), (1, 17), (32, 96), (162, 166), (166, 182), (162, 163), (2, 34), (175, 191), (81, 89), (182, 190), (5, 69), (190, 191), (69, 197), (129, 193), (2, 3), (2, 18), (148, 212), (68, 76), (159, 191)}
Obj: 29709

