Log for instance aco_tuning_out/inst12.txt.

Used ({'tau0': 4.5971794894411765e-06, 'xi': 0.07935886436067696, 'q0': 0.6133148179425765, 'alpha': 0.959591163017489, 'beta': 1.7442602148622774, 'rho': 0.32248764047634604, 'ants': 29}) and found best instance after 38.125 seconds.
E1: {(111, 120), (81, 82), (3, 4), (125, 134), (38, 41), (84, 102), (84, 111), (81, 84), (83, 164), (82, 83), (211, 212), (124, 125), (43, 124), (164, 182), (27, 30), (38, 119), (50, 212), (27, 33), (4, 166), (27, 36), (27, 45), (119, 125), (82, 91), (30, 111), (32, 41), (41, 50), (82, 109), (0, 3), (3, 84), (83, 89), (33, 195), (36, 38)}
E2: {(81, 82), (3, 4), (4, 58), (58, 59), (171, 177), (61, 70), (31, 32), (207, 209), (179, 233), (184, 211), (116, 134), (84, 102), (171, 198), (76, 79), (34, 43), (152, 233), (198, 200), (89, 116), (83, 164), (171, 173), (82, 83), (81, 84), (22, 184), (58, 61), (164, 173), (173, 179), (22, 25), (78, 79), (58, 76), (209, 236), (45, 207), (31, 34), (31, 58), (4, 166), (81, 135), (76, 157), (64, 70), (22, 76), (82, 109), (3, 84), (83, 89), (198, 207), (61, 223)}
Obj: 30577

