Log for instance aco_tuning_out/inst09.txt.

Used ({'tau0': 5.342828546400694e-06, 'xi': 0.10757152839420789, 'q0': 0.48310874806332305, 'alpha': 0.7345220815729948, 'beta': 0.5000932542690112, 'rho': 0.1091478953450425, 'ants': 30}) and found best instance after 282.9375 seconds.
E1: {(120, 129), (129, 156), (6, 15), (102, 129), (15, 42), (87, 89), (153, 156), (234, 236), (222, 240), (135, 153), (87, 168), (168, 177), (156, 157), (6, 87), (12, 15), (153, 234), (168, 222), (42, 43), (78, 240), (12, 14), (222, 223), (234, 240), (0, 6), (166, 169), (168, 169)}
E2: {(120, 129), (58, 59), (139, 148), (84, 87), (151, 232), (87, 89), (31, 32), (51, 132), (195, 204), (151, 152), (223, 232), (51, 52), (177, 204), (25, 52), (85, 139), (205, 214), (45, 51), (31, 58), (211, 214), (205, 232), (85, 166), (84, 85), (58, 139), (0, 3), (129, 132), (3, 84), (132, 134), (204, 205), (148, 151), (148, 157), (52, 214)}
Obj: 24702

