Log for instance aco_tuning_out/inst24.txt.

Used ({'tau0': 9.342356314703797e-06, 'xi': 0.11093798894348852, 'q0': 0.3936504222796646, 'alpha': 1.8613339066625738, 'beta': 0.5900213499937936, 'rho': 0.2538267278899345, 'ants': 22}) and found best instance after 14.890625 seconds.
E1: {(76, 92), (15, 79), (41, 43), (171, 235), (243, 251), (108, 109), (146, 154), (43, 107), (43, 171), (0, 2), (176, 240), (40, 41), (252, 253), (186, 250), (251, 255), (2, 130), (253, 255), (41, 45), (160, 176), (58, 186), (26, 90), (12, 76), (41, 57), (221, 253), (191, 255), (79, 111), (144, 146), (139, 171), (106, 107), (235, 251), (45, 173), (144, 176), (71, 79), (2, 34), (107, 111), (76, 108), (154, 186), (26, 58), (186, 190), (141, 173), (109, 111), (130, 146), (159, 191), (250, 251)}
E2: {(183, 191), (42, 106), (90, 91), (164, 165), (151, 183), (237, 253), (187, 191), (253, 255), (53, 181), (120, 122), (10, 42), (147, 151), (21, 85), (181, 183), (164, 228), (221, 253), (176, 178), (191, 255), (52, 60), (165, 181), (89, 91), (5, 21), (178, 242), (114, 242), (34, 42), (106, 122), (222, 254), (63, 191), (199, 231), (144, 176), (175, 191), (180, 181), (147, 211), (164, 166), (226, 242), (52, 53), (254, 255), (176, 180), (90, 122), (195, 199), (114, 122), (21, 53), (195, 211)}
Obj: 26319

