Log for instance aco_tuning_out/inst09.txt.

Used ({'tau0': 4.020220899909005e-06, 'xi': 0.13174644598316573, 'q0': 0.6110235189733683, 'alpha': 1.6598844502421457, 'beta': 1.4439786122174993, 'rho': 0.18623233223962188, 'ants': 32}) and found best instance after 45.578125 seconds.
E1: {(166, 175), (3, 4), (4, 58), (39, 201), (84, 87), (87, 89), (40, 41), (84, 102), (75, 78), (174, 175), (223, 232), (81, 84), (72, 75), (120, 201), (58, 76), (40, 43), (4, 166), (174, 177), (72, 74), (81, 135), (76, 157), (74, 236), (174, 201), (178, 232), (39, 40), (0, 3), (3, 84), (75, 76), (175, 178), (14, 41)}
E2: {(166, 175), (4, 58), (3, 4), (58, 59), (84, 87), (87, 89), (174, 175), (97, 178), (223, 232), (98, 152), (51, 52), (120, 201), (25, 52), (58, 76), (97, 98), (134, 215), (205, 214), (45, 51), (4, 166), (174, 177), (76, 157), (211, 214), (205, 232), (174, 201), (178, 232), (32, 59), (0, 3), (3, 84), (214, 215), (175, 178), (87, 114), (114, 195), (52, 214)}
Obj: 25631

