Log for instance aco_tuning_out/inst27.txt.

Used ({'tau_0': 4.426929263156353e-06, 'xi': 0.06025838234537617, 'q0': 0.705001489203017, 'alpha': 1.7379886783859488, 'beta': 1.7095931918554976, 'rho': 0.10716913974093385, 'ants': 23}) and found best instance after 31.53125 seconds.
E1: {(243, 251), (146, 154), (155, 187), (4, 6), (147, 155), (60, 62), (4, 36), (27, 31), (110, 111), (249, 251), (209, 213), (62, 190), (6, 14), (146, 147), (116, 124), (147, 151), (29, 31), (144, 146), (14, 30), (39, 47), (10, 14), (236, 238), (2, 10), (27, 155), (187, 251), (213, 215), (47, 111), (213, 221), (110, 238), (151, 215), (47, 63), (2, 34), (43, 47), (60, 124), (204, 236), (228, 236), (4, 132), (113, 115), (14, 142), (23, 151), (2, 3), (115, 243), (62, 63), (30, 31), (31, 63), (250, 251), (54, 62)}
E2: {(26, 30), (243, 251), (155, 187), (147, 155), (180, 244), (125, 253), (216, 218), (101, 109), (251, 255), (48, 176), (253, 255), (56, 58), (109, 125), (6, 14), (194, 202), (26, 90), (180, 182), (90, 218), (202, 218), (221, 253), (14, 15), (14, 30), (48, 56), (194, 226), (10, 14), (187, 251), (115, 119), (123, 251), (144, 176), (56, 57), (13, 141), (240, 244), (166, 182), (218, 250), (26, 58), (176, 180), (115, 243), (109, 111), (13, 15), (250, 251)}
Obj: 25140

