Log for instance aco_tuning_out/inst24.txt.

Used ({'tau0': 5.27015365896669e-06, 'xi': 0.12993599333145528, 'q0': 0.31614692226037566, 'alpha': 1.9457803192705339, 'beta': 1.0826765605366773, 'rho': 0.462237565316319, 'ants': 26}) and found best instance after 11.65625 seconds.
E1: {(76, 92), (250, 254), (32, 40), (243, 251), (146, 154), (13, 45), (43, 171), (190, 254), (0, 2), (128, 160), (186, 250), (249, 251), (240, 242), (45, 61), (0, 32), (74, 106), (58, 186), (12, 76), (14, 15), (144, 146), (138, 139), (139, 171), (10, 14), (2, 10), (66, 74), (235, 251), (138, 154), (217, 249), (74, 90), (13, 141), (2, 34), (12, 14), (76, 108), (70, 71), (190, 191), (217, 221), (154, 186), (0, 128), (66, 70), (57, 61), (242, 250), (10, 74), (252, 254), (130, 146), (10, 138), (13, 15), (159, 191), (250, 251)}
E2: {(90, 91), (183, 191), (162, 226), (164, 165), (147, 155), (13, 45), (5, 13), (165, 173), (146, 178), (2, 130), (34, 98), (187, 191), (53, 117), (53, 181), (45, 61), (231, 239), (88, 90), (146, 147), (61, 63), (164, 228), (173, 237), (60, 61), (98, 106), (157, 189), (90, 218), (88, 120), (165, 181), (181, 189), (144, 146), (89, 91), (155, 219), (239, 255), (2, 10), (91, 219), (45, 173), (63, 191), (130, 162), (162, 166), (180, 181), (2, 34), (164, 166), (147, 211), (85, 117), (173, 175), (98, 114), (218, 222), (130, 146), (157, 221), (195, 211), (175, 239)}
Obj: 29325

