Log for instance aco_tuning_out/inst03.txt.

Used ({'tau0': 4.324890613407541e-06, 'xi': 0.12290267674013398, 'q0': 0.47304418264323866, 'alpha': 0.9643516325370455, 'beta': 0.8937714391186662, 'rho': 0.17837160642396882, 'ants': 18}) and found best instance after 276.078125 seconds.
E1: {(76, 92), (232, 236), (210, 242), (155, 187), (211, 219), (12, 13), (13, 45), (147, 155), (133, 135), (210, 211), (39, 167), (36, 37), (206, 207), (37, 45), (54, 55), (76, 204), (240, 242), (45, 61), (202, 206), (65, 97), (220, 221), (194, 202), (12, 76), (20, 28), (133, 149), (97, 101), (9, 13), (204, 206), (167, 175), (97, 113), (53, 55), (135, 167), (24, 28), (37, 53), (55, 119), (147, 211), (204, 236), (194, 210), (228, 236), (57, 61), (28, 92), (37, 101), (39, 55), (92, 220), (195, 211), (68, 76)}
E2: {(192, 194), (177, 181), (32, 34), (132, 164), (32, 40), (98, 226), (107, 235), (43, 107), (13, 45), (5, 13), (181, 245), (164, 180), (216, 218), (34, 98), (157, 159), (132, 133), (160, 164), (45, 61), (32, 36), (1, 33), (154, 218), (180, 182), (61, 63), (32, 48), (0, 1), (133, 149), (194, 226), (9, 13), (1, 5), (149, 157), (1, 17), (32, 160), (137, 201), (166, 182), (180, 181), (98, 99), (194, 198), (133, 197), (107, 111), (99, 107), (194, 210), (164, 172), (98, 114), (5, 133), (107, 123), (218, 222), (9, 137), (210, 218), (13, 15), (150, 182)}
Obj: 29040

