Log for instance aco_tuning_out/inst27.txt.

Used ({'tau0': 9.493726088905091e-06, 'xi': 0.11484843759454823, 'q0': 0.6111218433796399, 'alpha': 1.5748339874818995, 'beta': 1.6004495863491173, 'rho': 0.40117280761880736, 'ants': 26}) and found best instance after 12.796875 seconds.
E1: {(154, 158), (156, 158), (43, 107), (206, 238), (44, 60), (87, 95), (114, 115), (114, 118), (27, 31), (132, 148), (30, 158), (148, 156), (249, 251), (76, 204), (224, 228), (116, 118), (12, 76), (29, 31), (221, 253), (31, 95), (142, 158), (39, 47), (114, 242), (10, 14), (187, 251), (2, 10), (213, 215), (213, 221), (47, 111), (54, 118), (76, 78), (249, 253), (47, 63), (2, 34), (158, 190), (107, 111), (226, 242), (23, 87), (14, 78), (113, 115), (87, 215), (14, 142), (144, 148), (78, 206), (2, 3), (242, 250), (36, 44), (12, 44), (30, 31), (31, 63), (224, 226), (250, 251), (209, 213)}
E2: {(105, 107), (15, 143), (108, 109), (220, 222), (118, 119), (12, 13), (4, 12), (4, 6), (176, 240), (97, 105), (242, 243), (114, 118), (186, 250), (142, 174), (253, 255), (158, 222), (30, 158), (166, 174), (240, 242), (109, 125), (96, 97), (202, 206), (105, 109), (206, 222), (220, 221), (58, 186), (142, 143), (12, 76), (151, 159), (32, 48), (221, 253), (147, 151), (41, 57), (216, 220), (142, 158), (97, 101), (143, 159), (114, 242), (10, 14), (76, 78), (144, 176), (32, 96), (13, 141), (41, 105), (107, 111), (76, 108), (226, 242), (98, 114), (78, 206), (107, 123), (14, 142), (242, 250), (96, 98)}
Obj: 30123

