Log for instance aco_tuning_out/inst24.txt.

Used ({'tau_0': 3.151708497185101e-06, 'xi': 0.05632693656731169, 'q0': 0.5279577748463967, 'alpha': 0.47226881213046684, 'beta': 1.430973702133798, 'rho': 0.06294574331706608, 'ants': 24}) and found best instance after 255.75 seconds.
E1: {(76, 92), (42, 106), (15, 143), (58, 59), (243, 251), (12, 13), (13, 45), (0, 2), (128, 160), (176, 240), (252, 253), (2, 130), (251, 255), (253, 255), (7, 71), (10, 42), (154, 218), (128, 144), (90, 218), (12, 76), (221, 253), (14, 15), (191, 255), (57, 59), (143, 159), (10, 14), (2, 10), (235, 251), (144, 176), (13, 141), (7, 15), (139, 143), (2, 34), (218, 250), (76, 108), (141, 143), (42, 58), (190, 191), (40, 42), (43, 59), (0, 128), (159, 191), (250, 251)}
E2: {(183, 191), (42, 106), (98, 226), (237, 253), (0, 2), (146, 178), (187, 191), (34, 98), (253, 255), (53, 181), (88, 90), (146, 147), (10, 42), (128, 144), (21, 85), (181, 183), (90, 218), (221, 253), (191, 255), (88, 120), (165, 181), (144, 146), (5, 21), (2, 10), (166, 167), (230, 231), (74, 90), (199, 231), (63, 191), (88, 89), (226, 230), (56, 60), (175, 191), (180, 181), (2, 34), (228, 230), (98, 114), (218, 222), (0, 128), (167, 183), (195, 199), (10, 74), (166, 230), (21, 53), (56, 120)}
Obj: 24930

