Log for instance aco_tuning_out/inst18.txt.

Used ({'tau_0': 2.693231228771534e-06, 'xi': 0.06741045013783678, 'q0': 0.34341334065428447, 'alpha': 1.6251653731737596, 'beta': 0.8948148014172467, 'rho': 0.1267448319977672, 'ants': 32}) and found best instance after 286.640625 seconds.
E1: {(82, 90), (35, 39), (50, 58), (87, 95), (2, 66), (1, 3), (1, 9), (34, 162), (110, 111), (62, 126), (85, 213), (45, 61), (146, 150), (110, 126), (238, 254), (50, 54), (146, 147), (209, 213), (35, 99), (61, 63), (201, 217), (80, 82), (31, 95), (22, 150), (31, 159), (1, 5), (29, 61), (85, 87), (213, 215), (110, 238), (31, 63), (209, 217), (2, 34), (213, 245), (46, 110), (197, 213), (34, 35), (57, 61), (2, 3), (2, 6), (252, 254), (66, 82), (62, 63), (34, 50), (22, 54), (160, 162), (54, 62)}
E2: {(168, 172), (160, 168), (146, 154), (108, 109), (168, 184), (60, 62), (101, 109), (112, 240), (2, 66), (252, 253), (1, 3), (1, 9), (8, 24), (78, 110), (34, 162), (30, 158), (62, 126), (168, 232), (50, 51), (146, 150), (110, 126), (238, 254), (50, 54), (245, 253), (221, 253), (22, 86), (142, 158), (22, 150), (112, 114), (40, 168), (8, 72), (1, 5), (121, 123), (80, 112), (110, 238), (89, 121), (146, 210), (108, 110), (162, 163), (50, 114), (2, 34), (22, 30), (112, 113), (113, 121), (2, 3), (252, 254), (34, 50), (22, 54), (160, 162), (54, 62), (8, 40)}
Obj: 26705

