Log for instance aco_tuning_out/inst21.txt.

Used ({'tau_0': 8.990632486830376e-06, 'xi': 0.09595706500151588, 'q0': 0.4417965567940394, 'alpha': 1.6457162341639056, 'beta': 1.8792939670585154, 'rho': 0.14228615039412212, 'ants': 30}) and found best instance after 65.65625 seconds.
E1: {(166, 175), (38, 200), (171, 177), (66, 228), (29, 32), (29, 38), (66, 75), (135, 153), (175, 229), (67, 229), (98, 152), (223, 232), (72, 75), (171, 173), (173, 176), (95, 98), (173, 182), (173, 200), (175, 176), (14, 176), (64, 67), (229, 232), (45, 72), (72, 153), (66, 67), (95, 176)}
E2: {(72, 73), (123, 204), (87, 141), (87, 89), (29, 32), (199, 205), (135, 141), (234, 236), (236, 239), (75, 78), (72, 234), (195, 204), (57, 75), (185, 239), (223, 232), (72, 75), (28, 109), (156, 157), (182, 185), (150, 159), (25, 52), (141, 159), (57, 59), (28, 29), (205, 214), (109, 118), (75, 156), (123, 150), (3, 57), (64, 73), (91, 118), (156, 159), (205, 232), (211, 214), (150, 152), (45, 72), (199, 200), (120, 123), (0, 3), (204, 205), (118, 199), (43, 205), (52, 214)}
Obj: 28813

